0 0.278846 0.852163 0.038462 0.016827
0 0.514423 0.555288 0.038462 0.014423
0 0.692308 0.537260 0.028846 0.012019
0 0.694712 0.554087 0.024038 0.012019
0 0.691106 0.568510 0.026442 0.012019
0 0.695913 0.652644 0.026442 0.012019
0 0.695913 0.639423 0.026442 0.014423
0 0.692308 0.626202 0.033654 0.012019
0 0.692308 0.614183 0.033654 0.016827
0 0.695913 0.665865 0.026442 0.014423
0 0.693510 0.600962 0.031250 0.014423
0 0.616587 0.723558 0.031250 0.014423
0 0.945913 0.866587 0.021635 0.084135
0 0.617788 0.737981 0.033654 0.014423
0 0.695913 0.679087 0.031250 0.012019
