0 0.790625 0.354687 0.015625 0.025000
0 0.693750 0.354687 0.015625 0.025000
0 0.671875 0.355469 0.015625 0.023438
0 0.668750 0.376563 0.015625 0.028125
0 0.629687 0.311719 0.021875 0.023438
0 0.528125 0.280469 0.043750 0.014063
0 0.518750 0.296875 0.025000 0.015625
0 0.521094 0.309375 0.029687 0.021875
0 0.528125 0.433594 0.021875 0.026562
0 0.581250 0.715625 0.018750 0.021875
0 0.589844 0.762500 0.014063 0.018750
0 0.577344 0.785937 0.014063 0.021875
0 0.589063 0.785937 0.012500 0.021875
0 0.604688 0.787500 0.012500 0.018750
0 0.628125 0.784375 0.009375 0.021875
0 0.665625 0.825000 0.015625 0.021875
0 0.628125 0.828125 0.018750 0.021875
0 0.605469 0.829688 0.017188 0.021875
0 0.656250 0.849219 0.009375 0.020313
0 0.643750 0.846875 0.012500 0.018750
0 0.629687 0.846875 0.009375 0.021875
0 0.592969 0.850000 0.010937 0.015625
0 0.575000 0.852344 0.018750 0.023438
0 0.580469 0.893750 0.014063 0.018750
0 0.631250 0.893750 0.018750 0.021875
0 0.646094 0.893750 0.007812 0.018750
0 0.655469 0.896875 0.010937 0.018750
0 0.692969 0.893750 0.014063 0.021875
0 0.668750 0.914844 0.015625 0.017188
0 0.620313 0.915625 0.015625 0.015625
0 0.605469 0.912500 0.014063 0.021875
0 0.580469 0.915625 0.017188 0.025000
0 0.596875 0.959375 0.015625 0.021875
0 0.139063 0.990625 0.025000 0.009375
0 0.142969 0.978125 0.026562 0.009375
0 0.143750 0.968750 0.031250 0.009375
0 0.143750 0.956250 0.031250 0.009375
0 0.139063 0.950000 0.025000 0.009375
0 0.142969 0.940625 0.020313 0.012500
0 0.139063 0.930469 0.025000 0.007812
0 0.140625 0.923438 0.021875 0.009375
0 0.139063 0.912500 0.025000 0.009375
