0 0.462500 0.006250 0.034375 0.009375
0 0.490625 0.018750 0.034375 0.015625
0 0.453125 0.074219 0.021875 0.017188
0 0.490625 0.071875 0.028125 0.015625
0 0.500000 0.084375 0.034375 0.015625
0 0.528125 0.152344 0.034375 0.017188
0 0.605469 0.046875 0.039062 0.015625
0 0.609375 0.058594 0.034375 0.014063
0 0.615625 0.068750 0.028125 0.012500
0 0.621875 0.080469 0.031250 0.010937
0 0.624219 0.089063 0.026562 0.012500
0 0.631250 0.100000 0.031250 0.018750
0 0.850000 0.412500 0.025000 0.015625
0 0.859375 0.424219 0.028125 0.014063
0 0.867188 0.434375 0.028125 0.015625
0 0.815625 0.452344 0.021875 0.023438
0 0.846875 0.523438 0.021875 0.031250
0 0.832812 0.489844 0.028125 0.039062
