0 0.138221 0.275240 0.040865 0.026442
0 0.312500 0.903846 0.038462 0.038462
0 0.283654 0.906250 0.028846 0.024038
0 0.264423 0.933894 0.038462 0.031250
0 0.245192 0.944712 0.028846 0.028846
0 0.429087 0.850962 0.036058 0.028846
0 0.506010 0.772837 0.031250 0.021635
0 0.527644 0.764423 0.031250 0.024038
0 0.544471 0.754808 0.036058 0.024038
0 0.897837 0.741587 0.036058 0.026442
0 0.927885 0.695913 0.028846 0.026442
0 0.986779 0.645433 0.026442 0.026442
0 0.929087 0.322115 0.031250 0.028846
0 0.503606 0.206731 0.031250 0.024038
0 0.477163 0.193510 0.031250 0.021635
0 0.480769 0.176683 0.038462 0.021635
0 0.442308 0.126202 0.033654 0.021635
0 0.438702 0.103365 0.031250 0.019231
0 0.418269 0.093750 0.038462 0.024038
0 0.328125 0.370192 0.040865 0.028846
0 0.710337 0.045673 0.040865 0.024038
0 0.443510 0.039663 0.031250 0.031250
0 0.506010 0.018029 0.031250 0.031250
0 0.084135 0.397837 0.033654 0.021635
0 0.100962 0.387019 0.033654 0.024038
0 0.757212 0.104567 0.038462 0.021635
0 0.760817 0.126202 0.040865 0.021635
0 0.771635 0.133413 0.038462 0.021635
0 0.778846 0.149038 0.043269 0.019231
