0 0.043750 0.112500 0.025000 0.012500
0 0.062500 0.139063 0.025000 0.012500
0 0.068750 0.148438 0.028125 0.009375
0 0.071875 0.159375 0.034375 0.009375
0 0.081250 0.175000 0.025000 0.015625
0 0.086719 0.185938 0.023438 0.012500
0 0.089844 0.196094 0.026562 0.014063
0 0.096875 0.203125 0.025000 0.015625
0 0.100000 0.212500 0.025000 0.015625
0 0.112500 0.187500 0.028125 0.015625
0 0.125000 0.206250 0.025000 0.018750
0 0.107813 0.224219 0.025000 0.010937
0 0.128125 0.257812 0.034375 0.015625
0 0.131250 0.270313 0.025000 0.012500
0 0.134375 0.280469 0.025000 0.010937
0 0.140625 0.287500 0.025000 0.012500
0 0.142969 0.296875 0.023438 0.012500
0 0.150000 0.306250 0.031250 0.015625
0 0.014063 0.196875 0.025000 0.028125
0 0.009375 0.224219 0.015625 0.014063
0 0.028125 0.232813 0.034375 0.018750
0 0.028125 0.281250 0.028125 0.015625
0 0.033594 0.293750 0.026562 0.015625
0 0.059375 0.349219 0.028125 0.010937
0 0.309375 0.617188 0.018750 0.018750
0 0.333594 0.676562 0.023438 0.025000
0 0.552344 0.506250 0.023438 0.028125
0 0.337500 0.581250 0.028125 0.012500
0 0.346094 0.590625 0.026562 0.015625
0 0.352344 0.600000 0.023438 0.015625
0 0.324219 0.646875 0.029687 0.031250
