0 0.027644 0.115385 0.021635 0.024038
0 0.050481 0.116587 0.019231 0.026442
0 0.176683 0.062500 0.021635 0.024038
0 0.246394 0.078125 0.021635 0.021635
0 0.270433 0.100962 0.021635 0.028846
0 0.413462 0.099760 0.019231 0.031250
0 0.435096 0.131010 0.024038 0.026442
0 0.646635 0.092548 0.024038 0.021635
0 0.487981 0.413462 0.024038 0.028846
0 0.568510 0.429087 0.026442 0.026442
0 0.722356 0.443510 0.021635 0.026442
0 0.792067 0.443510 0.021635 0.026442
0 0.816106 0.455529 0.021635 0.026442
0 0.967548 0.475962 0.021635 0.033654
0 0.920673 0.512019 0.038462 0.024038
0 0.539663 0.578125 0.026442 0.036058
0 0.189904 0.532452 0.028846 0.016827
0 0.179087 0.623798 0.040865 0.021635
0 0.147837 0.679087 0.036058 0.016827
0 0.164663 0.694712 0.050481 0.014423
0 0.157452 0.865385 0.045673 0.019231
0 0.209135 0.927885 0.028846 0.024038
0 0.207933 0.956731 0.031250 0.024038
0 0.382212 0.850962 0.024038 0.028846
0 0.615385 0.911058 0.038462 0.019231
0 0.659856 0.865385 0.021635 0.033654
0 0.683894 0.866587 0.021635 0.045673
0 0.772837 0.872596 0.021635 0.024038
0 0.430288 0.929087 0.043269 0.021635
0 0.384615 0.983173 0.024038 0.033654
0 0.570913 0.987981 0.021635 0.024038
0 0.676683 0.987981 0.026442 0.024038
0 0.037260 0.013221 0.040865 0.021635
0 0.168269 0.546875 0.028846 0.016827
0 0.403846 0.985577 0.019231 0.028846
0 0.899038 0.991587 0.024038 0.016827
0 0.715144 0.584135 0.016827 0.028846
0 0.698317 0.596154 0.016827 0.028846
0 0.514423 0.602163 0.024038 0.031250
