0 0.086719 0.807813 0.026562 0.018750
0 0.181250 0.725000 0.025000 0.015625
0 0.196875 0.732031 0.021875 0.014063
0 0.252344 0.678906 0.026562 0.017188
0 0.253125 0.695312 0.028125 0.018750
0 0.270313 0.646875 0.025000 0.015625
0 0.375000 0.597656 0.025000 0.017188
0 0.494531 0.538281 0.023438 0.014063
0 0.625781 0.500781 0.029687 0.014063
0 0.714844 0.478906 0.026562 0.017188
0 0.564063 0.557031 0.025000 0.010937
0 0.765625 0.096094 0.015625 0.026562
0 0.026562 0.086719 0.012500 0.023438
0 0.051562 0.136719 0.018750 0.017188
0 0.075781 0.138281 0.014063 0.023438
0 0.123438 0.145313 0.012500 0.018750
0 0.142187 0.149219 0.012500 0.017188
0 0.217188 0.159375 0.018750 0.009375
0 0.239063 0.162500 0.025000 0.009375
0 0.273438 0.166406 0.025000 0.014063
0 0.301563 0.172656 0.025000 0.017188
0 0.329688 0.177344 0.018750 0.014063
0 0.355469 0.182812 0.020313 0.012500
0 0.382812 0.186719 0.021875 0.010937
0 0.442188 0.195312 0.031250 0.018750
0 0.470313 0.203906 0.025000 0.010937
0 0.496094 0.206250 0.023438 0.015625
0 0.524219 0.210156 0.029687 0.017188
