0 0.167969 0.092188 0.032813 0.018750
0 0.150000 0.120313 0.025000 0.012500
0 0.148438 0.134375 0.025000 0.015625
0 0.068750 0.139844 0.021875 0.017188
0 0.053125 0.176563 0.034375 0.021875
0 0.112500 0.164062 0.018750 0.009375
0 0.452344 0.104688 0.023438 0.018750
0 0.421094 0.187500 0.029687 0.012500
0 0.415625 0.196875 0.025000 0.012500
0 0.406250 0.264844 0.025000 0.014063
0 0.355469 0.296875 0.023438 0.012500
0 0.358594 0.304688 0.026562 0.015625
0 0.427344 0.352344 0.020313 0.023438
0 0.527344 0.314844 0.017188 0.020313
0 0.546094 0.321875 0.017188 0.021875
0 0.506250 0.364844 0.012500 0.020313
0 0.525000 0.368750 0.015625 0.018750
0 0.571094 0.371875 0.014063 0.021875
0 0.581250 0.374219 0.012500 0.020313
0 0.596875 0.374219 0.015625 0.023438
0 0.618750 0.376563 0.015625 0.025000
0 0.712500 0.330469 0.028125 0.010937
0 0.799219 0.589063 0.023438 0.012500
0 0.796875 0.599219 0.028125 0.014063
0 0.787500 0.615625 0.028125 0.009375
0 0.725000 0.621094 0.028125 0.014063
0 0.706250 0.678125 0.025000 0.009375
0 0.742969 0.728125 0.026562 0.018750
0 0.731250 0.737500 0.021875 0.018750
0 0.721875 0.742188 0.021875 0.015625
0 0.706250 0.755469 0.018750 0.023438
0 0.696875 0.759375 0.015625 0.021875
0 0.684375 0.765625 0.018750 0.021875
0 0.675000 0.770312 0.018750 0.025000
0 0.662500 0.775000 0.021875 0.025000
0 0.600000 0.735938 0.021875 0.012500
0 0.589844 0.782813 0.010937 0.018750
0 0.575000 0.781250 0.015625 0.021875
0 0.553125 0.780469 0.018750 0.020313
0 0.480469 0.773438 0.020313 0.021875
0 0.499219 0.724219 0.017188 0.023438
0 0.487500 0.725000 0.012500 0.015625
0 0.474219 0.725000 0.014063 0.018750
0 0.459375 0.721875 0.009375 0.018750
0 0.415625 0.711719 0.015625 0.017188
0 0.401562 0.710938 0.015625 0.021875
0 0.384375 0.708594 0.015625 0.017188
0 0.403125 0.761719 0.018750 0.023438
0 0.317969 0.681250 0.017188 0.021875
0 0.293750 0.674219 0.018750 0.017188
0 0.276562 0.668750 0.015625 0.018750
0 0.262500 0.660937 0.015625 0.021875
0 0.249219 0.656250 0.017188 0.021875
0 0.193750 0.636719 0.018750 0.023438
0 0.174219 0.630469 0.017188 0.023438
0 0.156250 0.621875 0.015625 0.018750
0 0.130469 0.618750 0.017188 0.021875
0 0.114844 0.612500 0.017188 0.015625
0 0.096875 0.603125 0.021875 0.018750
0 0.085938 0.595313 0.025000 0.021875
0 0.073438 0.353125 0.031250 0.015625
0 0.050000 0.640625 0.015625 0.021875
0 0.062500 0.643750 0.015625 0.018750
0 0.074219 0.646875 0.014063 0.025000
0 0.096875 0.657813 0.015625 0.015625
0 0.109375 0.661719 0.018750 0.023438
0 0.127344 0.665625 0.017188 0.018750
0 0.146094 0.675000 0.020313 0.018750
0 0.165625 0.682813 0.021875 0.018750
0 0.181250 0.690625 0.015625 0.015625
0 0.203125 0.693750 0.018750 0.018750
0 0.224219 0.703125 0.023438 0.021875
0 0.321875 0.768750 0.025000 0.021875
0 0.314844 0.779687 0.020313 0.025000
0 0.301563 0.786719 0.028125 0.023438
0 0.168750 0.773438 0.021875 0.018750
0 0.156250 0.767188 0.018750 0.018750
0 0.134375 0.759375 0.025000 0.018750
0 0.081250 0.739844 0.021875 0.023438
0 0.042969 0.721875 0.023438 0.021875
0 0.029687 0.718750 0.021875 0.021875
0 0.017969 0.714844 0.017188 0.020313
0 0.006250 0.709375 0.009375 0.021875
0 0.135937 0.929688 0.025000 0.025000
0 0.962500 0.825000 0.018750 0.025000
