0 0.737500 0.471094 0.028125 0.032813
0 0.707812 0.403125 0.021875 0.025000
0 0.743750 0.364844 0.025000 0.017188
0 0.746875 0.376563 0.025000 0.012500
0 0.753125 0.384375 0.021875 0.015625
0 0.542969 0.078125 0.026562 0.012500
0 0.521875 0.028125 0.031250 0.018750
0 0.524219 0.040625 0.029687 0.009375
0 0.527344 0.050000 0.023438 0.015625
0 0.531250 0.059375 0.025000 0.012500
0 0.536719 0.068750 0.023438 0.009375
0 0.449219 0.124219 0.026562 0.017188
0 0.421875 0.062500 0.025000 0.015625
0 0.415625 0.050000 0.021875 0.015625
0 0.380469 0.053125 0.020313 0.025000
0 0.721094 0.439844 0.026562 0.029687
