0 0.512019 0.111779 0.038462 0.016827
0 0.701923 0.122596 0.038462 0.024038
0 0.116587 0.146635 0.026442 0.028846
0 0.155048 0.144231 0.021635 0.024038
0 0.163462 0.216346 0.024038 0.024038
0 0.241587 0.221154 0.026442 0.019231
0 0.278846 0.225962 0.024038 0.019231
0 0.239183 0.241587 0.021635 0.021635
0 0.021635 0.230769 0.019231 0.024038
0 0.043269 0.231971 0.024038 0.021635
0 0.009615 0.223558 0.014423 0.024038
0 0.038462 0.293269 0.019231 0.024038
0 0.075721 0.288462 0.021635 0.019231
0 0.200721 0.300481 0.021635 0.019231
0 0.608173 0.270433 0.024038 0.021635
0 0.663462 0.272837 0.019231 0.021635
0 0.681490 0.272837 0.016827 0.021635
0 0.698317 0.274038 0.016827 0.024038
0 0.719952 0.277644 0.016827 0.021635
0 0.737981 0.277644 0.019231 0.021635
0 0.584135 0.175481 0.019231 0.024038
0 0.569712 0.495192 0.028846 0.019231
0 0.615385 0.545673 0.019231 0.024038
0 0.691106 0.638221 0.016827 0.021635
0 0.835337 0.585337 0.036058 0.016827
0 0.881010 0.586538 0.026442 0.014423
0 0.694712 0.917067 0.019231 0.012019
0 0.694712 0.929087 0.024038 0.012019
0 0.725962 0.920673 0.028846 0.009615
0 0.727163 0.931490 0.026442 0.012019
0 0.728365 0.943510 0.028846 0.012019
0 0.019231 0.883413 0.028846 0.012019
0 0.015625 0.897837 0.021635 0.012019
0 0.013221 0.909856 0.021635 0.012019
0 0.013221 0.944712 0.021635 0.014423
0 0.092548 0.879808 0.021635 0.014423
0 0.123798 0.881010 0.026442 0.012019
0 0.088942 0.913462 0.028846 0.014423
0 0.085337 0.926683 0.026442 0.012019
0 0.117788 0.927885 0.028846 0.009615
0 0.087740 0.937500 0.031250 0.009615
0 0.200721 0.897837 0.040865 0.016827
0 0.194712 0.943510 0.028846 0.012019
0 0.100962 0.987981 0.033654 0.014423
0 0.024038 0.099760 0.043269 0.031250
0 0.170673 0.091346 0.043269 0.019231
0 0.400240 0.120192 0.045673 0.024038
