0 0.658594 0.671094 0.020313 0.014063
0 0.621094 0.774219 0.026562 0.020313
0 0.027344 0.761719 0.017188 0.023438
0 0.043750 0.834375 0.015625 0.015625
0 0.067969 0.840625 0.014063 0.021875
0 0.058594 0.846875 0.010937 0.015625
0 0.050000 0.854688 0.015625 0.021875
0 0.036719 0.843750 0.010937 0.021875
0 0.030469 0.850000 0.014063 0.018750
0 0.043750 0.864844 0.021875 0.020313
0 0.036719 0.870313 0.017188 0.018750
0 0.021094 0.856250 0.014063 0.018750
0 0.014063 0.862500 0.015625 0.018750
0 0.024219 0.880469 0.014063 0.014063
0 0.012500 0.887500 0.015625 0.015625
0 0.006250 0.893750 0.009375 0.018750
0 0.007031 0.868750 0.010937 0.018750
0 0.434375 0.434375 0.021875 0.018750
