0 0.377344 0.428125 0.029687 0.009375
0 0.142969 0.586719 0.020313 0.010937
0 0.027344 0.596094 0.023438 0.010937
0 0.143750 0.596094 0.021875 0.007812
0 0.140625 0.603125 0.021875 0.009375
0 0.140625 0.624219 0.021875 0.010937
0 0.139063 0.631250 0.018750 0.006250
0 0.140625 0.639062 0.018750 0.006250
0 0.142969 0.649219 0.020313 0.010937
0 0.143750 0.656250 0.021875 0.006250
0 0.142969 0.664844 0.020313 0.007812
0 0.145313 0.673438 0.025000 0.009375
0 0.093750 0.703125 0.021875 0.009375
0 0.093750 0.712500 0.021875 0.006250
0 0.304688 0.796875 0.018750 0.056250
0 0.167969 0.246094 0.017188 0.026562
