0 0.034375 0.342969 0.012500 0.017188
0 0.799219 0.073438 0.023438 0.015625
0 0.680469 0.109375 0.014063 0.018750
0 0.659375 0.112500 0.012500 0.015625
0 0.724219 0.115625 0.023438 0.009375
0 0.689844 0.153125 0.010937 0.018750
0 0.421875 0.327344 0.018750 0.023438
0 0.487500 0.361719 0.015625 0.017188
0 0.511719 0.364063 0.010937 0.021875
0 0.461719 0.534375 0.029687 0.012500
0 0.553125 0.768750 0.034375 0.012500
0 0.549219 0.783594 0.026562 0.010937
0 0.640625 0.728125 0.025000 0.009375
0 0.806250 0.884375 0.021875 0.025000
0 0.902344 0.655469 0.023438 0.014063
