0 0.800000 0.414062 0.025000 0.028125
0 0.783594 0.431250 0.029687 0.025000
0 0.303125 0.814063 0.025000 0.021875
0 0.251563 0.854688 0.025000 0.018750
0 0.242969 0.865625 0.023438 0.015625
0 0.233594 0.873437 0.026562 0.018750
0 0.225000 0.879687 0.028125 0.025000
0 0.212500 0.887500 0.028125 0.021875
0 0.200000 0.894531 0.025000 0.020313
0 0.192188 0.901563 0.028125 0.018750
0 0.181250 0.909375 0.028125 0.018750
0 0.174219 0.919531 0.026562 0.020313
0 0.163281 0.930469 0.029687 0.017188
0 0.152344 0.935156 0.026562 0.020313
0 0.142969 0.942969 0.029687 0.017188
0 0.132031 0.952344 0.026562 0.017188
0 0.121875 0.957812 0.028125 0.021875
0 0.115625 0.967969 0.025000 0.020313
0 0.100000 0.975000 0.021875 0.015625
0 0.342969 0.889062 0.023438 0.021875
0 0.332813 0.899219 0.018750 0.023438
0 0.321094 0.903125 0.017188 0.018750
0 0.313281 0.914844 0.020313 0.023438
0 0.301563 0.924219 0.018750 0.020313
0 0.296094 0.934375 0.020313 0.025000
0 0.285938 0.941406 0.018750 0.023438
0 0.276562 0.947656 0.015625 0.020313
0 0.266406 0.959375 0.020313 0.021875
0 0.253906 0.965625 0.020313 0.021875
0 0.244531 0.972656 0.020313 0.020313
0 0.235156 0.982031 0.020313 0.020313
0 0.225000 0.987500 0.021875 0.018750
0 0.216406 0.992969 0.017188 0.014063
0 0.205469 0.996094 0.023438 0.007812
0 0.350000 0.911719 0.021875 0.020313
0 0.342969 0.919531 0.017188 0.020313
0 0.335156 0.928125 0.020313 0.018750
0 0.323437 0.939844 0.021875 0.020313
0 0.314844 0.950781 0.020313 0.017188
0 0.306250 0.956250 0.018750 0.018750
0 0.295312 0.961719 0.018750 0.017188
0 0.285938 0.970313 0.021875 0.018750
0 0.277344 0.980469 0.017188 0.017188
0 0.264844 0.987500 0.017188 0.015625
0 0.255469 0.992188 0.017188 0.015625
0 0.360156 0.935937 0.032813 0.021875
