0 0.035937 0.149219 0.018750 0.020313
0 0.003906 0.204687 0.004687 0.015625
0 0.005469 0.221875 0.007812 0.015625
0 0.319531 0.159375 0.017188 0.021875
0 0.280469 0.200781 0.014063 0.020313
0 0.298438 0.201563 0.012500 0.018750
0 0.319531 0.200781 0.014063 0.020313
0 0.300781 0.221875 0.014063 0.021875
0 0.393750 0.298438 0.012500 0.021875
0 0.315625 0.458594 0.012500 0.020313
0 0.271094 0.610938 0.023438 0.015625
0 0.046875 0.742188 0.028125 0.012500
0 0.181250 0.807813 0.025000 0.012500
0 0.090625 0.824219 0.021875 0.010937
0 0.101562 0.832812 0.025000 0.009375
0 0.449219 0.323437 0.020313 0.009375
0 0.446094 0.333594 0.020313 0.010937
0 0.446875 0.341406 0.021875 0.010937
0 0.447656 0.348438 0.017188 0.006250
0 0.447656 0.357031 0.020313 0.007812
0 0.446094 0.297656 0.020313 0.010937
0 0.444531 0.288281 0.020313 0.010937
0 0.444531 0.280469 0.020313 0.007812
0 0.443750 0.271875 0.018750 0.009375
0 0.444531 0.264844 0.020313 0.007812
0 0.446094 0.255469 0.020313 0.007812
0 0.445312 0.247656 0.021875 0.007812
0 0.448437 0.239844 0.025000 0.007812
0 0.448437 0.234375 0.025000 0.009375
0 0.444531 0.225000 0.023438 0.006250
0 0.492188 0.357812 0.018750 0.009375
0 0.493750 0.349219 0.015625 0.007812
0 0.494531 0.341406 0.014063 0.004687
0 0.492969 0.334375 0.017188 0.009375
0 0.493750 0.318750 0.015625 0.006250
0 0.494531 0.310937 0.017188 0.006250
0 0.492969 0.302344 0.017188 0.007812
0 0.510938 0.450000 0.018750 0.009375
0 0.549219 0.464062 0.023438 0.009375
0 0.550000 0.478906 0.021875 0.007812
0 0.547656 0.494531 0.023438 0.010937
0 0.550781 0.539062 0.023438 0.009375
0 0.572656 0.551562 0.014063 0.025000
0 0.596875 0.489063 0.009375 0.015625
0 0.607812 0.490625 0.012500 0.015625
0 0.618750 0.491406 0.012500 0.017188
0 0.629687 0.490625 0.009375 0.015625
0 0.639062 0.490625 0.009375 0.018750
0 0.648438 0.493750 0.009375 0.015625
0 0.658594 0.493750 0.010937 0.015625
0 0.669531 0.492969 0.010937 0.017188
0 0.679688 0.492188 0.009375 0.018750
0 0.690625 0.492969 0.012500 0.017188
0 0.675781 0.452344 0.014063 0.017188
0 0.689063 0.453906 0.012500 0.017188
0 0.700781 0.453906 0.010937 0.017188
0 0.609375 0.509375 0.009375 0.015625
0 0.639844 0.510156 0.014063 0.017188
0 0.652344 0.509375 0.010937 0.015625
0 0.807813 0.111719 0.012500 0.020313
0 0.818750 0.114062 0.009375 0.015625
0 0.819531 0.130469 0.010937 0.017188
0 0.830469 0.132031 0.010937 0.017188
0 0.851562 0.130469 0.012500 0.017188
0 0.882031 0.169531 0.010937 0.014063
0 0.850781 0.167969 0.010937 0.017188
0 0.839063 0.166406 0.009375 0.017188
0 0.826562 0.167187 0.009375 0.015625
0 0.807031 0.186719 0.010937 0.017188
0 0.820312 0.184375 0.009375 0.015625
0 0.830469 0.185156 0.010937 0.017188
0 0.851562 0.182812 0.009375 0.015625
0 0.863281 0.185156 0.010937 0.017188
0 0.810156 0.222656 0.010937 0.014063
0 0.821094 0.221094 0.010937 0.017188
0 0.840625 0.223438 0.009375 0.015625
0 0.852344 0.221094 0.010937 0.014063
0 0.862500 0.221094 0.009375 0.017188
0 0.871875 0.219531 0.009375 0.014063
0 0.904687 0.221875 0.012500 0.018750
0 0.883594 0.238281 0.010937 0.020313
0 0.853906 0.239063 0.010937 0.015625
0 0.833594 0.239844 0.010937 0.017188
0 0.811719 0.238281 0.010937 0.017188
0 0.812500 0.275000 0.012500 0.018750
0 0.823438 0.278125 0.009375 0.012500
0 0.815625 0.328125 0.012500 0.021875
0 0.825781 0.400000 0.017188 0.015625
0 0.753906 0.771875 0.014063 0.018750
0 0.775000 0.772656 0.012500 0.017188
