0 0.409375 0.389844 0.034375 0.017188
0 0.337500 0.765625 0.025000 0.065625
0 0.050000 0.562500 0.025000 0.009375
0 0.171875 0.550000 0.021875 0.009375
0 0.171875 0.559375 0.021875 0.006250
0 0.171875 0.568750 0.021875 0.006250
0 0.174219 0.589844 0.023438 0.010937
0 0.171875 0.596875 0.021875 0.009375
0 0.170313 0.607812 0.025000 0.006250
0 0.171094 0.614844 0.023438 0.007812
0 0.171875 0.623437 0.021875 0.006250
0 0.171875 0.629687 0.021875 0.009375
0 0.171875 0.640625 0.021875 0.006250
0 0.121875 0.668750 0.021875 0.009375
0 0.123438 0.680469 0.025000 0.007812
