0 0.814063 0.139063 0.025000 0.031250
0 0.949219 0.228906 0.029687 0.014063
0 0.757812 0.460156 0.025000 0.010937
0 0.764062 0.500000 0.028125 0.012500
0 0.759375 0.469531 0.021875 0.010937
0 0.748437 0.650000 0.025000 0.015625
0 0.747656 0.667969 0.026562 0.010937
0 0.745313 0.676562 0.031250 0.012500
0 0.743750 0.735156 0.028125 0.014063
0 0.909375 0.785937 0.028125 0.012500
0 0.729688 0.879687 0.028125 0.009375
0 0.735938 0.889062 0.028125 0.009375
0 0.731250 0.899219 0.028125 0.010937
0 0.727344 0.910156 0.029687 0.007812
