0 0.931250 0.017188 0.009375 0.021875
0 0.974219 0.025000 0.014063 0.021875
0 0.614062 0.046875 0.025000 0.012500
0 0.611719 0.064844 0.020313 0.014063
0 0.660937 0.096875 0.021875 0.018750
0 0.542969 0.058594 0.026562 0.023438
0 0.496094 0.078125 0.017188 0.021875
0 0.478125 0.096875 0.021875 0.021875
0 0.674219 0.170313 0.026562 0.021875
0 0.665625 0.179688 0.021875 0.021875
0 0.659375 0.193750 0.025000 0.021875
0 0.627344 0.224219 0.020313 0.017188
0 0.499219 0.206250 0.032813 0.018750
0 0.396875 0.146875 0.031250 0.015625
0 0.371094 0.105469 0.017188 0.026562
0 0.273438 0.115625 0.031250 0.018750
0 0.358594 0.165625 0.014063 0.025000
0 0.345313 0.162500 0.012500 0.018750
0 0.268750 0.159375 0.018750 0.021875
0 0.215625 0.161719 0.018750 0.023438
0 0.149219 0.214844 0.017188 0.023438
0 0.181250 0.252344 0.025000 0.010937
0 0.184375 0.275000 0.025000 0.009375
0 0.184375 0.283594 0.028125 0.010937
0 0.179688 0.309375 0.037500 0.015625
0 0.178125 0.340625 0.025000 0.015625
0 0.503125 0.250000 0.025000 0.015625
0 0.517969 0.262500 0.023438 0.015625
0 0.523438 0.293750 0.028125 0.015625
0 0.509375 0.365625 0.025000 0.015625
0 0.506250 0.389844 0.021875 0.014063
0 0.493750 0.433594 0.031250 0.014063
0 0.486719 0.456250 0.020313 0.009375
0 0.596875 0.340625 0.018750 0.009375
0 0.589844 0.403125 0.023438 0.009375
0 0.589844 0.436719 0.029687 0.014063
0 0.859375 0.453125 0.021875 0.025000
0 0.849219 0.462500 0.020313 0.021875
0 0.825000 0.481250 0.018750 0.025000
0 0.765625 0.532813 0.028125 0.015625
0 0.782813 0.493750 0.021875 0.021875
0 0.964063 0.496875 0.034375 0.021875
0 0.943750 0.465625 0.025000 0.025000
0 0.990625 0.557813 0.018750 0.018750
0 0.779687 0.554688 0.025000 0.015625
0 0.778125 0.537500 0.021875 0.018750
0 0.806250 0.586719 0.025000 0.014063
0 0.806250 0.596875 0.025000 0.012500
0 0.821875 0.605469 0.028125 0.020313
0 0.506250 0.592969 0.028125 0.020313
0 0.578125 0.652344 0.031250 0.023438
0 0.171875 0.512500 0.028125 0.012500
0 0.125000 0.630469 0.031250 0.017188
0 0.117188 0.735938 0.025000 0.018750
0 0.556250 0.760938 0.031250 0.028125
0 0.555469 0.728125 0.020313 0.018750
0 0.689063 0.721094 0.031250 0.026562
0 0.543750 0.734375 0.025000 0.018750
0 0.465625 0.807813 0.028125 0.021875
0 0.387500 0.828125 0.034375 0.025000
0 0.368750 0.846094 0.028125 0.020313
0 0.311719 0.890625 0.023438 0.018750
0 0.306250 0.900000 0.025000 0.018750
0 0.453125 0.968750 0.034375 0.025000
0 0.850000 0.968750 0.021875 0.018750
0 0.837500 0.978125 0.021875 0.018750
0 0.821875 0.983594 0.025000 0.017188
0 0.056250 0.791406 0.025000 0.020313
0 0.079687 0.767969 0.025000 0.023438
0 0.089844 0.758594 0.026562 0.020313
0 0.550000 0.821094 0.025000 0.020313
0 0.571094 0.796094 0.023438 0.023438
0 0.609375 0.246875 0.025000 0.018750
