0 0.899219 0.302344 0.020313 0.029687
0 0.957812 0.309375 0.015625 0.028125
0 0.935937 0.724219 0.012500 0.023438
0 0.950781 0.727344 0.014063 0.023438
0 0.898438 0.835156 0.015625 0.026562
0 0.884375 0.845313 0.015625 0.025000
0 0.878125 0.700781 0.012500 0.023438
0 0.864844 0.696875 0.014063 0.021875
0 0.846875 0.698438 0.015625 0.025000
0 0.799219 0.700000 0.014063 0.021875
0 0.784375 0.699219 0.012500 0.020313
0 0.755469 0.703125 0.014063 0.021875
0 0.716406 0.718750 0.026562 0.015625
0 0.716406 0.781250 0.026562 0.015625
0 0.703906 0.821094 0.023438 0.014063
0 0.762500 0.839844 0.015625 0.023438
0 0.776563 0.840625 0.018750 0.028125
0 0.803125 0.846875 0.018750 0.021875
0 0.489063 0.724219 0.025000 0.014063
0 0.479687 0.747656 0.031250 0.014063
0 0.479687 0.805469 0.025000 0.014063
0 0.442969 0.693750 0.017188 0.018750
0 0.352344 0.701562 0.020313 0.028125
0 0.312500 0.703125 0.015625 0.025000
0 0.299219 0.696875 0.014063 0.018750
0 0.192188 0.705469 0.012500 0.017188
0 0.202344 0.710938 0.020313 0.025000
0 0.125000 0.676562 0.018750 0.018750
0 0.090625 0.664844 0.015625 0.020313
0 0.156250 0.690625 0.018750 0.021875
0 0.429688 0.837500 0.012500 0.025000
0 0.415625 0.835156 0.015625 0.023438
0 0.399219 0.841406 0.010937 0.020313
0 0.386719 0.839844 0.014063 0.020313
0 0.353906 0.817187 0.017188 0.025000
0 0.338281 0.815625 0.014063 0.021875
0 0.307031 0.831250 0.017188 0.025000
0 0.221094 0.776563 0.020313 0.028125
0 0.164844 0.770312 0.017188 0.025000
0 0.154688 0.791406 0.012500 0.020313
0 0.125000 0.781250 0.018750 0.025000
0 0.085156 0.767969 0.020313 0.017188
0 0.096094 0.773438 0.020313 0.018750
