0 0.146635 0.221154 0.043269 0.014423
0 0.302885 0.224760 0.038462 0.021635
0 0.599760 0.240385 0.040865 0.019231
0 0.646635 0.241587 0.033654 0.016827
0 0.679087 0.771635 0.021635 0.028846
0 0.706731 0.879808 0.019231 0.038462
0 0.272837 0.314904 0.021635 0.033654
0 0.332933 0.318510 0.021635 0.036058
0 0.349760 0.318510 0.021635 0.036058
0 0.381010 0.318510 0.021635 0.026442
0 0.693510 0.240385 0.045673 0.024038
0 0.162260 0.600962 0.040865 0.019231
0 0.350962 0.224760 0.043269 0.021635
0 0.292067 0.319712 0.016827 0.028846
0 0.311298 0.319712 0.021635 0.028846
0 0.913462 0.110577 0.038462 0.019231
0 0.909856 0.127404 0.036058 0.014423
0 0.903846 0.211538 0.038462 0.019231
0 0.989183 0.133413 0.021635 0.012019
0 0.990385 0.157452 0.019231 0.012019
0 0.990385 0.174279 0.019231 0.016827
0 0.987981 0.215144 0.024038 0.012019
0 0.987981 0.229567 0.024038 0.016827
0 0.645433 0.882212 0.026442 0.038462
0 0.686298 0.882212 0.026442 0.033654
0 0.742788 0.878606 0.019231 0.036058
0 0.762019 0.879808 0.024038 0.033654
