0 0.160938 0.443750 0.025000 0.028125
0 0.081250 0.578125 0.028125 0.021875
0 0.275781 0.779687 0.023438 0.034375
0 0.275781 0.897656 0.017188 0.026562
0 0.375781 0.942969 0.020313 0.026562
0 0.717969 0.083594 0.020313 0.023438
0 0.724219 0.269531 0.023438 0.020313
0 0.692969 0.275781 0.020313 0.020313
0 0.696875 0.297656 0.018750 0.017188
0 0.695312 0.321875 0.015625 0.021875
0 0.675000 0.305469 0.018750 0.017188
0 0.677344 0.331250 0.020313 0.018750
0 0.630469 0.396875 0.026562 0.015625
0 0.843750 0.367188 0.034375 0.021875
0 0.918750 0.332813 0.031250 0.015625
0 0.922656 0.008594 0.014063 0.014063
0 0.936719 0.008594 0.014063 0.014063
0 0.971875 0.010156 0.015625 0.017188
0 0.994531 0.012500 0.010937 0.015625
0 0.885156 0.041406 0.010937 0.020313
0 0.900781 0.039062 0.010937 0.021875
0 0.964063 0.045312 0.012500 0.018750
0 0.978906 0.046875 0.010937 0.018750
0 0.940625 0.056250 0.012500 0.018750
0 0.962500 0.061719 0.012500 0.020313
0 0.984375 0.062500 0.009375 0.015625
0 0.917188 0.057813 0.012500 0.021875
0 0.906250 0.058594 0.006250 0.014063
0 0.895312 0.058594 0.012500 0.020313
0 0.875781 0.060937 0.010937 0.018750
0 0.858594 0.078906 0.014063 0.026562
0 0.881250 0.090625 0.015625 0.018750
0 0.896875 0.093750 0.012500 0.021875
0 0.914062 0.092969 0.012500 0.017188
0 0.938281 0.093750 0.010937 0.021875
0 0.948438 0.095312 0.009375 0.025000
0 0.958594 0.096094 0.007812 0.026562
0 0.970313 0.096875 0.012500 0.021875
0 0.981250 0.097656 0.012500 0.020313
0 0.991406 0.100000 0.017188 0.021875
0 0.853125 0.122656 0.021875 0.007812
0 0.853906 0.134375 0.020313 0.012500
0 0.854688 0.144531 0.021875 0.014063
0 0.853125 0.160938 0.021875 0.009375
0 0.851562 0.167969 0.021875 0.010937
0 0.850000 0.180469 0.021875 0.007812
0 0.849219 0.186719 0.023438 0.014063
0 0.850000 0.203125 0.025000 0.009375
0 0.848437 0.210938 0.025000 0.009375
0 0.846094 0.237500 0.026562 0.012500
0 0.846094 0.252344 0.020313 0.010937
0 0.842969 0.263281 0.026562 0.007812
0 0.844531 0.279687 0.017188 0.009375
0 0.856250 0.289844 0.015625 0.017188
0 0.869531 0.285938 0.014063 0.021875
0 0.885938 0.289844 0.015625 0.020313
0 0.891406 0.309375 0.017188 0.015625
0 0.917969 0.306250 0.017188 0.015625
0 0.915625 0.283594 0.012500 0.023438
0 0.927344 0.284375 0.014063 0.021875
0 0.939844 0.282813 0.010937 0.021875
0 0.951562 0.285938 0.012500 0.025000
0 0.964844 0.284375 0.010937 0.021875
0 0.976562 0.282813 0.009375 0.021875
0 0.983594 0.282031 0.014063 0.023438
0 0.995313 0.283594 0.009375 0.023438
0 0.886719 0.140625 0.010937 0.018750
0 0.897656 0.139063 0.010937 0.015625
0 0.908594 0.139844 0.010937 0.020313
0 0.918750 0.139844 0.012500 0.017188
0 0.934375 0.141406 0.012500 0.017188
0 0.985156 0.184375 0.014063 0.021875
0 0.982812 0.210938 0.012500 0.025000
0 0.962500 0.137500 0.025000 0.012500
0 0.962500 0.154688 0.018750 0.009375
0 0.964844 0.167187 0.023438 0.009375
0 0.963281 0.174219 0.020313 0.010937
0 0.889844 0.164844 0.020313 0.007812
0 0.891406 0.175000 0.020313 0.006250
0 0.887500 0.190625 0.018750 0.009375
0 0.889844 0.200781 0.017188 0.007812
0 0.889844 0.209375 0.020313 0.009375
0 0.903906 0.225000 0.010937 0.018750
0 0.915625 0.224219 0.012500 0.020313
0 0.928906 0.224219 0.014063 0.020313
0 0.942187 0.225781 0.012500 0.020313
0 0.952344 0.226562 0.010937 0.018750
