0 0.283594 0.027344 0.045312 0.023438
0 0.415625 0.315625 0.037500 0.018750
0 0.418750 0.339062 0.043750 0.015625
0 0.746875 0.464844 0.031250 0.039062
0 0.864062 0.583594 0.018750 0.023438
0 0.299219 0.814844 0.020313 0.023438
0 0.315625 0.817969 0.018750 0.020313
0 0.330469 0.818750 0.014063 0.021875
0 0.328125 0.861719 0.009375 0.023438
0 0.312500 0.861719 0.015625 0.023438
0 0.293750 0.855469 0.018750 0.020313
0 0.270313 0.859375 0.015625 0.025000
0 0.100000 0.971094 0.012500 0.017188
0 0.125000 0.967969 0.018750 0.023438
0 0.140625 0.967969 0.015625 0.026562
0 0.165625 0.985938 0.025000 0.028125
0 0.310937 0.757812 0.021875 0.018750
