0 0.475000 0.048438 0.018750 0.021875
0 0.646875 0.021875 0.015625 0.021875
0 0.658594 0.021094 0.014063 0.020313
0 0.662500 0.128125 0.012500 0.021875
0 0.784375 0.062500 0.009375 0.021875
0 0.739844 0.125000 0.014063 0.021875
0 0.753125 0.125000 0.012500 0.018750
0 0.753125 0.146094 0.012500 0.017188
0 0.659375 0.610938 0.021875 0.012500
0 0.721875 0.721875 0.025000 0.012500
0 0.796875 0.718750 0.025000 0.015625
0 0.843750 0.809375 0.021875 0.012500
0 0.856250 0.818750 0.021875 0.015625
0 0.946094 0.789844 0.026562 0.017188
0 0.584375 0.927344 0.025000 0.014063
0 0.606250 0.965625 0.025000 0.012500
0 0.714063 0.979688 0.021875 0.012500
0 0.792188 0.975000 0.025000 0.015625
0 0.028125 0.724219 0.018750 0.023438
