0 0.770433 0.013221 0.016827 0.021635
0 0.794471 0.013221 0.021635 0.021635
0 0.813702 0.021635 0.021635 0.028846
0 0.866587 0.038462 0.026442 0.024038
0 0.129808 0.397837 0.019231 0.026442
0 0.192308 0.397837 0.024038 0.026442
0 0.383413 0.400240 0.021635 0.026442
0 0.513221 0.413462 0.021635 0.033654
0 0.052885 0.489183 0.024038 0.040865
0 0.158654 0.503606 0.019231 0.026442
0 0.179087 0.497596 0.021635 0.038462
0 0.413462 0.502404 0.019231 0.033654
0 0.867788 0.418269 0.024038 0.024038
0 0.945913 0.429087 0.016827 0.026442
0 0.972356 0.429087 0.016827 0.026442
0 0.788462 0.536058 0.019231 0.028846
0 0.811298 0.526442 0.021635 0.028846
0 0.662260 0.962740 0.021635 0.026442
0 0.680288 0.963942 0.019231 0.028846
0 0.804087 0.949519 0.021635 0.024038
0 0.945913 0.906250 0.021635 0.024038
0 0.967548 0.907452 0.021635 0.031250
0 0.992788 0.538462 0.014423 0.028846
0 0.423077 0.991587 0.019231 0.016827
