0 0.277344 0.103906 0.017188 0.017188
0 0.262500 0.103125 0.012500 0.021875
0 0.250000 0.103125 0.015625 0.018750
0 0.235156 0.100781 0.014063 0.017188
0 0.224219 0.099219 0.020313 0.023438
0 0.181250 0.097656 0.015625 0.020313
0 0.148438 0.267969 0.025000 0.017188
0 0.183594 0.303125 0.017188 0.018750
0 0.572656 0.125781 0.010937 0.017188
0 0.586719 0.125781 0.014063 0.020313
0 0.671094 0.131250 0.014063 0.018750
0 0.694531 0.132031 0.017188 0.020313
0 0.887500 0.207031 0.018750 0.014063
0 0.887500 0.218750 0.025000 0.012500
0 0.817969 0.228125 0.026562 0.012500
0 0.817187 0.239844 0.025000 0.010937
0 0.239063 0.372656 0.012500 0.020313
0 0.249219 0.600000 0.023438 0.012500
0 0.274219 0.589844 0.023438 0.010937
0 0.273438 0.597656 0.025000 0.010937
0 0.275000 0.609375 0.025000 0.009375
0 0.250781 0.589063 0.023438 0.012500
0 0.192969 0.668750 0.023438 0.012500
0 0.210938 0.739062 0.025000 0.012500
0 0.267969 0.751563 0.032813 0.015625
0 0.186719 0.744531 0.026562 0.010937
0 0.183594 0.762500 0.023438 0.012500
0 0.181250 0.775781 0.025000 0.010937
0 0.206250 0.777344 0.028125 0.014063
0 0.265625 0.779687 0.025000 0.012500
0 0.129688 0.725781 0.025000 0.014063
0 0.128125 0.742969 0.025000 0.010937
0 0.128906 0.752344 0.026562 0.014063
0 0.681250 0.476562 0.012500 0.018750
0 0.618750 0.572656 0.021875 0.010937
0 0.617969 0.584375 0.020313 0.012500
0 0.615625 0.592969 0.025000 0.010937
0 0.605469 0.604688 0.023438 0.012500
0 0.604688 0.615625 0.025000 0.009375
0 0.600000 0.622656 0.021875 0.014063
0 0.664844 0.620313 0.026562 0.012500
0 0.662500 0.629687 0.021875 0.009375
0 0.679688 0.642188 0.018750 0.012500
0 0.656250 0.645312 0.021875 0.009375
0 0.652344 0.655469 0.023438 0.010937
0 0.646875 0.664062 0.028125 0.015625
0 0.560156 0.738281 0.014063 0.026562
0 0.632031 0.754687 0.014063 0.018750
0 0.661719 0.750781 0.014063 0.023438
0 0.932813 0.810937 0.018750 0.025000
0 0.946094 0.815625 0.017188 0.025000
0 0.960938 0.818750 0.018750 0.021875
0 0.439063 0.912500 0.015625 0.028125
0 0.421875 0.972656 0.015625 0.023438
