0 0.481250 0.263281 0.025000 0.010937
0 0.081250 0.301563 0.028125 0.012500
0 0.529687 0.017188 0.025000 0.015625
0 0.546875 0.078125 0.025000 0.018750
0 0.410156 0.078125 0.029687 0.015625
0 0.378125 0.064062 0.034375 0.015625
0 0.373437 0.048438 0.034375 0.015625
0 0.313281 0.032813 0.029687 0.015625
0 0.303125 0.007031 0.028125 0.010937
0 0.200000 0.007812 0.034375 0.009375
0 0.203125 0.018750 0.034375 0.012500
0 0.216406 0.060156 0.023438 0.010937
0 0.185156 0.066406 0.014063 0.017188
0 0.144531 0.007812 0.023438 0.012500
0 0.148438 0.036719 0.028125 0.010937
0 0.153906 0.052344 0.023438 0.010937
0 0.164062 0.078125 0.031250 0.009375
0 0.167187 0.087500 0.025000 0.012500
0 0.121094 0.013281 0.029687 0.010937
0 0.120313 0.020313 0.028125 0.009375
0 0.125000 0.028906 0.025000 0.010937
0 0.124219 0.039062 0.029687 0.009375
0 0.125781 0.047656 0.023438 0.010937
0 0.126562 0.057813 0.028125 0.012500
0 0.135156 0.067969 0.026562 0.010937
0 0.135937 0.191406 0.015625 0.020313
0 0.139844 0.220312 0.026562 0.012500
0 0.104688 0.139844 0.028125 0.010937
0 0.085156 0.152344 0.026562 0.010937
0 0.110937 0.127344 0.031250 0.010937
0 0.069531 0.118750 0.026562 0.012500
0 0.063281 0.107031 0.023438 0.010937
0 0.085156 0.087500 0.023438 0.015625
0 0.057031 0.071875 0.026562 0.009375
0 0.079687 0.070312 0.021875 0.012500
0 0.054688 0.061719 0.025000 0.007812
0 0.052344 0.054688 0.023438 0.009375
0 0.049219 0.044531 0.023438 0.007812
0 0.047656 0.038281 0.026562 0.007812
0 0.040625 0.028906 0.028125 0.007812
0 0.037500 0.019531 0.031250 0.007812
0 0.064062 0.017188 0.021875 0.009375
0 0.034375 0.007812 0.028125 0.009375
0 0.042969 0.214062 0.032813 0.012500
0 0.026562 0.152344 0.028125 0.010937
0 0.020313 0.136719 0.025000 0.010937
0 0.014844 0.121094 0.026562 0.014063
0 0.015625 0.109375 0.028125 0.009375
0 0.009375 0.085156 0.015625 0.010937
0 0.010156 0.075000 0.017188 0.012500
0 0.010156 0.090625 0.017188 0.009375
0 0.078906 0.058594 0.023438 0.010937
0 0.071094 0.041406 0.023438 0.010937
