0 0.380469 0.304688 0.020313 0.012500
0 0.381250 0.315625 0.021875 0.009375
0 0.460938 0.296875 0.018750 0.028125
0 0.589063 0.342969 0.012500 0.020313
0 0.409375 0.871094 0.012500 0.017188
0 0.421094 0.871094 0.014063 0.017188
0 0.426563 0.925000 0.018750 0.021875
0 0.653125 0.942969 0.015625 0.023438
0 0.478125 0.934375 0.015625 0.021875
0 0.462500 0.940625 0.009375 0.018750
0 0.452344 0.943750 0.010937 0.018750
0 0.440625 0.946875 0.009375 0.015625
0 0.668750 0.346094 0.009375 0.010937
0 0.557031 0.342187 0.017188 0.028125
0 0.494531 0.292187 0.020313 0.031250
0 0.961719 0.672656 0.017188 0.032813
