0 0.314844 0.385156 0.020313 0.020313
0 0.850000 0.083594 0.034375 0.010937
0 0.911719 0.083594 0.032813 0.017188
0 0.711719 0.423438 0.032813 0.018750
0 0.712500 0.434375 0.031250 0.018750
0 0.711719 0.471094 0.032813 0.017188
0 0.708594 0.481250 0.029687 0.015625
0 0.709375 0.492188 0.034375 0.018750
0 0.710938 0.503125 0.034375 0.018750
0 0.709375 0.517969 0.028125 0.020313
0 0.712500 0.552344 0.031250 0.017188
0 0.711719 0.565625 0.032813 0.018750
0 0.714844 0.823438 0.023438 0.025000
0 0.800000 0.831250 0.018750 0.025000
0 0.799219 0.909375 0.020313 0.025000
