0 0.143750 0.012500 0.015625 0.018750
0 0.453125 0.015625 0.015625 0.015625
0 0.384375 0.240625 0.015625 0.025000
0 0.468750 0.259375 0.015625 0.018750
0 0.421875 0.415625 0.021875 0.015625
0 0.054688 0.453125 0.021875 0.018750
0 0.115625 0.558594 0.021875 0.010937
0 0.184375 0.553125 0.028125 0.018750
0 0.256250 0.611719 0.018750 0.023438
0 0.267969 0.608594 0.020313 0.017188
0 0.228125 0.640625 0.021875 0.015625
0 0.324219 0.621875 0.023438 0.015625
0 0.178125 0.796094 0.025000 0.014063
0 0.203125 0.829688 0.025000 0.012500
0 0.105469 0.796875 0.026562 0.009375
0 0.121875 0.827344 0.021875 0.010937
0 0.006250 0.786719 0.009375 0.014063
0 0.018750 0.823438 0.025000 0.012500
0 0.921875 0.581250 0.015625 0.018750
0 0.943750 0.583594 0.012500 0.017188
0 0.870313 0.252344 0.009375 0.017188
0 0.859375 0.252344 0.009375 0.017188
0 0.846094 0.254688 0.014063 0.018750
0 0.861719 0.290625 0.010937 0.018750
0 0.849219 0.290625 0.010937 0.021875
0 0.837500 0.293750 0.006250 0.018750
0 0.827344 0.290625 0.010937 0.021875
0 0.817969 0.290625 0.010937 0.018750
0 0.805469 0.290625 0.010937 0.021875
0 0.795312 0.290625 0.006250 0.015625
0 0.784375 0.292187 0.009375 0.021875
0 0.775000 0.290625 0.012500 0.015625
0 0.764844 0.289844 0.010937 0.017188
0 0.775000 0.309375 0.015625 0.018750
0 0.805469 0.311719 0.010937 0.020313
0 0.815625 0.311719 0.015625 0.017188
0 0.742969 0.380469 0.023438 0.010937
0 0.709375 0.340625 0.025000 0.015625
0 0.734375 0.353125 0.018750 0.025000
0 0.709375 0.293750 0.028125 0.012500
0 0.711719 0.280469 0.020313 0.007812
0 0.711719 0.265625 0.020313 0.012500
0 0.670312 0.250000 0.025000 0.009375
0 0.606250 0.154688 0.018750 0.009375
0 0.606250 0.146875 0.021875 0.006250
0 0.606250 0.139063 0.021875 0.006250
0 0.609375 0.121875 0.025000 0.006250
0 0.606250 0.092969 0.021875 0.007812
0 0.606250 0.083594 0.025000 0.007812
0 0.605469 0.075000 0.023438 0.009375
0 0.606250 0.065625 0.025000 0.006250
0 0.606250 0.058594 0.025000 0.007812
0 0.606250 0.050000 0.021875 0.006250
0 0.608594 0.042188 0.014063 0.006250
0 0.603125 0.033594 0.015625 0.007812
0 0.602344 0.025000 0.017188 0.006250
0 0.603125 0.018750 0.012500 0.006250
0 0.653125 0.106250 0.015625 0.006250
0 0.653125 0.112500 0.015625 0.003125
0 0.653125 0.121094 0.018750 0.004687
0 0.652344 0.129688 0.020313 0.006250
0 0.655469 0.134375 0.017188 0.006250
0 0.656250 0.145313 0.018750 0.006250
0 0.653125 0.154688 0.018750 0.006250
0 0.656250 0.162500 0.018750 0.009375
