0 0.304087 0.407452 0.026442 0.031250
0 0.365385 0.401442 0.028846 0.028846
0 0.802885 0.570913 0.024038 0.021635
0 0.920673 0.503606 0.024038 0.021635
0 0.169471 0.680288 0.040865 0.019231
0 0.171875 0.647837 0.040865 0.016827
0 0.171875 0.631010 0.040865 0.016827
0 0.388221 0.560096 0.021635 0.024038
0 0.586538 0.979567 0.019231 0.021635
0 0.616587 0.979567 0.016827 0.021635
0 0.632212 0.983173 0.019231 0.024038
0 0.675481 0.984375 0.019231 0.021635
0 0.700721 0.985577 0.021635 0.024038
0 0.731971 0.984375 0.026442 0.021635
0 0.906250 0.413462 0.024038 0.028846
0 0.948317 0.514423 0.021635 0.024038
0 0.882212 0.685096 0.024038 0.024038
0 0.907452 0.699519 0.021635 0.024038
0 0.974760 0.469952 0.026442 0.021635
0 0.950721 0.418269 0.021635 0.024038
0 0.216346 0.985577 0.024038 0.028846
0 0.264423 0.986779 0.028846 0.026442
