0 0.421094 0.025000 0.023438 0.018750
0 0.509375 0.181250 0.025000 0.015625
0 0.509375 0.212500 0.018750 0.018750
0 0.517969 0.230469 0.020313 0.017188
0 0.496875 0.218750 0.018750 0.021875
0 0.490625 0.225000 0.015625 0.015625
0 0.506250 0.239063 0.018750 0.018750
0 0.478125 0.234375 0.018750 0.015625
0 0.493750 0.249219 0.025000 0.017188
0 0.468750 0.243750 0.018750 0.018750
0 0.485938 0.253125 0.021875 0.018750
0 0.461719 0.251563 0.017188 0.018750
0 0.475000 0.265625 0.025000 0.015625
0 0.450000 0.258594 0.021875 0.020313
0 0.468750 0.271875 0.025000 0.021875
0 0.434375 0.270313 0.021875 0.015625
0 0.446875 0.282813 0.021875 0.015625
0 0.421875 0.280469 0.025000 0.017188
0 0.440625 0.290625 0.018750 0.018750
0 0.415625 0.290625 0.025000 0.018750
0 0.433594 0.300000 0.020313 0.021875
0 0.423438 0.308594 0.021875 0.017188
0 0.407813 0.314063 0.025000 0.025000
0 0.311719 0.378125 0.020313 0.015625
0 0.303125 0.384375 0.021875 0.018750
0 0.296094 0.389844 0.017188 0.017188
0 0.287500 0.396094 0.018750 0.014063
0 0.282813 0.402344 0.015625 0.017188
0 0.275000 0.406250 0.018750 0.018750
0 0.267969 0.412500 0.017188 0.018750
0 0.259375 0.418750 0.021875 0.018750
0 0.254688 0.425000 0.018750 0.015625
0 0.246875 0.428125 0.015625 0.018750
0 0.240625 0.434375 0.018750 0.018750
0 0.234375 0.440625 0.018750 0.021875
0 0.225000 0.443750 0.015625 0.018750
0 0.218750 0.450000 0.015625 0.015625
0 0.210938 0.456250 0.021875 0.018750
0 0.206250 0.462500 0.018750 0.018750
0 0.196875 0.465625 0.021875 0.018750
0 0.189844 0.474219 0.020313 0.014063
0 0.183594 0.481250 0.020313 0.015625
0 0.178125 0.485938 0.018750 0.018750
0 0.170313 0.490625 0.015625 0.018750
0 0.162500 0.493750 0.018750 0.018750
0 0.156250 0.502344 0.018750 0.014063
0 0.150000 0.508594 0.018750 0.017188
0 0.140625 0.511719 0.021875 0.017188
0 0.134375 0.517969 0.018750 0.014063
0 0.128125 0.525000 0.021875 0.015625
0 0.123438 0.530469 0.018750 0.017188
0 0.114844 0.533594 0.014063 0.014063
0 0.107813 0.540625 0.018750 0.015625
0 0.100000 0.546875 0.018750 0.015625
0 0.096094 0.553125 0.017188 0.015625
0 0.086719 0.557813 0.020313 0.018750
0 0.078125 0.564063 0.015625 0.015625
0 0.071875 0.568750 0.015625 0.015625
0 0.062500 0.573438 0.018750 0.015625
0 0.056250 0.580469 0.031250 0.026562
0 0.115625 0.555469 0.021875 0.017188
0 0.148438 0.531250 0.021875 0.015625
0 0.196875 0.490625 0.021875 0.018750
0 0.298438 0.411719 0.018750 0.017188
0 0.339062 0.340625 0.015625 0.021875
0 0.346094 0.405469 0.017188 0.014063
0 0.362500 0.417969 0.021875 0.017188
0 0.340625 0.410938 0.015625 0.015625
0 0.356250 0.423438 0.018750 0.018750
0 0.333594 0.417969 0.026562 0.020313
0 0.349219 0.428125 0.020313 0.018750
0 0.325000 0.421875 0.018750 0.018750
0 0.340625 0.434375 0.018750 0.015625
0 0.315625 0.425000 0.015625 0.012500
0 0.312500 0.434375 0.015625 0.012500
0 0.305469 0.440625 0.020313 0.012500
0 0.296094 0.443750 0.017188 0.015625
0 0.292969 0.449219 0.017188 0.014063
0 0.280469 0.453125 0.017188 0.015625
0 0.278125 0.460938 0.018750 0.015625
0 0.267969 0.465625 0.017188 0.015625
0 0.259375 0.471875 0.018750 0.009375
0 0.256250 0.478125 0.015625 0.015625
0 0.250000 0.484375 0.015625 0.015625
0 0.242969 0.489844 0.017188 0.014063
0 0.233594 0.492969 0.020313 0.014063
0 0.221875 0.499219 0.018750 0.017188
0 0.221875 0.506250 0.021875 0.012500
0 0.215625 0.510938 0.021875 0.015625
0 0.210938 0.517969 0.021875 0.017188
0 0.200000 0.523438 0.015625 0.015625
0 0.187500 0.532813 0.018750 0.015625
0 0.174219 0.537500 0.020313 0.015625
0 0.171875 0.546875 0.018750 0.015625
0 0.165625 0.549219 0.015625 0.010937
0 0.156250 0.554688 0.018750 0.015625
0 0.150000 0.561719 0.018750 0.014063
0 0.145313 0.568750 0.015625 0.015625
0 0.136719 0.574219 0.017188 0.014063
0 0.130469 0.578125 0.017188 0.009375
0 0.118750 0.581250 0.018750 0.015625
0 0.339062 0.440625 0.021875 0.015625
0 0.329688 0.446875 0.018750 0.018750
0 0.321094 0.450000 0.017188 0.015625
0 0.314063 0.457813 0.018750 0.018750
0 0.306250 0.462500 0.018750 0.015625
0 0.300000 0.468750 0.021875 0.018750
0 0.293750 0.475000 0.018750 0.015625
0 0.284375 0.478125 0.018750 0.015625
0 0.278125 0.483594 0.018750 0.017188
0 0.271094 0.492188 0.017188 0.015625
0 0.264844 0.496875 0.017188 0.018750
0 0.256250 0.500000 0.018750 0.018750
0 0.250000 0.508594 0.018750 0.017188
0 0.242969 0.512500 0.020313 0.018750
0 0.234375 0.518750 0.018750 0.012500
0 0.228125 0.524219 0.018750 0.010937
0 0.224219 0.528125 0.023438 0.015625
0 0.215625 0.534375 0.021875 0.015625
0 0.207813 0.540625 0.018750 0.015625
0 0.196875 0.543750 0.018750 0.015625
0 0.193750 0.552344 0.018750 0.014063
0 0.187500 0.556250 0.018750 0.018750
0 0.171875 0.565625 0.021875 0.015625
0 0.165625 0.575000 0.018750 0.015625
0 0.160938 0.580469 0.018750 0.014063
0 0.117969 0.589063 0.020313 0.012500
0 0.107031 0.593750 0.026562 0.015625
0 0.100000 0.599219 0.018750 0.010937
0 0.096094 0.606250 0.020313 0.018750
0 0.089063 0.609375 0.018750 0.015625
0 0.147656 0.590625 0.023438 0.015625
0 0.139844 0.593750 0.020313 0.018750
0 0.135156 0.603125 0.023438 0.015625
0 0.117969 0.610938 0.020313 0.012500
0 0.113281 0.616406 0.020313 0.014063
0 0.104688 0.620313 0.021875 0.015625
0 0.096875 0.630469 0.021875 0.017188
0 0.040625 0.676562 0.021875 0.015625
0 0.017188 0.672656 0.021875 0.017188
0 0.033594 0.682031 0.020313 0.017188
0 0.027344 0.689063 0.020313 0.012500
0 0.015625 0.691406 0.025000 0.017188
0 0.011719 0.700781 0.020313 0.010937
0 0.010156 0.675781 0.017188 0.014063
0 0.762500 0.771875 0.018750 0.018750
