0 0.967548 0.104567 0.050481 0.021635
0 0.825721 0.115385 0.040865 0.019231
0 0.609375 0.057692 0.040865 0.019231
0 0.278846 0.599760 0.038462 0.021635
0 0.295673 0.626202 0.038462 0.016827
0 0.292067 0.663462 0.045673 0.024038
0 0.288462 0.693510 0.033654 0.016827
0 0.287260 0.709135 0.036058 0.019231
0 0.445913 0.694712 0.021635 0.033654
0 0.308894 0.772837 0.021635 0.036058
0 0.240385 0.034856 0.043269 0.016827
0 0.962740 0.925481 0.021635 0.043269
0 0.975962 0.643029 0.043269 0.026442
0 0.943510 0.754808 0.040865 0.019231
0 0.972356 0.663462 0.045673 0.019231
0 0.948317 0.741587 0.040865 0.016827
0 0.969952 0.679087 0.045673 0.016827
0 0.951923 0.711538 0.038462 0.019231
0 0.943510 0.772837 0.045673 0.016827
0 0.293269 0.644231 0.038462 0.019231
0 0.424279 0.694712 0.026442 0.038462
0 0.778846 0.112981 0.043269 0.019231
0 0.388221 0.692308 0.021635 0.028846
0 0.479567 0.692308 0.021635 0.028846
0 0.501202 0.695913 0.016827 0.031250
0 0.520433 0.703125 0.021635 0.031250
