0 0.835337 0.455529 0.026442 0.012019
0 0.757212 0.449519 0.033654 0.009615
0 0.757212 0.396635 0.033654 0.014423
0 0.724760 0.396635 0.036058 0.014423
0 0.724760 0.427885 0.031250 0.014423
0 0.723558 0.444712 0.038462 0.014423
0 0.723558 0.459135 0.038462 0.014423
0 0.647837 0.408654 0.040865 0.014423
0 0.646635 0.418269 0.033654 0.009615
0 0.646635 0.429087 0.033654 0.012019
0 0.644231 0.471154 0.038462 0.014423
0 0.731971 0.512019 0.040865 0.024038
0 0.506010 0.492788 0.040865 0.019231
0 0.866587 0.600962 0.031250 0.014423
0 0.792067 0.615385 0.040865 0.014423
0 0.756010 0.641827 0.031250 0.014423
0 0.787260 0.652644 0.040865 0.007212
0 0.756010 0.662260 0.026442 0.012019
0 0.681490 0.599760 0.040865 0.012019
0 0.679087 0.615385 0.036058 0.014423
0 0.677885 0.632212 0.033654 0.014423
0 0.675481 0.646635 0.028846 0.014423
0 0.675481 0.662260 0.033654 0.012019
0 0.673077 0.675481 0.033654 0.014423
0 0.739183 0.980769 0.040865 0.014423
0 0.733173 0.990385 0.043269 0.014423
0 0.737981 0.969952 0.038462 0.016827
0 0.637019 0.974760 0.038462 0.021635
0 0.058894 0.943510 0.040865 0.012019
0 0.054087 0.960337 0.031250 0.012019
0 0.052885 0.974760 0.043269 0.016827
0 0.033654 0.469952 0.033654 0.016827
0 0.875000 0.627404 0.033654 0.009615
0 0.840144 0.406250 0.031250 0.009615
0 0.838942 0.418269 0.043269 0.014423
