0 0.021094 0.161719 0.035937 0.014063
0 0.805469 0.402344 0.023438 0.007812
0 0.800000 0.393750 0.021875 0.009375
0 0.800000 0.381250 0.025000 0.009375
0 0.809375 0.364063 0.025000 0.012500
0 0.815625 0.353125 0.021875 0.015625
0 0.821875 0.340625 0.025000 0.015625
0 0.887500 0.298438 0.015625 0.015625
0 0.898438 0.290625 0.015625 0.015625
0 0.915625 0.290625 0.012500 0.018750
0 0.925000 0.290625 0.015625 0.018750
0 0.937500 0.289844 0.015625 0.020313
0 0.950000 0.286719 0.009375 0.020313
0 0.964063 0.287500 0.012500 0.021875
0 0.975000 0.296094 0.012500 0.020313
0 0.990625 0.298438 0.009375 0.021875
0 0.868750 0.377344 0.021875 0.020313
0 0.880469 0.358594 0.017188 0.017188
0 0.887500 0.350000 0.015625 0.015625
0 0.899219 0.348438 0.017188 0.018750
0 0.909375 0.340625 0.015625 0.015625
0 0.928125 0.337500 0.012500 0.018750
0 0.946094 0.334375 0.014063 0.018750
0 0.887500 0.400000 0.015625 0.021875
0 0.903125 0.400000 0.015625 0.018750
0 0.925000 0.395313 0.012500 0.018750
0 0.940625 0.383594 0.015625 0.017188
0 0.949219 0.375000 0.017188 0.015625
0 0.958594 0.368750 0.017188 0.018750
0 0.965625 0.358594 0.018750 0.017188
0 0.896875 0.446094 0.021875 0.029687
0 0.940625 0.431250 0.028125 0.018750
0 0.968750 0.427344 0.021875 0.017188
0 0.980469 0.421094 0.020313 0.017188
0 0.985938 0.412500 0.021875 0.015625
0 0.993750 0.400000 0.012500 0.015625
0 0.877344 0.587500 0.014063 0.015625
0 0.898438 0.690625 0.015625 0.015625
0 0.921094 0.690625 0.014063 0.018750
0 0.965625 0.696875 0.025000 0.009375
0 0.928125 0.734375 0.015625 0.021875
0 0.849219 0.731250 0.017188 0.021875
0 0.756250 0.896094 0.015625 0.014063
0 0.643750 0.924219 0.018750 0.017188
0 0.712500 0.965625 0.015625 0.015625
0 0.734375 0.965625 0.015625 0.018750
0 0.142969 0.717969 0.010937 0.020313
