0 0.088281 0.652344 0.023438 0.023438
0 0.129688 0.615625 0.018750 0.015625
0 0.142969 0.607812 0.020313 0.015625
0 0.147656 0.600000 0.014063 0.012500
0 0.158594 0.589844 0.014063 0.010937
0 0.168750 0.582812 0.018750 0.015625
0 0.177344 0.571875 0.020313 0.015625
0 0.189844 0.564844 0.014063 0.010937
0 0.199219 0.557031 0.014063 0.014063
0 0.206250 0.547656 0.015625 0.014063
0 0.218750 0.539844 0.015625 0.014063
0 0.232031 0.537500 0.017188 0.018750
0 0.239844 0.527344 0.014063 0.014063
0 0.250781 0.520312 0.020313 0.018750
0 0.264062 0.510938 0.015625 0.015625
0 0.271875 0.501563 0.012500 0.015625
0 0.282031 0.492188 0.014063 0.012500
0 0.291406 0.485156 0.014063 0.010937
0 0.301563 0.476562 0.015625 0.006250
0 0.313281 0.466406 0.014063 0.017188
0 0.325000 0.461719 0.009375 0.010937
0 0.333594 0.455469 0.014063 0.007812
0 0.341406 0.445312 0.014063 0.009375
0 0.390625 0.400781 0.015625 0.017188
0 0.607031 0.273438 0.014063 0.015625
0 0.624219 0.425000 0.014063 0.009375
0 0.443750 0.501563 0.009375 0.015625
0 0.405469 0.505469 0.010937 0.014063
0 0.398438 0.513281 0.006250 0.017188
0 0.423438 0.517969 0.012500 0.017188
0 0.414062 0.525781 0.012500 0.014063
0 0.386719 0.521094 0.007812 0.017188
0 0.378125 0.530469 0.012500 0.014063
0 0.367969 0.537500 0.010937 0.015625
0 0.357031 0.544531 0.014063 0.017188
0 0.347656 0.557031 0.010937 0.020313
0 0.335156 0.565625 0.010937 0.018750
0 0.327344 0.572656 0.007812 0.014063
0 0.317188 0.576562 0.012500 0.015625
0 0.306250 0.585156 0.009375 0.014063
0 0.294531 0.589063 0.007812 0.015625
0 0.283594 0.601562 0.010937 0.021875
0 0.406250 0.541406 0.009375 0.020313
0 0.396875 0.547656 0.009375 0.017188
0 0.387500 0.555469 0.012500 0.020313
0 0.377344 0.560937 0.007812 0.012500
0 0.368750 0.571875 0.009375 0.015625
0 0.357031 0.575781 0.010937 0.014063
0 0.347656 0.584375 0.007812 0.015625
0 0.335938 0.592969 0.012500 0.014063
0 0.323437 0.600000 0.009375 0.021875
0 0.310937 0.607812 0.012500 0.015625
0 0.301563 0.611719 0.015625 0.014063
0 0.292969 0.621875 0.014063 0.015625
0 0.182812 0.683594 0.009375 0.023438
0 0.167969 0.689844 0.014063 0.020313
0 0.188281 0.710156 0.010937 0.017188
0 0.963281 0.306250 0.014063 0.012500
