0 0.323437 0.100781 0.028125 0.023438
0 0.370312 0.208594 0.012500 0.023438
0 0.369531 0.260156 0.020313 0.020313
0 0.690625 0.576562 0.018750 0.031250
0 0.675781 0.573438 0.010937 0.025000
0 0.652344 0.622656 0.017188 0.026562
0 0.803125 0.571094 0.015625 0.020313
0 0.786719 0.571875 0.020313 0.025000
0 0.432031 0.700000 0.029687 0.012500
0 0.235937 0.475000 0.015625 0.021875
0 0.300000 0.567187 0.034375 0.018750
0 0.296094 0.583594 0.029687 0.014063
0 0.300781 0.592969 0.032813 0.014063
0 0.300781 0.603906 0.029687 0.017188
0 0.299219 0.617969 0.026562 0.017188
0 0.203906 0.628125 0.014063 0.021875
