0 0.432812 0.647656 0.018750 0.007812
0 0.439844 0.653906 0.023438 0.014063
0 0.446875 0.667969 0.025000 0.017188
0 0.453125 0.676562 0.021875 0.015625
0 0.480469 0.705469 0.017188 0.014063
0 0.490625 0.711719 0.021875 0.017188
0 0.498437 0.731250 0.025000 0.015625
0 0.510156 0.742969 0.026562 0.014063
0 0.386719 0.681250 0.023438 0.015625
0 0.399219 0.693750 0.023438 0.021875
0 0.432031 0.732812 0.023438 0.018750
0 0.439063 0.739844 0.021875 0.014063
0 0.460938 0.759375 0.025000 0.021875
0 0.470313 0.769531 0.021875 0.014063
0 0.471094 0.778906 0.023438 0.014063
0 0.480469 0.785937 0.023438 0.018750
0 0.348438 0.760156 0.012500 0.017188
0 0.335938 0.760156 0.009375 0.017188
0 0.325781 0.757812 0.010937 0.018750
0 0.314063 0.757031 0.012500 0.017188
0 0.300000 0.756250 0.012500 0.018750
0 0.241406 0.751563 0.014063 0.018750
0 0.255469 0.752344 0.017188 0.020313
0 0.287500 0.794531 0.012500 0.023438
0 0.267188 0.796094 0.012500 0.017188
0 0.248438 0.793750 0.012500 0.018750
0 0.204687 0.750000 0.015625 0.021875
0 0.194531 0.748437 0.010937 0.018750
0 0.184375 0.747656 0.012500 0.017188
0 0.171875 0.743750 0.012500 0.021875
0 0.161719 0.743750 0.007812 0.015625
0 0.152344 0.743750 0.010937 0.018750
0 0.139844 0.743750 0.014063 0.018750
0 0.130469 0.742969 0.010937 0.020313
0 0.117969 0.740625 0.010937 0.015625
0 0.095312 0.741406 0.012500 0.020313
0 0.110156 0.784375 0.010937 0.021875
0 0.121875 0.785156 0.015625 0.020313
0 0.060937 0.739844 0.012500 0.020313
0 0.080469 0.741406 0.014063 0.020313
0 0.052344 0.564844 0.023438 0.014063
