0 0.156250 0.311719 0.018750 0.023438
0 0.125000 0.312500 0.015625 0.021875
0 0.112500 0.314063 0.015625 0.021875
0 0.096875 0.311719 0.012500 0.023438
0 0.059375 0.312500 0.015625 0.025000
0 0.036719 0.311719 0.017188 0.020313
0 0.010156 0.325000 0.017188 0.012500
0 0.010156 0.334375 0.017188 0.009375
0 0.009375 0.371875 0.015625 0.015625
0 0.008594 0.405469 0.014063 0.014063
0 0.062500 0.400000 0.025000 0.012500
0 0.056250 0.439844 0.025000 0.014063
0 0.077344 0.467969 0.014063 0.020313
0 0.093750 0.468750 0.015625 0.021875
0 0.115625 0.468750 0.018750 0.025000
0 0.130469 0.471875 0.014063 0.025000
0 0.140625 0.473438 0.015625 0.018750
0 0.121875 0.364844 0.015625 0.023438
0 0.137500 0.364844 0.015625 0.020313
0 0.150000 0.361719 0.015625 0.020313
0 0.165625 0.360938 0.015625 0.025000
0 0.170313 0.518750 0.015625 0.025000
0 0.142969 0.521094 0.017188 0.023438
0 0.129688 0.518750 0.015625 0.021875
0 0.103125 0.518750 0.021875 0.025000
0 0.073438 0.514844 0.018750 0.026562
0 0.042969 0.515625 0.020313 0.025000
0 0.480469 0.830469 0.023438 0.026562
0 0.822656 0.939844 0.042188 0.082812
0 0.879687 0.896875 0.021875 0.021875
