0 0.986719 0.362500 0.026562 0.021875
0 0.624219 0.253125 0.032813 0.021875
0 0.109375 0.467969 0.031250 0.026562
0 0.147656 0.438281 0.017188 0.014063
0 0.160938 0.430469 0.015625 0.014063
0 0.171094 0.423438 0.017188 0.012500
0 0.185938 0.510156 0.018750 0.026562
0 0.197656 0.500781 0.017188 0.023438
0 0.207031 0.526563 0.023438 0.025000
0 0.306250 0.411719 0.015625 0.023438
0 0.318750 0.405469 0.012500 0.020313
0 0.327344 0.400000 0.014063 0.021875
0 0.337500 0.394531 0.012500 0.020313
0 0.349219 0.386719 0.014063 0.017188
0 0.354687 0.376563 0.018750 0.025000
0 0.367188 0.367969 0.018750 0.023438
0 0.376563 0.363281 0.015625 0.020313
0 0.384375 0.354687 0.021875 0.025000
0 0.395313 0.348438 0.018750 0.018750
0 0.405469 0.338281 0.014063 0.020313
0 0.412500 0.328906 0.021875 0.026562
0 0.423438 0.317969 0.021875 0.026562
0 0.450000 0.325781 0.015625 0.017188
0 0.439063 0.333594 0.015625 0.020313
0 0.433594 0.344531 0.020313 0.020313
0 0.422656 0.350000 0.020313 0.025000
0 0.414062 0.367188 0.018750 0.025000
0 0.406250 0.370312 0.012500 0.018750
0 0.394531 0.375000 0.017188 0.021875
0 0.388281 0.386719 0.017188 0.020313
0 0.378125 0.396875 0.012500 0.018750
0 0.366406 0.401562 0.014063 0.021875
0 0.358594 0.407031 0.014063 0.023438
0 0.349219 0.413281 0.017188 0.020313
0 0.335938 0.423438 0.018750 0.025000
0 0.325000 0.432812 0.015625 0.025000
0 0.314063 0.435937 0.015625 0.021875
0 0.304688 0.447656 0.018750 0.023438
