0 0.442969 0.189062 0.029687 0.012500
0 0.203125 0.346875 0.021875 0.009375
0 0.208594 0.356250 0.020313 0.009375
0 0.207813 0.364844 0.021875 0.010937
0 0.208594 0.385937 0.026562 0.015625
0 0.205469 0.396094 0.026562 0.010937
0 0.206250 0.402344 0.021875 0.010937
0 0.208594 0.411719 0.023438 0.010937
0 0.208594 0.418750 0.020313 0.009375
0 0.209375 0.428125 0.025000 0.009375
0 0.207813 0.434375 0.028125 0.015625
0 0.092188 0.356250 0.025000 0.009375
0 0.093750 0.371875 0.031250 0.015625
0 0.156250 0.462500 0.021875 0.009375
0 0.160938 0.475000 0.025000 0.015625
0 0.369531 0.560937 0.020313 0.056250
