0 0.594531 0.039844 0.017188 0.023438
0 0.560937 0.044531 0.015625 0.020313
0 0.575781 0.055469 0.017188 0.017188
0 0.550000 0.050000 0.012500 0.015625
0 0.545312 0.058594 0.012500 0.017188
0 0.536719 0.065625 0.014063 0.018750
0 0.527344 0.072656 0.017188 0.020313
0 0.516406 0.078906 0.014063 0.017188
0 0.508594 0.084375 0.014063 0.021875
0 0.498437 0.092188 0.015625 0.018750
0 0.489063 0.100000 0.015625 0.018750
0 0.481250 0.107813 0.015625 0.021875
0 0.471094 0.114844 0.014063 0.020313
0 0.460156 0.120313 0.020313 0.025000
0 0.467969 0.140625 0.017188 0.021875
0 0.479687 0.134375 0.015625 0.021875
0 0.490625 0.127344 0.015625 0.017188
0 0.503906 0.111719 0.014063 0.020313
0 0.515625 0.108594 0.012500 0.017188
0 0.525000 0.102344 0.015625 0.020313
0 0.533594 0.093750 0.014063 0.021875
0 0.542188 0.085156 0.015625 0.017188
0 0.549219 0.078906 0.014063 0.020313
0 0.559375 0.073438 0.018750 0.018750
0 0.567187 0.064844 0.018750 0.020313
0 0.363281 0.197656 0.020313 0.023438
0 0.353906 0.210156 0.020313 0.023438
0 0.366406 0.221875 0.020313 0.021875
0 0.282813 0.169531 0.031250 0.023438
0 0.314063 0.139063 0.021875 0.018750
0 0.325000 0.132812 0.021875 0.018750
0 0.335156 0.126562 0.023438 0.021875
0 0.343750 0.115625 0.025000 0.018750
0 0.351562 0.110156 0.028125 0.020313
0 0.360156 0.103906 0.026562 0.020313
0 0.370312 0.094531 0.018750 0.017188
0 0.381250 0.088281 0.025000 0.020313
0 0.395313 0.075781 0.021875 0.017188
0 0.406250 0.068750 0.028125 0.018750
0 0.414062 0.062500 0.025000 0.018750
0 0.425000 0.057031 0.028125 0.017188
0 0.433594 0.049219 0.026562 0.020313
0 0.444531 0.038281 0.023438 0.017188
0 0.450781 0.031250 0.023438 0.018750
0 0.457813 0.024219 0.025000 0.020313
0 0.467969 0.019531 0.023438 0.020313
0 0.480469 0.013281 0.026562 0.020313
