0 0.629687 0.203125 0.021875 0.012500
0 0.254688 0.330469 0.021875 0.010937
0 0.250781 0.321875 0.023438 0.009375
0 0.253125 0.310156 0.028125 0.010937
0 0.255469 0.301563 0.020313 0.009375
0 0.257812 0.292969 0.021875 0.010937
0 0.264062 0.282813 0.021875 0.009375
0 0.272656 0.272656 0.026562 0.010937
0 0.335156 0.230469 0.014063 0.020313
0 0.346875 0.225781 0.018750 0.017188
0 0.359375 0.224219 0.018750 0.023438
0 0.371094 0.221094 0.017188 0.023438
0 0.385156 0.222656 0.014063 0.020313
0 0.396875 0.221875 0.012500 0.025000
0 0.408594 0.220312 0.014063 0.021875
0 0.424219 0.227344 0.014063 0.017188
0 0.435937 0.228125 0.009375 0.018750
0 0.445312 0.232813 0.012500 0.021875
0 0.454688 0.242188 0.015625 0.015625
0 0.461719 0.249219 0.020313 0.010937
0 0.464062 0.260937 0.021875 0.012500
0 0.472656 0.272656 0.023438 0.010937
0 0.467187 0.279687 0.025000 0.009375
0 0.464062 0.289844 0.025000 0.007812
0 0.464062 0.299219 0.025000 0.010937
0 0.457031 0.307812 0.023438 0.009375
0 0.450781 0.317969 0.026562 0.010937
0 0.435937 0.332813 0.025000 0.012500
0 0.428906 0.338281 0.020313 0.010937
0 0.409375 0.350781 0.028125 0.017188
0 0.385156 0.359375 0.026562 0.021875
0 0.342969 0.375000 0.023438 0.021875
0 0.325000 0.285938 0.018750 0.018750
0 0.317969 0.305469 0.020313 0.014063
0 0.335938 0.328125 0.015625 0.021875
0 0.347656 0.326562 0.010937 0.021875
0 0.360156 0.326562 0.014063 0.021875
0 0.368750 0.321094 0.012500 0.020313
0 0.378906 0.315625 0.017188 0.021875
0 0.389062 0.311719 0.018750 0.017188
0 0.395313 0.305469 0.018750 0.014063
0 0.404687 0.297656 0.021875 0.017188
0 0.406250 0.287500 0.021875 0.015625
0 0.389062 0.267188 0.015625 0.015625
0 0.377344 0.268750 0.014063 0.018750
0 0.364844 0.268750 0.014063 0.018750
0 0.353125 0.270313 0.012500 0.015625
0 0.344531 0.273438 0.010937 0.018750
0 0.335938 0.280469 0.021875 0.017188
0 0.483594 0.572656 0.023438 0.014063
0 0.342969 0.607812 0.010937 0.018750
0 0.364844 0.607031 0.014063 0.020313
0 0.410938 0.611719 0.018750 0.010937
0 0.374219 0.649219 0.014063 0.020313
0 0.931250 0.585938 0.018750 0.021875
0 0.094531 0.837500 0.020313 0.025000
