0 0.094531 0.178125 0.014063 0.021875
0 0.107031 0.236719 0.010937 0.014063
0 0.117969 0.238281 0.014063 0.020313
0 0.121094 0.340625 0.014063 0.021875
0 0.238281 0.278125 0.014063 0.021875
0 0.192969 0.335938 0.014063 0.021875
0 0.205469 0.335156 0.010937 0.017188
0 0.206250 0.353125 0.012500 0.018750
0 0.457031 0.291406 0.014063 0.020313
0 0.508594 0.274219 0.014063 0.020313
0 0.530469 0.285938 0.010937 0.021875
0 0.489844 0.328906 0.014063 0.020313
0 0.510938 0.333594 0.015625 0.020313
0 0.532813 0.331250 0.012500 0.018750
0 0.511719 0.350781 0.010937 0.020313
0 0.528125 0.595313 0.015625 0.018750
0 0.631250 0.407813 0.012500 0.018750
0 0.657031 0.224219 0.017188 0.007812
0 0.657031 0.232031 0.017188 0.007812
0 0.657031 0.240625 0.017188 0.006250
0 0.657031 0.247656 0.017188 0.007812
0 0.654687 0.255469 0.015625 0.007812
0 0.656250 0.264062 0.012500 0.006250
0 0.654687 0.271875 0.012500 0.009375
0 0.662500 0.338281 0.021875 0.010937
0 0.662500 0.346094 0.021875 0.007812
0 0.660937 0.356250 0.021875 0.009375
0 0.660937 0.363281 0.021875 0.007812
0 0.662500 0.370312 0.018750 0.009375
0 0.661719 0.378125 0.017188 0.006250
0 0.661719 0.387500 0.020313 0.006250
0 0.659375 0.402344 0.021875 0.007812
0 0.660156 0.410938 0.020313 0.009375
0 0.661719 0.419531 0.023438 0.007812
0 0.661719 0.429688 0.020313 0.009375
0 0.660937 0.466406 0.021875 0.010937
0 0.661719 0.475000 0.020313 0.009375
0 0.663281 0.482031 0.020313 0.007812
0 0.662500 0.489844 0.018750 0.007812
0 0.663281 0.506250 0.023438 0.009375
0 0.717969 0.507031 0.020313 0.007812
0 0.717969 0.499219 0.023438 0.007812
0 0.710156 0.491406 0.023438 0.007812
0 0.711719 0.483594 0.020313 0.007812
0 0.711719 0.475000 0.020313 0.006250
0 0.710938 0.466406 0.021875 0.007812
0 0.711719 0.457813 0.023438 0.006250
0 0.711719 0.451562 0.020313 0.006250
0 0.712500 0.442969 0.021875 0.007812
0 0.714063 0.435156 0.021875 0.007812
0 0.767188 0.601562 0.021875 0.009375
0 0.768750 0.616406 0.018750 0.010937
0 0.768750 0.677344 0.021875 0.010937
0 0.789844 0.691406 0.010937 0.023438
0 0.896875 0.590625 0.012500 0.015625
0 0.911719 0.589063 0.010937 0.015625
0 0.925000 0.590625 0.012500 0.018750
0 0.817969 0.627344 0.010937 0.017188
0 0.827344 0.628906 0.010937 0.014063
0 0.840625 0.628906 0.012500 0.017188
0 0.850000 0.628906 0.009375 0.014063
0 0.860156 0.628906 0.010937 0.014063
0 0.871094 0.630469 0.007812 0.014063
0 0.880469 0.631250 0.007812 0.012500
0 0.890625 0.630469 0.012500 0.017188
0 0.901563 0.630469 0.009375 0.014063
0 0.911719 0.629687 0.010937 0.015625
0 0.829688 0.646875 0.009375 0.015625
0 0.859375 0.646875 0.009375 0.015625
0 0.872656 0.648438 0.010937 0.015625
0 0.481250 0.750000 0.021875 0.012500
0 0.121875 0.789062 0.025000 0.012500
0 0.181250 0.892969 0.021875 0.010937
0 0.250000 0.889062 0.025000 0.012500
0 0.387500 0.957031 0.021875 0.014063
0 0.304688 0.982031 0.021875 0.010937
0 0.977344 0.919531 0.017188 0.020313
0 0.995313 0.921875 0.009375 0.025000
