0 0.630469 0.131250 0.023438 0.012500
0 0.631250 0.142969 0.021875 0.014063
0 0.631250 0.154688 0.025000 0.012500
0 0.629687 0.170313 0.021875 0.012500
0 0.689063 0.165625 0.012500 0.015625
0 0.709375 0.165625 0.012500 0.021875
0 0.721094 0.165625 0.010937 0.018750
0 0.730469 0.167969 0.010937 0.017188
0 0.730469 0.225000 0.014063 0.018750
0 0.690625 0.183594 0.012500 0.017188
0 0.668750 0.183594 0.015625 0.017188
0 0.989844 0.831250 0.020313 0.009375
0 0.989844 0.843750 0.020313 0.009375
0 0.375000 0.481250 0.031250 0.009375
0 0.412500 0.480469 0.028125 0.014063
0 0.428125 0.492969 0.025000 0.010937
0 0.679688 0.225000 0.015625 0.018750
0 0.696875 0.224219 0.015625 0.020313
0 0.710156 0.223438 0.014063 0.021875
