0 0.512500 0.321094 0.031250 0.026562
0 0.548438 0.290625 0.028125 0.021875
0 0.555469 0.281250 0.023438 0.018750
0 0.564844 0.275000 0.023438 0.018750
0 0.574219 0.267969 0.029687 0.023438
0 0.589844 0.255469 0.023438 0.020313
0 0.540625 0.390625 0.025000 0.025000
0 0.557813 0.378125 0.028125 0.025000
0 0.571875 0.362500 0.025000 0.025000
0 0.586719 0.349219 0.029687 0.026562
0 0.600000 0.335938 0.025000 0.021875
0 0.612500 0.325000 0.025000 0.021875
0 0.627344 0.321094 0.023438 0.020313
0 0.634375 0.314844 0.021875 0.017188
0 0.643750 0.306250 0.025000 0.021875
0 0.578125 0.327344 0.028125 0.023438
0 0.593750 0.312500 0.028125 0.021875
0 0.605469 0.306250 0.026562 0.021875
0 0.617188 0.300000 0.025000 0.021875
0 0.625000 0.292187 0.025000 0.021875
0 0.631250 0.284375 0.028125 0.025000
0 0.642969 0.275000 0.026562 0.025000
0 0.668750 0.187500 0.025000 0.025000
0 0.679688 0.179688 0.025000 0.021875
0 0.687500 0.171875 0.028125 0.025000
0 0.696875 0.164844 0.025000 0.020313
0 0.706250 0.156250 0.025000 0.025000
0 0.714063 0.150000 0.025000 0.025000
0 0.721875 0.140625 0.025000 0.025000
0 0.730469 0.136719 0.026562 0.026562
0 0.737500 0.129688 0.025000 0.025000
0 0.750000 0.123438 0.025000 0.025000
0 0.754687 0.117188 0.025000 0.025000
0 0.762500 0.111719 0.025000 0.029687
0 0.775000 0.103125 0.025000 0.028125
0 0.783594 0.093750 0.026562 0.028125
0 0.792969 0.087500 0.026562 0.025000
0 0.800000 0.083594 0.021875 0.026562
0 0.810937 0.078125 0.025000 0.021875
0 0.821094 0.071094 0.023438 0.023438
0 0.825000 0.062500 0.025000 0.025000
0 0.834375 0.057813 0.025000 0.025000
0 0.843750 0.050000 0.028125 0.025000
0 0.854688 0.042188 0.025000 0.025000
0 0.861719 0.034375 0.026562 0.028125
0 0.870313 0.028125 0.025000 0.025000
0 0.877344 0.018750 0.026562 0.025000
0 0.890625 0.012500 0.031250 0.021875
0 0.898438 0.008594 0.028125 0.014063
0 0.715625 0.224219 0.021875 0.020313
0 0.727344 0.217969 0.020313 0.020313
0 0.736719 0.209375 0.020313 0.015625
0 0.745313 0.203125 0.021875 0.018750
0 0.751563 0.196875 0.025000 0.025000
0 0.758594 0.187500 0.020313 0.021875
0 0.767969 0.178125 0.023438 0.021875
0 0.776563 0.171875 0.021875 0.021875
0 0.784375 0.167969 0.025000 0.020313
0 0.792969 0.161719 0.020313 0.020313
0 0.804688 0.154688 0.025000 0.021875
0 0.814063 0.146875 0.025000 0.021875
0 0.821875 0.140625 0.025000 0.021875
0 0.831250 0.133594 0.021875 0.020313
0 0.836719 0.124219 0.020313 0.020313
0 0.846875 0.117188 0.025000 0.021875
0 0.854688 0.111719 0.021875 0.020313
0 0.862500 0.105469 0.021875 0.020313
0 0.871875 0.093750 0.025000 0.021875
0 0.881250 0.089063 0.025000 0.018750
0 0.889844 0.081250 0.023438 0.018750
0 0.902344 0.071094 0.029687 0.023438
0 0.914844 0.062500 0.023438 0.021875
0 0.923438 0.057813 0.025000 0.025000
0 0.934375 0.053125 0.025000 0.018750
0 0.939844 0.042188 0.023438 0.021875
0 0.950000 0.036719 0.021875 0.020313
0 0.956250 0.029687 0.025000 0.021875
0 0.965625 0.027344 0.021875 0.020313
0 0.971875 0.017188 0.021875 0.018750
0 0.731250 0.240625 0.025000 0.018750
0 0.745313 0.234375 0.021875 0.015625
0 0.755469 0.225000 0.023438 0.018750
0 0.765625 0.218750 0.021875 0.018750
0 0.771094 0.211719 0.023438 0.017188
0 0.780469 0.203125 0.020313 0.021875
0 0.792188 0.199219 0.021875 0.020313
0 0.796094 0.190625 0.026562 0.021875
0 0.807813 0.184375 0.021875 0.018750
0 0.825000 0.171875 0.028125 0.021875
0 0.840625 0.158594 0.025000 0.020313
0 0.850000 0.153125 0.025000 0.021875
0 0.861719 0.143750 0.020313 0.021875
0 0.868750 0.134375 0.021875 0.018750
0 0.878125 0.128125 0.025000 0.021875
0 0.890625 0.117969 0.025000 0.023438
0 0.900000 0.109375 0.025000 0.021875
0 0.909375 0.100000 0.018750 0.015625
0 0.917188 0.093750 0.021875 0.021875
0 0.927344 0.085938 0.020313 0.021875
0 0.934375 0.078125 0.021875 0.021875
0 0.946094 0.075000 0.023438 0.021875
0 0.954688 0.067969 0.025000 0.017188
0 0.962500 0.062500 0.025000 0.018750
0 0.971875 0.054688 0.021875 0.018750
0 0.978125 0.043750 0.025000 0.018750
0 0.987500 0.037500 0.021875 0.018750
0 0.934375 0.115625 0.025000 0.018750
0 0.746094 0.271094 0.035937 0.026562
0 0.787500 0.293750 0.028125 0.025000
0 0.803125 0.296875 0.025000 0.025000
0 0.808594 0.309375 0.026562 0.025000
0 0.817969 0.317969 0.023438 0.026562
0 0.827344 0.321875 0.026562 0.025000
0 0.842969 0.332813 0.026562 0.021875
0 0.853125 0.337500 0.021875 0.025000
0 0.860938 0.346094 0.021875 0.020313
0 0.868750 0.353125 0.021875 0.021875
0 0.878125 0.359375 0.025000 0.021875
0 0.887500 0.367969 0.025000 0.026562
0 0.896094 0.374219 0.026562 0.026562
0 0.911719 0.387500 0.029687 0.028125
0 0.189062 0.657813 0.053125 0.034375
0 0.213281 0.631250 0.045312 0.043750
0 0.248438 0.604688 0.043750 0.040625
