0 0.752404 0.008413 0.033654 0.012019
0 0.274038 0.408654 0.028846 0.019231
0 0.180288 0.366587 0.028846 0.016827
0 0.060096 0.475962 0.038462 0.019231
0 0.078125 0.444712 0.036058 0.019231
0 0.034856 0.628606 0.021635 0.036058
0 0.521635 0.616587 0.024038 0.021635
0 0.628606 0.647837 0.026442 0.021635
0 0.679087 0.615385 0.026442 0.019231
0 0.819712 0.709135 0.024038 0.019231
0 0.849760 0.796875 0.026442 0.021635
0 0.849760 0.778846 0.021635 0.024038
0 0.942308 0.677885 0.019231 0.019231
0 0.962740 0.677885 0.021635 0.024038
0 0.850962 0.622596 0.024038 0.024038
0 0.694712 0.543269 0.028846 0.024038
0 0.621394 0.522837 0.021635 0.026442
0 0.443510 0.811298 0.021635 0.021635
0 0.441106 0.842548 0.021635 0.021635
0 0.424279 0.818510 0.016827 0.021635
0 0.354567 0.849760 0.021635 0.021635
0 0.475962 0.878606 0.024038 0.021635
0 0.288462 0.905048 0.028846 0.021635
0 0.556490 0.931490 0.026442 0.026442
0 0.676683 0.975962 0.016827 0.024038
0 0.241587 0.944712 0.026442 0.019231
0 0.224760 0.927885 0.021635 0.019231
0 0.944712 0.925481 0.028846 0.024038
0 0.655048 0.984375 0.021635 0.021635
0 0.425481 0.131010 0.028846 0.031250
0 0.760817 0.110577 0.031250 0.033654
0 0.712740 0.193510 0.031250 0.036058
