0 0.381250 0.450000 0.025000 0.012500
0 0.496094 0.440625 0.020313 0.009375
0 0.500000 0.449219 0.018750 0.010937
0 0.496875 0.456250 0.021875 0.009375
0 0.496875 0.478125 0.021875 0.009375
0 0.496094 0.489063 0.020313 0.006250
0 0.496875 0.496875 0.018750 0.009375
0 0.499219 0.503125 0.020313 0.009375
0 0.496875 0.511719 0.018750 0.007812
0 0.496875 0.518750 0.021875 0.009375
0 0.500000 0.528125 0.021875 0.006250
0 0.449219 0.558594 0.023438 0.007812
0 0.450000 0.567969 0.025000 0.007812
0 0.733594 0.283594 0.026562 0.014063
0 0.659375 0.653125 0.021875 0.062500
0 0.700000 0.975000 0.018750 0.009375
0 0.507031 0.103906 0.017188 0.026562
0 0.231250 0.640625 0.028125 0.015625
