0 0.892188 0.028125 0.025000 0.018750
0 0.953125 0.028906 0.028125 0.017188
0 0.351562 0.369531 0.025000 0.023438
0 0.755469 0.341406 0.029687 0.017188
0 0.750000 0.354687 0.028125 0.015625
0 0.752344 0.366406 0.029687 0.010937
0 0.754687 0.379688 0.031250 0.015625
0 0.753906 0.414062 0.032813 0.021875
0 0.752344 0.425000 0.029687 0.018750
0 0.750781 0.437500 0.035937 0.015625
0 0.750000 0.448437 0.037500 0.021875
0 0.752344 0.464844 0.039062 0.020313
0 0.754687 0.495312 0.028125 0.018750
0 0.750781 0.507812 0.026562 0.015625
0 0.753125 0.767188 0.018750 0.028125
