0 0.159375 0.377344 0.031250 0.020313
0 0.542969 0.400000 0.026562 0.015625
0 0.128906 0.413281 0.035937 0.010937
0 0.046875 0.392969 0.037500 0.017188
0 0.032813 0.514062 0.015625 0.021875
0 0.057031 0.521875 0.014063 0.012500
0 0.278906 0.525781 0.020313 0.023438
0 0.792969 0.596875 0.035937 0.015625
0 0.803125 0.621094 0.025000 0.010937
0 0.791406 0.629687 0.026562 0.018750
0 0.790625 0.758594 0.018750 0.023438
0 0.753125 0.757812 0.018750 0.021875
0 0.741406 0.769531 0.014063 0.023438
0 0.725000 0.766406 0.012500 0.020313
0 0.710156 0.767969 0.017188 0.023438
0 0.667188 0.767188 0.018750 0.025000
0 0.553906 0.775000 0.017188 0.018750
0 0.536719 0.953125 0.020313 0.025000
0 0.771094 0.989062 0.020313 0.021875
0 0.742188 0.979688 0.015625 0.021875
0 0.730469 0.981250 0.014063 0.018750
0 0.691406 0.981250 0.017188 0.018750
0 0.662500 0.980469 0.015625 0.020313
0 0.646875 0.978906 0.015625 0.017188
0 0.460938 0.979688 0.028125 0.012500
0 0.455469 0.989844 0.026562 0.010937
0 0.385937 0.993750 0.034375 0.012500
