0 0.690625 0.059375 0.015625 0.021875
0 0.610938 0.089844 0.028125 0.014063
0 0.584375 0.061719 0.015625 0.017188
0 0.610938 0.067969 0.012500 0.014063
0 0.550000 0.118750 0.009375 0.025000
0 0.565625 0.120313 0.009375 0.021875
0 0.537500 0.121094 0.015625 0.017188
0 0.506250 0.148438 0.012500 0.025000
0 0.489844 0.148438 0.017188 0.025000
0 0.830469 0.267969 0.026562 0.010937
0 0.821875 0.280469 0.025000 0.010937
0 0.881250 0.403125 0.015625 0.021875
0 0.840625 0.478125 0.025000 0.018750
0 0.800000 0.510938 0.028125 0.015625
0 0.771875 0.556250 0.034375 0.015625
0 0.981250 0.705469 0.031250 0.014063
0 0.871875 0.728125 0.025000 0.012500
0 0.936719 0.760938 0.023438 0.015625
0 0.792188 0.746094 0.028125 0.014063
0 0.709375 0.668750 0.034375 0.018750
0 0.559375 0.768750 0.028125 0.012500
0 0.715625 0.771875 0.028125 0.015625
0 0.871875 0.777344 0.021875 0.017188
0 0.350000 0.950000 0.015625 0.021875
0 0.337500 0.950000 0.015625 0.025000
0 0.293750 0.956250 0.015625 0.025000
0 0.281250 0.958594 0.009375 0.023438
0 0.177344 0.893750 0.014063 0.021875
0 0.158594 0.905469 0.014063 0.020313
0 0.143750 0.903125 0.015625 0.021875
0 0.142969 0.925000 0.017188 0.018750
0 0.145313 0.953125 0.015625 0.021875
0 0.123438 0.952344 0.012500 0.020313
0 0.128125 0.896094 0.015625 0.020313
0 0.137500 0.776563 0.018750 0.025000
0 0.127344 0.725000 0.017188 0.021875
0 0.275000 0.765625 0.015625 0.021875
0 0.455469 0.776563 0.029687 0.012500
0 0.450000 0.698438 0.025000 0.012500
0 0.396094 0.714844 0.026562 0.014063
0 0.396094 0.689063 0.023438 0.009375
0 0.395313 0.671094 0.021875 0.014063
0 0.393750 0.659375 0.028125 0.009375
0 0.234375 0.740625 0.025000 0.012500
0 0.240625 0.723437 0.025000 0.009375
0 0.243750 0.671875 0.025000 0.009375
0 0.290625 0.696875 0.028125 0.015625
0 0.309375 0.714844 0.028125 0.014063
0 0.309375 0.687500 0.025000 0.015625
0 0.308594 0.671094 0.023438 0.010937
0 0.306250 0.653125 0.021875 0.009375
0 0.306250 0.643750 0.025000 0.015625
0 0.345313 0.590625 0.009375 0.021875
0 0.331250 0.589844 0.015625 0.017188
0 0.309375 0.590625 0.012500 0.021875
0 0.299219 0.590625 0.010937 0.021875
0 0.286719 0.589063 0.014063 0.021875
0 0.264844 0.586719 0.017188 0.023438
0 0.150000 0.531250 0.018750 0.021875
0 0.040625 0.837500 0.025000 0.012500
0 0.034375 0.875000 0.028125 0.009375
0 0.042969 0.884375 0.026562 0.009375
0 0.009375 0.721875 0.015625 0.009375
0 0.056250 0.925000 0.021875 0.021875
0 0.050000 0.937500 0.021875 0.018750
0 0.042188 0.943750 0.018750 0.018750
0 0.028125 0.975000 0.021875 0.018750
0 0.006250 0.987500 0.009375 0.018750
0 0.201563 0.073438 0.018750 0.025000
0 0.534375 0.146094 0.015625 0.026562
