0 0.075781 0.522656 0.029687 0.017188
0 0.103906 0.553125 0.026562 0.012500
0 0.105469 0.565625 0.032813 0.009375
0 0.110156 0.576562 0.035937 0.012500
0 0.117969 0.594531 0.032813 0.010937
0 0.125781 0.603906 0.026562 0.014063
0 0.128125 0.613281 0.028125 0.010937
0 0.135937 0.625781 0.031250 0.014063
0 0.140625 0.639062 0.031250 0.015625
0 0.156250 0.604688 0.025000 0.012500
0 0.168750 0.628906 0.031250 0.014063
0 0.172656 0.685156 0.042188 0.017188
0 0.174219 0.700781 0.029687 0.010937
0 0.180469 0.709375 0.026562 0.009375
0 0.185938 0.720313 0.031250 0.015625
0 0.190625 0.729688 0.028125 0.012500
0 0.197656 0.742188 0.035937 0.015625
0 0.033594 0.648438 0.029687 0.018750
0 0.055469 0.657031 0.039062 0.023438
0 0.060156 0.711719 0.032813 0.017188
0 0.067187 0.723437 0.031250 0.018750
0 0.095312 0.787500 0.031250 0.018750
