0 0.387500 0.562500 0.031250 0.015625
0 0.693750 0.543750 0.031250 0.018750
0 0.898438 0.568750 0.025000 0.012500
0 0.970313 0.596094 0.028125 0.010937
0 0.653125 0.617969 0.015625 0.020313
0 0.631250 0.618750 0.015625 0.025000
0 0.509375 0.612500 0.018750 0.028125
0 0.317188 0.596875 0.015625 0.025000
0 0.302344 0.596875 0.014063 0.025000
0 0.289062 0.592969 0.015625 0.026562
0 0.273438 0.593750 0.015625 0.025000
0 0.254688 0.596094 0.012500 0.026562
0 0.307812 0.718750 0.021875 0.018750
0 0.327344 0.717969 0.017188 0.017188
0 0.342969 0.720313 0.017188 0.021875
0 0.389844 0.723437 0.029687 0.025000
0 0.532813 0.677344 0.021875 0.023438
0 0.543750 0.684375 0.021875 0.021875
0 0.564844 0.689063 0.023438 0.025000
0 0.596094 0.687500 0.023438 0.018750
0 0.615625 0.687500 0.025000 0.021875
0 0.642969 0.676562 0.020313 0.021875
0 0.659375 0.675000 0.021875 0.018750
0 0.674219 0.696875 0.020313 0.021875
0 0.721875 0.676562 0.021875 0.021875
0 0.721094 0.696094 0.026562 0.017188
0 0.683594 0.737500 0.023438 0.018750
0 0.578125 0.734375 0.025000 0.018750
0 0.558594 0.731250 0.017188 0.018750
0 0.515625 0.731250 0.018750 0.015625
0 0.470313 0.725000 0.025000 0.018750
0 0.485938 0.724219 0.025000 0.023438
0 0.975000 0.890625 0.025000 0.021875
0 0.108594 0.839844 0.039062 0.017188
0 0.003906 0.737500 0.004687 0.025000
0 0.219531 0.655469 0.020313 0.017188
0 0.054688 0.651563 0.015625 0.021875
