0 0.793750 0.428125 0.028125 0.015625
0 0.834375 0.503125 0.018750 0.025000
0 0.846875 0.510938 0.018750 0.018750
0 0.268750 0.949219 0.015625 0.026562
0 0.656250 0.917188 0.025000 0.015625
0 0.653125 0.906250 0.025000 0.015625
0 0.655469 0.892969 0.029687 0.010937
0 0.659375 0.881250 0.028125 0.009375
0 0.664844 0.870313 0.032813 0.012500
0 0.668750 0.856250 0.025000 0.009375
0 0.678125 0.849219 0.034375 0.017188
0 0.751563 0.800000 0.028125 0.025000
0 0.756250 0.790625 0.021875 0.018750
0 0.767188 0.787500 0.025000 0.021875
0 0.784375 0.785937 0.025000 0.025000
0 0.800000 0.783594 0.018750 0.017188
0 0.815625 0.782813 0.018750 0.018750
0 0.831250 0.781250 0.018750 0.021875
0 0.846875 0.781250 0.018750 0.021875
0 0.860938 0.790625 0.015625 0.018750
0 0.876563 0.792188 0.012500 0.021875
0 0.887500 0.798438 0.015625 0.021875
0 0.902344 0.806250 0.017188 0.021875
0 0.909375 0.817969 0.025000 0.017188
0 0.912500 0.831250 0.028125 0.012500
0 0.918750 0.846094 0.034375 0.014063
0 0.918750 0.854688 0.025000 0.012500
0 0.914844 0.867969 0.023438 0.010937
0 0.909375 0.880469 0.025000 0.007812
0 0.906250 0.890625 0.025000 0.009375
0 0.900000 0.899219 0.028125 0.010937
0 0.880469 0.917188 0.032813 0.015625
0 0.871094 0.925000 0.023438 0.015625
0 0.846875 0.943750 0.025000 0.018750
0 0.821875 0.952344 0.037500 0.023438
0 0.733594 0.883594 0.029687 0.017188
0 0.736719 0.874219 0.023438 0.017188
0 0.742969 0.861719 0.017188 0.023438
0 0.752344 0.853125 0.020313 0.025000
0 0.765625 0.849219 0.021875 0.023438
0 0.776563 0.843750 0.018750 0.021875
0 0.792188 0.842969 0.012500 0.023438
0 0.807813 0.839844 0.012500 0.020313
0 0.821094 0.839063 0.020313 0.025000
0 0.840625 0.865625 0.025000 0.018750
0 0.834375 0.874219 0.025000 0.017188
0 0.829688 0.883594 0.021875 0.017188
0 0.821094 0.890625 0.023438 0.021875
0 0.808594 0.899219 0.020313 0.020313
0 0.800000 0.906250 0.018750 0.021875
0 0.787500 0.909375 0.012500 0.018750
0 0.774219 0.912500 0.014063 0.021875
0 0.759375 0.915625 0.015625 0.025000
