0 0.860577 0.902644 0.028846 0.040865
0 0.966346 0.491587 0.024038 0.031250
0 0.990385 0.507212 0.019231 0.033654
0 0.866587 0.485577 0.026442 0.033654
0 0.561298 0.473558 0.021635 0.033654
0 0.427885 0.365385 0.028846 0.033654
0 0.667067 0.063702 0.021635 0.031250
0 0.646635 0.055288 0.019231 0.028846
0 0.100962 0.760817 0.043269 0.021635
0 0.112981 0.818510 0.043269 0.016827
0 0.102163 0.804087 0.040865 0.016827
0 0.473558 0.016827 0.043269 0.028846
0 0.162260 0.066106 0.026442 0.036058
0 0.042067 0.054087 0.021635 0.031250
0 0.205529 0.225962 0.036058 0.019231
0 0.218750 0.175481 0.038462 0.014423
0 0.546875 0.069712 0.021635 0.028846
0 0.913462 0.486779 0.024038 0.031250
0 0.044471 0.567308 0.021635 0.028846
0 0.506010 0.866587 0.031250 0.040865
0 0.741587 0.865385 0.031250 0.033654
0 0.693510 0.063702 0.021635 0.031250
0 0.123798 0.585337 0.040865 0.021635
0 0.522837 0.048077 0.026442 0.038462
0 0.715144 0.039663 0.021635 0.036058
0 0.223558 0.126202 0.038462 0.016827
0 0.222356 0.161058 0.040865 0.014423
0 0.013221 0.647837 0.021635 0.021635
0 0.018029 0.506010 0.031250 0.021635
0 0.133413 0.623798 0.045673 0.021635
0 0.132212 0.640625 0.048077 0.021635
0 0.224760 0.263221 0.036058 0.016827
0 0.084135 0.056490 0.019231 0.040865
0 0.106971 0.058894 0.021635 0.036058
0 0.760817 0.969952 0.036058 0.016827
0 0.008413 0.554087 0.012019 0.012019
0 0.012019 0.759615 0.019231 0.019231
