0 0.647837 0.762019 0.021635 0.038462
0 0.628606 0.756010 0.016827 0.026442
0 0.599760 0.826923 0.016827 0.024038
0 0.293269 0.931490 0.038462 0.016827
0 0.110577 0.819712 0.033654 0.019231
0 0.110577 0.802885 0.033654 0.019231
0 0.111779 0.787260 0.031250 0.016827
0 0.103365 0.771635 0.033654 0.019231
0 0.106971 0.752404 0.040865 0.019231
0 0.019231 0.627404 0.014423 0.028846
0 0.203125 0.330529 0.021635 0.026442
0 0.207933 0.258413 0.016827 0.026442
0 0.143029 0.110577 0.026442 0.024038
0 0.593750 0.759615 0.019231 0.028846
0 0.012019 0.712740 0.014423 0.021635
