0 0.575781 0.125781 0.026562 0.017188
0 0.821875 0.194531 0.025000 0.014063
0 0.788281 0.194531 0.029687 0.017188
0 0.613281 0.162500 0.017188 0.021875
0 0.683594 0.467187 0.023438 0.012500
0 0.684375 0.479687 0.025000 0.009375
0 0.709375 0.469531 0.025000 0.014063
0 0.710156 0.480469 0.026562 0.010937
0 0.712500 0.490625 0.028125 0.012500
0 0.278906 0.435937 0.023438 0.009375
0 0.278125 0.447656 0.031250 0.010937
0 0.273438 0.474219 0.031250 0.010937
0 0.270313 0.485156 0.025000 0.007812
0 0.214844 0.434375 0.026562 0.012500
0 0.185156 0.431250 0.026562 0.012500
0 0.186719 0.460938 0.026562 0.012500
0 0.183594 0.470313 0.026562 0.009375
0 0.211719 0.471875 0.026562 0.009375
0 0.185938 0.482031 0.025000 0.010937
0 0.128125 0.438281 0.028125 0.010937
0 0.122656 0.449219 0.023438 0.007812
0 0.123438 0.459375 0.025000 0.009375
0 0.123438 0.469531 0.025000 0.007812
0 0.121094 0.484375 0.032813 0.018750
0 0.195312 0.518750 0.037500 0.018750
0 0.014063 0.536719 0.025000 0.010937
0 0.150781 0.600781 0.026562 0.010937
0 0.150000 0.617969 0.028125 0.010937
0 0.143750 0.634375 0.025000 0.012500
0 0.145313 0.646875 0.028125 0.012500
0 0.214844 0.617969 0.026562 0.014063
0 0.239063 0.632031 0.028125 0.010937
0 0.213281 0.639844 0.026562 0.017188
0 0.300000 0.604688 0.025000 0.015625
0 0.553906 0.613281 0.026562 0.014063
0 0.552344 0.630469 0.026562 0.010937
0 0.554688 0.642188 0.028125 0.012500
0 0.642969 0.628906 0.029687 0.014063
0 0.614062 0.635156 0.031250 0.014063
0 0.608594 0.653906 0.029687 0.014063
0 0.634375 0.669531 0.025000 0.014063
0 0.699219 0.639062 0.042188 0.015625
0 0.701562 0.669531 0.034375 0.014063
0 0.866406 0.875781 0.017188 0.026562
0 0.907813 0.801562 0.034375 0.012500
0 0.900000 0.830469 0.028125 0.014063
0 0.900781 0.844531 0.026562 0.014063
0 0.650781 0.893750 0.017188 0.025000
0 0.635938 0.894531 0.015625 0.023438
0 0.117188 0.888281 0.028125 0.014063
0 0.114062 0.899219 0.025000 0.007812
0 0.112500 0.907031 0.025000 0.007812
0 0.108594 0.916406 0.029687 0.010937
0 0.102344 0.936719 0.026562 0.010937
0 0.103125 0.947656 0.028125 0.007812
0 0.104688 0.955469 0.031250 0.010937
0 0.095312 0.964844 0.021875 0.010937
0 0.093750 0.977344 0.028125 0.010937
0 0.195312 0.878906 0.028125 0.014063
0 0.196094 0.890625 0.029687 0.009375
0 0.191406 0.901563 0.029687 0.009375
0 0.189062 0.910156 0.031250 0.010937
0 0.178906 0.939063 0.032813 0.015625
0 0.175000 0.957031 0.028125 0.010937
0 0.170313 0.971875 0.028125 0.012500
0 0.167969 0.977344 0.029687 0.014063
