0 0.780048 0.075721 0.021635 0.026442
0 0.587740 0.075721 0.021635 0.026442
0 0.629808 0.081731 0.019231 0.028846
0 0.587740 0.111779 0.021635 0.026442
0 0.370192 0.198317 0.028846 0.031250
0 0.453125 0.634615 0.021635 0.028846
0 0.445913 0.704327 0.021635 0.033654
0 0.469952 0.705529 0.016827 0.031250
0 0.445913 0.736779 0.021635 0.031250
0 0.490385 0.736779 0.024038 0.031250
0 0.467548 0.735577 0.021635 0.033654
0 0.525240 0.739183 0.021635 0.026442
0 0.448317 0.840144 0.021635 0.040865
0 0.490385 0.804087 0.019231 0.031250
0 0.451923 0.901442 0.024038 0.028846
0 0.474760 0.905048 0.021635 0.036058
0 0.472356 0.836538 0.021635 0.033654
0 0.567308 0.834135 0.019231 0.028846
0 0.585337 0.804087 0.021635 0.031250
0 0.623798 0.835337 0.021635 0.026442
0 0.588942 0.936298 0.019231 0.026442
0 0.550481 0.905048 0.014423 0.036058
0 0.491587 0.936298 0.021635 0.026442
0 0.513221 0.931490 0.021635 0.031250
0 0.623798 0.905048 0.021635 0.036058
0 0.526442 0.804087 0.019231 0.026442
0 0.527644 0.834135 0.021635 0.033654
0 0.567308 0.905048 0.019231 0.036058
0 0.527644 0.907452 0.021635 0.031250
0 0.549279 0.835337 0.016827 0.031250
0 0.355769 0.007212 0.048077 0.009615
0 0.530048 0.016827 0.016827 0.028846
0 0.433894 0.173077 0.021635 0.033654
