0 0.039062 0.398438 0.012500 0.021875
0 0.062500 0.398438 0.009375 0.018750
0 0.107813 0.402344 0.012500 0.017188
0 0.119531 0.403125 0.014063 0.015625
0 0.150781 0.402344 0.014063 0.020313
0 0.161719 0.403125 0.017188 0.018750
0 0.197656 0.404687 0.014063 0.021875
0 0.208594 0.404687 0.007812 0.018750
0 0.220312 0.407031 0.012500 0.020313
0 0.243750 0.412500 0.018750 0.021875
0 0.257031 0.414062 0.014063 0.018750
0 0.267969 0.417969 0.014063 0.017188
0 0.278906 0.419531 0.017188 0.020313
0 0.300000 0.428125 0.018750 0.015625
0 0.330469 0.442188 0.017188 0.021875
0 0.339062 0.446875 0.015625 0.021875
0 0.388281 0.483594 0.023438 0.023438
0 0.397656 0.492969 0.023438 0.020313
0 0.064062 0.446094 0.015625 0.020313
0 0.136719 0.446094 0.010937 0.020313
0 0.125000 0.446875 0.012500 0.021875
0 0.110937 0.446875 0.015625 0.025000
0 0.013281 0.589063 0.017188 0.018750
0 0.024219 0.592187 0.014063 0.015625
0 0.037500 0.590625 0.012500 0.018750
0 0.049219 0.592187 0.014063 0.021875
0 0.083594 0.590625 0.010937 0.018750
0 0.071094 0.590625 0.014063 0.018750
0 0.095312 0.591406 0.012500 0.017188
0 0.140625 0.596875 0.015625 0.018750
0 0.162500 0.600000 0.015625 0.021875
0 0.182812 0.600781 0.015625 0.023438
0 0.203125 0.605469 0.012500 0.020313
0 0.218750 0.607031 0.015625 0.020313
0 0.164062 0.650000 0.015625 0.018750
0 0.250781 0.612500 0.014063 0.018750
0 0.263281 0.612500 0.014063 0.018750
0 0.285156 0.617969 0.014063 0.020313
0 0.296094 0.621094 0.014063 0.020313
0 0.306250 0.619531 0.012500 0.023438
0 0.318750 0.623437 0.012500 0.018750
0 0.464844 0.546875 0.014063 0.021875
0 0.475781 0.545312 0.014063 0.018750
0 0.487500 0.543750 0.009375 0.021875
0 0.499219 0.543750 0.010937 0.021875
0 0.509375 0.542969 0.009375 0.020313
0 0.517188 0.542969 0.012500 0.023438
0 0.527344 0.540625 0.010937 0.021875
0 0.537500 0.542188 0.012500 0.025000
0 0.552344 0.538281 0.014063 0.023438
0 0.573438 0.538281 0.015625 0.023438
0 0.585938 0.535937 0.012500 0.018750
0 0.600781 0.535937 0.017188 0.021875
0 0.711719 0.544531 0.020313 0.020313
0 0.819531 0.427344 0.020313 0.010937
0 0.816406 0.436719 0.020313 0.014063
0 0.810156 0.444531 0.020313 0.014063
0 0.805469 0.452344 0.020313 0.014063
0 0.800000 0.461719 0.021875 0.014063
0 0.788281 0.475781 0.023438 0.014063
0 0.782031 0.482812 0.026562 0.015625
0 0.778125 0.491406 0.018750 0.014063
0 0.775781 0.500000 0.017188 0.012500
0 0.764844 0.514844 0.023438 0.014063
0 0.855469 0.475781 0.020313 0.017188
0 0.846875 0.483594 0.018750 0.017188
0 0.843750 0.492188 0.018750 0.015625
0 0.839844 0.501563 0.020313 0.015625
0 0.834375 0.507812 0.021875 0.018750
0 0.828125 0.517188 0.025000 0.018750
0 0.823438 0.524219 0.021875 0.017188
0 0.815625 0.533594 0.018750 0.014063
0 0.810156 0.540625 0.023438 0.015625
0 0.799219 0.564844 0.029687 0.017188
0 0.788281 0.602344 0.023438 0.014063
0 0.786719 0.617188 0.020313 0.009375
0 0.782813 0.645312 0.021875 0.012500
0 0.782031 0.657813 0.026562 0.009375
0 0.778906 0.667969 0.023438 0.010937
0 0.771094 0.685156 0.023438 0.007812
0 0.745313 0.735156 0.021875 0.014063
0 0.735156 0.750000 0.017188 0.015625
0 0.696094 0.784375 0.023438 0.018750
0 0.665625 0.803125 0.021875 0.021875
0 0.630469 0.834375 0.023438 0.021875
0 0.671875 0.737500 0.025000 0.025000
0 0.552344 0.777344 0.026562 0.026562
0 0.568750 0.792188 0.018750 0.018750
0 0.549219 0.721875 0.017188 0.021875
0 0.574219 0.736719 0.023438 0.020313
0 0.534375 0.714844 0.018750 0.023438
0 0.523438 0.708594 0.015625 0.023438
0 0.516406 0.701562 0.014063 0.018750
0 0.507031 0.698438 0.014063 0.015625
0 0.495312 0.692187 0.021875 0.018750
0 0.375781 0.569531 0.023438 0.014063
0 0.382031 0.585156 0.023438 0.010937
0 0.289844 0.780469 0.014063 0.020313
0 0.275000 0.778125 0.012500 0.018750
0 0.257031 0.775781 0.010937 0.017188
0 0.244531 0.775000 0.010937 0.018750
0 0.233594 0.775000 0.010937 0.021875
0 0.221094 0.774219 0.007812 0.023438
0 0.207813 0.773438 0.012500 0.018750
0 0.196875 0.772656 0.009375 0.017188
0 0.188281 0.770312 0.010937 0.018750
0 0.176563 0.769531 0.012500 0.020313
0 0.142969 0.765625 0.014063 0.025000
0 0.146094 0.815625 0.010937 0.015625
0 0.158594 0.815625 0.010937 0.018750
0 0.214062 0.819531 0.012500 0.020313
0 0.250000 0.821875 0.015625 0.021875
0 0.272656 0.823438 0.014063 0.021875
0 0.285156 0.823438 0.010937 0.021875
0 0.295312 0.823438 0.012500 0.021875
0 0.308594 0.826562 0.010937 0.021875
0 0.227344 0.972656 0.026562 0.010937
0 0.228125 0.982812 0.025000 0.009375
0 0.226562 0.993750 0.031250 0.009375
0 0.969531 0.870313 0.035937 0.021875
