0 0.246875 0.755469 0.018750 0.023438
0 0.242188 0.831250 0.018750 0.028125
0 0.407813 0.176563 0.034375 0.018750
0 0.796875 0.174219 0.034375 0.023438
0 0.728125 0.159375 0.028125 0.015625
0 0.984375 0.243750 0.018750 0.025000
0 0.975000 0.546875 0.021875 0.015625
0 0.978125 0.554688 0.018750 0.009375
0 0.971875 0.589844 0.021875 0.007812
0 0.974219 0.596875 0.023438 0.009375
0 0.970313 0.617969 0.025000 0.010937
0 0.953125 0.706250 0.009375 0.021875
0 0.965625 0.708594 0.015625 0.023438
0 0.921875 0.706250 0.015625 0.025000
0 0.846094 0.657813 0.010937 0.018750
0 0.921875 0.662500 0.059375 0.025000
0 0.831250 0.656250 0.009375 0.021875
0 0.803125 0.699219 0.015625 0.020313
0 0.717187 0.768750 0.025000 0.012500
0 0.717969 0.775000 0.020313 0.015625
0 0.709375 0.853125 0.025000 0.012500
0 0.706250 0.878125 0.021875 0.009375
0 0.700000 0.896875 0.025000 0.009375
0 0.706250 0.915625 0.025000 0.009375
0 0.703125 0.932813 0.025000 0.009375
0 0.703125 0.940625 0.025000 0.006250
0 0.768750 0.785937 0.025000 0.006250
0 0.771094 0.756250 0.023438 0.009375
0 0.768750 0.796875 0.028125 0.009375
0 0.762500 0.806250 0.025000 0.006250
0 0.761719 0.905469 0.026562 0.010937
0 0.759375 0.914844 0.018750 0.010937
0 0.758594 0.932813 0.023438 0.009375
0 0.758594 0.943750 0.020313 0.009375
0 0.385937 0.496875 0.018750 0.021875
