0 0.534375 0.207031 0.018750 0.026562
0 0.543750 0.287500 0.021875 0.028125
0 0.583594 0.323437 0.017188 0.025000
0 0.571094 0.365625 0.017188 0.028125
0 0.558594 0.396875 0.023438 0.012500
0 0.635938 0.453906 0.015625 0.026562
0 0.342969 0.616406 0.029687 0.017188
0 0.411719 0.599219 0.023438 0.014063
0 0.439844 0.592969 0.026562 0.010937
0 0.707812 0.529687 0.025000 0.012500
0 0.762500 0.516406 0.025000 0.014063
0 0.868750 0.156250 0.015625 0.028125
0 0.897656 0.158594 0.020313 0.026562
0 0.886719 0.204687 0.017188 0.028125
0 0.921094 0.286719 0.017188 0.023438
0 0.910156 0.478906 0.023438 0.014063
0 0.938281 0.474219 0.026562 0.014063
0 0.710938 0.560156 0.028125 0.017188
0 0.745313 0.553906 0.037500 0.014063
0 0.801562 0.539844 0.037500 0.017188
0 0.825000 0.724219 0.031250 0.023438
