0 0.283594 0.029687 0.023438 0.034375
0 0.277344 0.083594 0.020313 0.029687
0 0.279687 0.204687 0.025000 0.015625
0 0.282031 0.217188 0.023438 0.015625
0 0.282813 0.238281 0.028125 0.017188
0 0.285156 0.303125 0.029687 0.015625
0 0.239063 0.299219 0.025000 0.023438
0 0.235937 0.312500 0.025000 0.015625
0 0.935156 0.828125 0.017188 0.025000
0 0.959375 0.872656 0.021875 0.014063
0 0.910937 0.873437 0.012500 0.018750
0 0.896875 0.871094 0.012500 0.023438
0 0.885156 0.872656 0.014063 0.026562
0 0.860938 0.871875 0.015625 0.018750
0 0.860156 0.891406 0.014063 0.017188
0 0.832031 0.892969 0.020313 0.020313
0 0.911719 0.945312 0.020313 0.021875
0 0.885156 0.944531 0.014063 0.020313
0 0.870313 0.946094 0.012500 0.023438
0 0.849219 0.946875 0.014063 0.018750
0 0.784375 0.832812 0.021875 0.015625
0 0.783594 0.847656 0.026562 0.014063
0 0.784375 0.857031 0.025000 0.017188
0 0.785937 0.877344 0.021875 0.010937
0 0.789844 0.891406 0.035937 0.017188
0 0.535937 0.937500 0.028125 0.012500
0 0.158594 0.908594 0.032813 0.014063
