0 0.158654 0.233173 0.033654 0.019231
0 0.051683 0.311298 0.031250 0.021635
0 0.263221 0.393029 0.040865 0.016827
0 0.213942 0.401442 0.033654 0.024038
0 0.104567 0.474760 0.040865 0.031250
0 0.152644 0.568510 0.040865 0.026442
0 0.207933 0.603365 0.021635 0.033654
0 0.230769 0.625000 0.019231 0.024038
0 0.334135 0.615385 0.019231 0.028846
0 0.356971 0.622596 0.016827 0.028846
0 0.384615 0.621394 0.019231 0.026442
0 0.407452 0.594952 0.021635 0.031250
0 0.715144 0.527644 0.026442 0.031250
0 0.109375 0.933894 0.021635 0.026442
