0 0.494531 0.582031 0.032813 0.026562
0 0.480469 0.675000 0.026562 0.025000
0 0.376563 0.653125 0.028125 0.021875
0 0.387500 0.667188 0.028125 0.025000
0 0.400000 0.675781 0.031250 0.020313
0 0.336719 0.710938 0.029687 0.021875
0 0.245312 0.756250 0.031250 0.018750
0 0.275000 0.746875 0.031250 0.025000
0 0.417969 0.011719 0.020313 0.020313
0 0.335938 0.044531 0.018750 0.020313
0 0.196875 0.091406 0.018750 0.020313
0 0.172656 0.089844 0.017188 0.023438
0 0.178906 0.130469 0.014063 0.020313
0 0.166406 0.129688 0.010937 0.018750
0 0.156250 0.131250 0.009375 0.018750
0 0.144531 0.130469 0.014063 0.020313
0 0.122656 0.128906 0.010937 0.023438
0 0.109375 0.125781 0.012500 0.020313
0 0.059375 0.120313 0.018750 0.015625
