0 0.956731 0.568510 0.033654 0.012019
0 0.957933 0.585337 0.031250 0.012019
0 0.955529 0.612981 0.031250 0.014423
0 0.945913 0.631010 0.040865 0.012019
0 0.949519 0.661058 0.038462 0.014423
0 0.949519 0.675481 0.038462 0.014423
0 0.329327 0.662260 0.014423 0.021635
0 0.364183 0.674279 0.016827 0.026442
0 0.396635 0.676683 0.014423 0.026442
0 0.429087 0.676683 0.012019 0.026442
0 0.584135 0.681490 0.014423 0.021635
0 0.616587 0.691106 0.016827 0.021635
0 0.427885 0.611779 0.014423 0.026442
0 0.443510 0.612981 0.012019 0.024038
0 0.204327 0.631010 0.014423 0.026442
0 0.052885 0.616587 0.014423 0.021635
0 0.034856 0.616587 0.016827 0.021635
0 0.007212 0.615385 0.009615 0.028846
0 0.683894 0.146635 0.031250 0.024038
0 0.662260 0.137019 0.021635 0.024038
0 0.938702 0.132212 0.016827 0.028846
0 0.959135 0.099760 0.019231 0.016827
0 0.986779 0.085337 0.016827 0.016827
0 0.882212 0.022837 0.019231 0.021635
0 0.927885 0.042067 0.019231 0.021635
0 0.783654 0.038462 0.019231 0.028846
0 0.756010 0.037260 0.021635 0.026442
0 0.525240 0.615385 0.021635 0.024038
0 0.566106 0.615385 0.016827 0.028846
0 0.600962 0.618990 0.019231 0.021635
0 0.465144 0.616587 0.007212 0.026442
0 0.818510 0.068510 0.026442 0.031250
0 0.834135 0.072115 0.028846 0.028846
0 0.850962 0.084135 0.028846 0.028846
0 0.775240 0.275240 0.031250 0.021635
0 0.799279 0.290865 0.031250 0.024038
