0 0.116406 0.482812 0.029687 0.015625
0 0.514844 0.396094 0.026562 0.017188
0 0.492969 0.411719 0.032813 0.020313
0 0.517969 0.503906 0.029687 0.017188
0 0.642969 0.485156 0.032813 0.014063
0 0.507812 0.771875 0.028125 0.009375
0 0.505469 0.779687 0.020313 0.009375
0 0.503125 0.790625 0.018750 0.009375
0 0.503125 0.799219 0.031250 0.010937
0 0.499219 0.810156 0.020313 0.007812
0 0.461719 0.910156 0.026562 0.014063
0 0.460156 0.922656 0.023438 0.007812
0 0.457031 0.946094 0.029687 0.014063
0 0.457031 0.958594 0.029687 0.014063
0 0.545312 0.857812 0.028125 0.012500
0 0.535937 0.874219 0.021875 0.014063
0 0.532813 0.885156 0.028125 0.014063
0 0.525781 0.903125 0.023438 0.012500
0 0.521094 0.921875 0.032813 0.015625
0 0.518750 0.947656 0.025000 0.007812
0 0.524219 0.963281 0.023438 0.010937
0 0.524219 0.983594 0.023438 0.007812
0 0.528125 0.993750 0.028125 0.012500
0 0.636719 0.776563 0.010937 0.015625
0 0.650000 0.778906 0.012500 0.020313
