0 0.129688 0.030469 0.018750 0.020313
0 0.171875 0.052344 0.025000 0.026562
0 0.154688 0.179688 0.025000 0.028125
0 0.470313 0.151562 0.021875 0.028125
0 0.495312 0.149219 0.015625 0.017188
0 0.528906 0.146875 0.017188 0.018750
0 0.549219 0.141406 0.014063 0.020313
0 0.571094 0.137500 0.017188 0.018750
0 0.585156 0.137500 0.014063 0.018750
0 0.598437 0.137500 0.015625 0.021875
0 0.521094 0.185156 0.014063 0.020313
0 0.543750 0.188281 0.012500 0.023438
0 0.557031 0.184375 0.014063 0.018750
0 0.568750 0.184375 0.012500 0.018750
0 0.580469 0.185938 0.010937 0.015625
0 0.739062 0.200000 0.015625 0.012500
0 0.699219 0.249219 0.020313 0.020313
0 0.617188 0.470313 0.031250 0.018750
0 0.517188 0.501563 0.034375 0.018750
0 0.475000 0.493750 0.031250 0.015625
0 0.480469 0.517188 0.023438 0.015625
0 0.692969 0.760938 0.017188 0.021875
0 0.813281 0.805469 0.026562 0.017188
0 0.835938 0.834375 0.028125 0.021875
0 0.817969 0.850000 0.032813 0.021875
0 0.861719 0.879687 0.023438 0.018750
0 0.881250 0.872656 0.012500 0.020313
0 0.645312 0.905469 0.021875 0.010937
0 0.680469 0.913281 0.026562 0.010937
0 0.580469 0.929688 0.023438 0.009375
0 0.585938 0.940625 0.025000 0.009375
0 0.399219 0.855469 0.026562 0.014063
0 0.355469 0.877344 0.023438 0.010937
0 0.231250 0.903125 0.031250 0.015625
0 0.455469 0.962500 0.035937 0.015625
