0 0.806250 0.073438 0.021875 0.012500
0 0.893750 0.068750 0.034375 0.015625
0 0.946875 0.176563 0.025000 0.015625
0 0.962500 0.185938 0.025000 0.015625
0 0.653125 0.306250 0.028125 0.015625
0 0.678125 0.350000 0.028125 0.015625
0 0.693750 0.396094 0.031250 0.020313
0 0.718750 0.446875 0.025000 0.015625
0 0.734375 0.483594 0.025000 0.014063
0 0.796875 0.364063 0.025000 0.015625
0 0.815625 0.406250 0.031250 0.015625
0 0.830469 0.442969 0.029687 0.017188
0 0.852344 0.480469 0.029687 0.014063
0 0.887500 0.364844 0.031250 0.010937
0 0.914844 0.407813 0.029687 0.018750
0 0.931250 0.446094 0.034375 0.017188
0 0.008594 0.073438 0.014063 0.025000
