0 0.071875 0.028906 0.021875 0.026562
0 0.876563 0.007812 0.021875 0.012500
0 0.872656 0.011719 0.029687 0.010937
0 0.875781 0.020313 0.032813 0.009375
0 0.874219 0.031250 0.026562 0.009375
0 0.874219 0.041406 0.032813 0.017188
0 0.879687 0.069531 0.025000 0.014063
0 0.874219 0.083594 0.026562 0.014063
0 0.634375 0.142187 0.028125 0.015625
0 0.664844 0.154688 0.026562 0.012500
0 0.876563 0.300000 0.018750 0.028125
0 0.832812 0.720313 0.012500 0.021875
0 0.856250 0.745313 0.018750 0.018750
0 0.413281 0.559375 0.017188 0.021875
0 0.424219 0.621094 0.014063 0.023438
0 0.435937 0.623437 0.015625 0.021875
0 0.564844 0.665625 0.017188 0.025000
0 0.408594 0.742969 0.020313 0.026562
0 0.441406 0.730469 0.017188 0.023438
0 0.515625 0.726562 0.012500 0.025000
0 0.529687 0.725781 0.015625 0.020313
0 0.530469 0.746094 0.017188 0.026562
0 0.253906 0.650000 0.023438 0.021875
0 0.784375 0.983594 0.012500 0.026562
0 0.872656 0.992969 0.017188 0.007812
