0 0.830469 0.054688 0.010937 0.018750
0 0.840625 0.059375 0.009375 0.015625
0 0.821875 0.408594 0.025000 0.020313
0 0.862500 0.390625 0.018750 0.015625
0 0.845313 0.402344 0.025000 0.017188
0 0.871094 0.382812 0.023438 0.015625
0 0.881250 0.367969 0.025000 0.010937
0 0.887500 0.358594 0.021875 0.007812
0 0.893750 0.353125 0.021875 0.009375
0 0.893750 0.340625 0.025000 0.009375
0 0.898438 0.332813 0.025000 0.012500
0 0.896875 0.324219 0.025000 0.007812
0 0.893750 0.314844 0.021875 0.010937
0 0.892969 0.303125 0.020313 0.006250
0 0.884375 0.293750 0.015625 0.012500
0 0.875000 0.287500 0.012500 0.018750
0 0.867188 0.283594 0.012500 0.020313
0 0.853125 0.281250 0.015625 0.018750
0 0.840625 0.275000 0.012500 0.021875
0 0.828125 0.273438 0.009375 0.015625
0 0.815625 0.275000 0.012500 0.015625
0 0.804688 0.275000 0.012500 0.015625
0 0.793750 0.277344 0.015625 0.017188
0 0.781250 0.278125 0.015625 0.015625
0 0.767969 0.284375 0.014063 0.015625
0 0.761719 0.289844 0.017188 0.017188
0 0.710938 0.323437 0.025000 0.015625
0 0.703125 0.332813 0.018750 0.009375
0 0.696875 0.342969 0.018750 0.007812
0 0.693750 0.352344 0.018750 0.010937
0 0.690625 0.361719 0.025000 0.010937
0 0.687500 0.368750 0.021875 0.009375
0 0.690625 0.379688 0.025000 0.012500
0 0.821875 0.315625 0.012500 0.021875
0 0.809375 0.321094 0.012500 0.020313
0 0.798438 0.318750 0.009375 0.018750
0 0.787500 0.321875 0.009375 0.015625
0 0.777344 0.328125 0.010937 0.015625
0 0.765625 0.331250 0.015625 0.018750
0 0.760938 0.337500 0.015625 0.015625
0 0.753125 0.346094 0.018750 0.014063
0 0.753125 0.356250 0.021875 0.012500
0 0.771094 0.377344 0.014063 0.020313
0 0.784375 0.378125 0.009375 0.015625
0 0.792969 0.374219 0.007812 0.017188
0 0.803125 0.371875 0.009375 0.015625
0 0.814063 0.367188 0.015625 0.018750
0 0.821875 0.359375 0.018750 0.018750
0 0.827344 0.353125 0.017188 0.015625
0 0.831250 0.349219 0.021875 0.020313
0 0.839063 0.340625 0.018750 0.012500
0 0.918750 0.609375 0.025000 0.015625
0 0.778125 0.646875 0.012500 0.018750
0 0.800000 0.646875 0.009375 0.018750
0 0.846094 0.652344 0.020313 0.010937
0 0.809375 0.686719 0.015625 0.020313
0 0.595313 0.478125 0.021875 0.012500
0 0.698438 0.482812 0.025000 0.012500
0 0.381250 0.403125 0.015625 0.025000
0 0.201563 0.650000 0.015625 0.021875
0 0.103125 0.659375 0.028125 0.025000
0 0.078906 0.668750 0.014063 0.018750
0 0.609375 0.900000 0.018750 0.018750
0 0.543750 0.865625 0.018750 0.025000
0 0.580469 0.117188 0.035937 0.018750
