0 0.410938 0.203125 0.012500 0.018750
0 0.407813 0.244531 0.012500 0.026562
0 0.418750 0.245312 0.012500 0.018750
0 0.420312 0.264062 0.012500 0.018750
0 0.432031 0.261719 0.014063 0.023438
0 0.428906 0.303906 0.014063 0.017188
0 0.442188 0.303906 0.012500 0.017188
0 0.455469 0.303125 0.014063 0.018750
0 0.488281 0.305469 0.014063 0.023438
0 0.510156 0.289062 0.023438 0.015625
0 0.467187 0.322656 0.012500 0.017188
0 0.454688 0.322656 0.012500 0.014063
0 0.432812 0.322656 0.012500 0.017188
0 0.421094 0.323437 0.010937 0.018750
0 0.407813 0.325781 0.015625 0.020313
0 0.514062 0.364844 0.015625 0.023438
0 0.491406 0.383594 0.014063 0.023438
0 0.479687 0.365625 0.012500 0.018750
0 0.467187 0.364063 0.012500 0.018750
0 0.455469 0.361719 0.010937 0.017188
0 0.457813 0.382812 0.012500 0.018750
0 0.442969 0.363281 0.010937 0.017188
0 0.434375 0.382812 0.012500 0.018750
0 0.422656 0.364844 0.014063 0.017188
0 0.407813 0.365625 0.012500 0.018750
0 0.411719 0.383594 0.014063 0.020313
0 0.410938 0.424219 0.012500 0.020313
0 0.425000 0.426563 0.012500 0.021875
0 0.413281 0.479687 0.014063 0.021875
0 0.425781 0.562500 0.020313 0.021875
0 0.539844 0.550781 0.014063 0.014063
0 0.410156 0.609375 0.017188 0.009375
0 0.285938 0.621094 0.012500 0.017188
0 0.271875 0.621094 0.012500 0.017188
0 0.256250 0.619531 0.012500 0.017188
0 0.275000 0.664062 0.012500 0.018750
0 0.261719 0.664062 0.010937 0.018750
0 0.251563 0.664844 0.012500 0.020313
0 0.239063 0.665625 0.009375 0.018750
0 0.226562 0.664844 0.009375 0.017188
0 0.215625 0.662500 0.009375 0.015625
0 0.205469 0.663281 0.010937 0.017188
0 0.192188 0.664844 0.012500 0.020313
0 0.180469 0.663281 0.007812 0.017188
0 0.169531 0.663281 0.010937 0.017188
0 0.182812 0.685156 0.012500 0.017188
0 0.215625 0.685156 0.012500 0.020313
0 0.229687 0.684375 0.012500 0.018750
0 0.077344 0.620313 0.023438 0.012500
0 0.114062 0.635156 0.025000 0.010937
0 0.116406 0.651563 0.026562 0.012500
0 0.113281 0.670312 0.026562 0.012500
0 0.114844 0.718750 0.023438 0.012500
0 0.139844 0.732031 0.017188 0.026562
0 0.060156 0.527344 0.017188 0.007812
0 0.054688 0.518750 0.021875 0.009375
0 0.056250 0.508594 0.021875 0.007812
0 0.057813 0.500000 0.018750 0.009375
0 0.053906 0.490625 0.023438 0.009375
0 0.009375 0.451562 0.015625 0.009375
0 0.010937 0.480469 0.018750 0.007812
0 0.008594 0.490625 0.014063 0.009375
0 0.007812 0.500781 0.012500 0.010937
0 0.008594 0.510156 0.014063 0.007812
0 0.008594 0.517188 0.014063 0.009375
0 0.341406 0.975000 0.014063 0.018750
0 0.365625 0.975781 0.015625 0.020313
