0 0.196875 0.183594 0.021875 0.026562
0 0.032813 0.346875 0.028125 0.009375
0 0.034375 0.355469 0.025000 0.007812
0 0.121875 0.442188 0.028125 0.012500
0 0.121094 0.462500 0.029687 0.012500
0 0.120313 0.475000 0.025000 0.009375
0 0.121094 0.484375 0.026562 0.012500
0 0.078125 0.628125 0.025000 0.012500
0 0.021094 0.651563 0.020313 0.021875
0 0.025000 0.696875 0.021875 0.021875
0 0.054688 0.696094 0.018750 0.020313
0 0.093750 0.709375 0.031250 0.015625
0 0.093750 0.725000 0.028125 0.012500
0 0.178125 0.699219 0.018750 0.023438
0 0.203125 0.696094 0.018750 0.023438
0 0.425000 0.706250 0.025000 0.018750
0 0.361719 0.737500 0.017188 0.021875
0 0.348438 0.737500 0.015625 0.021875
0 0.334375 0.739062 0.015625 0.025000
0 0.298438 0.742969 0.015625 0.020313
0 0.285938 0.745313 0.015625 0.018750
0 0.259375 0.743750 0.015625 0.021875
0 0.224219 0.746094 0.017188 0.023438
0 0.181250 0.746094 0.018750 0.023438
0 0.160938 0.756250 0.025000 0.012500
0 0.100000 0.756250 0.034375 0.015625
0 0.240625 0.793750 0.018750 0.021875
0 0.228125 0.796094 0.018750 0.020313
0 0.203125 0.800000 0.021875 0.021875
0 0.139063 0.853125 0.021875 0.025000
0 0.164062 0.850000 0.021875 0.025000
0 0.187500 0.846875 0.021875 0.025000
0 0.296875 0.843750 0.021875 0.021875
