0 0.554688 0.196094 0.028125 0.020313
0 0.645312 0.210938 0.034375 0.018750
0 0.975781 0.228125 0.035937 0.018750
0 0.952344 0.341406 0.014063 0.026562
0 0.975000 0.342187 0.015625 0.018750
0 0.303906 0.369531 0.020313 0.023438
0 0.331250 0.371094 0.018750 0.020313
0 0.383594 0.371094 0.017188 0.026562
0 0.079687 0.442969 0.025000 0.014063
0 0.082031 0.484375 0.029687 0.018750
0 0.007812 0.521094 0.012500 0.020313
0 0.592969 0.468750 0.029687 0.015625
0 0.593750 0.490625 0.028125 0.012500
0 0.583594 0.539062 0.029687 0.015625
0 0.907813 0.703906 0.031250 0.014063
0 0.910937 0.718750 0.028125 0.009375
0 0.910156 0.728125 0.029687 0.009375
0 0.913281 0.736719 0.023438 0.014063
0 0.912500 0.749219 0.031250 0.010937
0 0.843750 0.750781 0.028125 0.014063
0 0.846875 0.770312 0.034375 0.012500
0 0.841406 0.780469 0.026562 0.010937
0 0.515625 0.659375 0.018750 0.012500
0 0.519531 0.671875 0.023438 0.012500
0 0.481250 0.728906 0.028125 0.014063
0 0.160938 0.696094 0.018750 0.017188
0 0.128906 0.682813 0.026562 0.018750
0 0.072656 0.686719 0.026562 0.017188
0 0.053906 0.700781 0.020313 0.020313
0 0.025000 0.728125 0.028125 0.018750
0 0.257812 0.803125 0.021875 0.018750
0 0.272656 0.813281 0.023438 0.020313
0 0.282813 0.821875 0.025000 0.018750
0 0.353906 0.861719 0.023438 0.020313
0 0.289062 0.904687 0.021875 0.018750
0 0.228906 0.867969 0.023438 0.020313
0 0.217969 0.859375 0.020313 0.018750
0 0.199219 0.848437 0.020313 0.018750
0 0.182812 0.839063 0.021875 0.021875
0 0.035156 0.815625 0.023438 0.018750
0 0.114062 0.847656 0.021875 0.026562
