0 0.402344 0.012500 0.017188 0.015625
0 0.415625 0.117188 0.031250 0.012500
0 0.046094 0.146875 0.026562 0.021875
0 0.057813 0.139063 0.025000 0.021875
0 0.073438 0.137500 0.025000 0.021875
0 0.090625 0.139063 0.025000 0.025000
0 0.106250 0.137500 0.025000 0.025000
0 0.117969 0.134375 0.020313 0.025000
0 0.131250 0.133594 0.021875 0.020313
0 0.150000 0.140625 0.018750 0.025000
0 0.165625 0.140625 0.012500 0.025000
0 0.178125 0.149219 0.012500 0.020313
0 0.189844 0.158594 0.017188 0.020313
0 0.193750 0.170313 0.028125 0.015625
0 0.203125 0.184375 0.028125 0.018750
0 0.208594 0.207813 0.029687 0.015625
0 0.203125 0.221875 0.025000 0.015625
0 0.199219 0.231250 0.029687 0.009375
0 0.196094 0.243750 0.032813 0.015625
0 0.187500 0.252344 0.028125 0.010937
0 0.178125 0.262500 0.034375 0.015625
0 0.160938 0.278125 0.028125 0.015625
0 0.152344 0.287500 0.029687 0.018750
0 0.139844 0.296875 0.032813 0.021875
0 0.111719 0.306250 0.039062 0.025000
0 0.056250 0.321875 0.025000 0.025000
0 0.037500 0.205469 0.015625 0.017188
0 0.052344 0.196875 0.017188 0.018750
0 0.065625 0.193750 0.018750 0.021875
0 0.093750 0.189844 0.018750 0.023438
0 0.111719 0.189844 0.020313 0.023438
0 0.021094 0.236719 0.029687 0.020313
0 0.125000 0.225000 0.025000 0.018750
0 0.121875 0.233594 0.025000 0.020313
0 0.111719 0.243750 0.026562 0.025000
0 0.089063 0.260937 0.018750 0.021875
0 0.078125 0.264844 0.015625 0.020313
0 0.059375 0.264844 0.012500 0.023438
0 0.043750 0.262500 0.018750 0.021875
0 0.240625 0.568750 0.034375 0.015625
0 0.793750 0.589844 0.025000 0.026562
0 0.086719 0.609375 0.017188 0.021875
0 0.062500 0.612500 0.015625 0.021875
0 0.145313 0.618750 0.031250 0.015625
0 0.096875 0.664844 0.018750 0.023438
0 0.957031 0.728906 0.020313 0.029687
