0 0.668750 0.089063 0.021875 0.025000
0 0.721875 0.167969 0.018750 0.023438
0 0.705469 0.164844 0.014063 0.026562
0 0.687500 0.171875 0.015625 0.025000
0 0.668750 0.165625 0.018750 0.021875
0 0.565625 0.124219 0.031250 0.017188
0 0.581250 0.154688 0.021875 0.015625
0 0.037500 0.324219 0.034375 0.017188
0 0.028125 0.384375 0.034375 0.018750
0 0.028125 0.400000 0.021875 0.012500
0 0.080469 0.478125 0.020313 0.025000
0 0.058594 0.626563 0.017188 0.028125
0 0.252344 0.837500 0.029687 0.025000
0 0.384375 0.975000 0.025000 0.018750
