0 0.038281 0.611719 0.023438 0.010937
0 0.875000 0.703125 0.021875 0.012500
0 0.742188 0.793750 0.012500 0.018750
0 0.718750 0.791406 0.015625 0.023438
0 0.442188 0.779687 0.018750 0.021875
0 0.421875 0.781250 0.015625 0.021875
0 0.339062 0.774219 0.012500 0.020313
0 0.325781 0.774219 0.014063 0.020313
0 0.115625 0.689063 0.009375 0.015625
0 0.042969 0.753906 0.020313 0.020313
0 0.029687 0.752344 0.015625 0.023438
0 0.014844 0.753125 0.017188 0.021875
0 0.006250 0.750000 0.009375 0.021875
0 0.144531 0.973437 0.023438 0.015625
0 0.110937 0.971875 0.028125 0.012500
0 0.624219 0.853125 0.020313 0.009375
0 0.625000 0.861719 0.025000 0.007812
0 0.645312 0.846875 0.021875 0.009375
0 0.560937 0.873437 0.028125 0.012500
0 0.562500 0.885938 0.031250 0.009375
