0 0.893029 0.881010 0.016827 0.031250
0 0.866587 0.883413 0.021635 0.040865
0 0.834135 0.890625 0.024038 0.031250
0 0.817308 0.883413 0.019231 0.021635
0 0.814904 0.787260 0.019231 0.031250
0 0.819712 0.287260 0.043269 0.021635
0 0.772837 0.287260 0.031250 0.016827
0 0.740385 0.287260 0.033654 0.016827
0 0.525240 0.360577 0.021635 0.028846
0 0.501202 0.362981 0.016827 0.028846
0 0.427885 0.350962 0.019231 0.028846
0 0.459135 0.272837 0.033654 0.016827
0 0.304087 0.258413 0.040865 0.021635
0 0.334135 0.618990 0.048077 0.021635
0 0.058894 0.599760 0.021635 0.040865
0 0.009615 0.544471 0.014423 0.021635
0 0.506010 0.271635 0.036058 0.019231
0 0.445913 0.359375 0.016827 0.021635
0 0.462740 0.361779 0.016827 0.026442
0 0.481971 0.360577 0.021635 0.033654
