0 0.388281 0.181250 0.020313 0.028125
0 0.225781 0.273438 0.026562 0.025000
0 0.562500 0.175781 0.021875 0.023438
0 0.582031 0.239063 0.017188 0.028125
0 0.400000 0.243750 0.015625 0.021875
0 0.415625 0.243750 0.015625 0.021875
0 0.542188 0.286719 0.018750 0.023438
0 0.417187 0.354687 0.015625 0.021875
0 0.492969 0.347656 0.014063 0.023438
0 0.507031 0.350000 0.014063 0.021875
0 0.508594 0.370312 0.017188 0.021875
0 0.860938 0.296875 0.015625 0.025000
0 0.816406 0.343750 0.017188 0.021875
0 0.838281 0.346094 0.017188 0.023438
0 0.863281 0.346875 0.020313 0.021875
0 0.839844 0.370312 0.014063 0.021875
0 0.854688 0.632031 0.018750 0.023438
0 0.803125 0.798438 0.025000 0.015625
0 0.411719 0.839063 0.029687 0.015625
0 0.551562 0.948438 0.028125 0.015625
0 0.475000 0.950000 0.025000 0.012500
