0 0.078125 0.072656 0.034375 0.017188
0 0.219531 0.090625 0.020313 0.012500
0 0.228906 0.071875 0.023438 0.018750
0 0.359375 0.081250 0.018750 0.021875
0 0.050781 0.102344 0.017188 0.023438
0 0.518750 0.362500 0.028125 0.021875
0 0.645312 0.502344 0.021875 0.026562
0 0.246094 0.592969 0.032813 0.017188
0 0.239844 0.343750 0.020313 0.025000
0 0.085156 0.480469 0.035937 0.048438
0 0.042969 0.621094 0.026562 0.026562
0 0.454688 0.741406 0.018750 0.023438
0 0.478906 0.758594 0.023438 0.023438
0 0.420312 0.917188 0.021875 0.025000
0 0.862500 0.853125 0.018750 0.031250
0 0.926562 0.707031 0.018750 0.020313
0 0.991406 0.603125 0.017188 0.031250
0 0.985156 0.667969 0.023438 0.026562
