0 0.766406 0.238281 0.032813 0.014063
0 0.952344 0.286719 0.026562 0.017188
0 0.980469 0.282031 0.026562 0.014063
0 0.878906 0.335938 0.032813 0.021875
0 0.891406 0.369531 0.026562 0.017188
0 0.908594 0.396875 0.029687 0.021875
0 0.946875 0.421094 0.018750 0.026562
0 0.963281 0.435937 0.017188 0.021875
0 0.698438 0.431250 0.015625 0.021875
0 0.658594 0.423438 0.017188 0.025000
0 0.614062 0.425781 0.015625 0.026562
0 0.560156 0.430469 0.032813 0.014063
0 0.558594 0.443750 0.026562 0.018750
0 0.560156 0.471875 0.026562 0.012500
0 0.555469 0.505469 0.023438 0.010937
0 0.553125 0.532813 0.025000 0.009375
0 0.556250 0.545312 0.018750 0.009375
0 0.739844 0.473438 0.026562 0.015625
0 0.736719 0.494531 0.039062 0.014063
0 0.735938 0.506250 0.028125 0.012500
0 0.740625 0.567187 0.025000 0.009375
0 0.729688 0.543750 0.031250 0.015625
0 0.879687 0.637500 0.018750 0.025000
0 0.973437 0.716406 0.018750 0.023438
0 0.675781 0.818750 0.026562 0.012500
0 0.675000 0.828125 0.031250 0.012500
0 0.614844 0.780469 0.017188 0.023438
0 0.575000 0.823438 0.021875 0.012500
0 0.586719 0.834375 0.023438 0.009375
0 0.586719 0.736719 0.029687 0.010937
0 0.573438 0.759375 0.031250 0.012500
0 0.578906 0.771875 0.026562 0.009375
0 0.658594 0.911719 0.029687 0.014063
0 0.583594 0.910156 0.032813 0.017188
0 0.555469 0.970313 0.035937 0.015625
0 0.659375 0.942187 0.025000 0.015625
0 0.657813 0.953906 0.028125 0.014063
0 0.936719 0.985156 0.020313 0.029687
0 0.352344 0.608594 0.010937 0.020313
0 0.340625 0.607031 0.012500 0.020313
0 0.320312 0.607812 0.012500 0.021875
0 0.305469 0.609375 0.014063 0.021875
0 0.327344 0.676562 0.014063 0.018750
0 0.408594 0.678906 0.014063 0.026562
0 0.425000 0.683594 0.015625 0.020313
0 0.441406 0.682031 0.017188 0.023438
0 0.456250 0.685156 0.012500 0.020313
0 0.279687 0.652344 0.031250 0.017188
0 0.174219 0.603906 0.020313 0.026562
0 0.137500 0.620313 0.021875 0.025000
0 0.104688 0.619531 0.015625 0.017188
0 0.094531 0.628125 0.017188 0.021875
0 0.150781 0.698438 0.017188 0.018750
0 0.167187 0.692187 0.021875 0.025000
0 0.182031 0.687500 0.020313 0.021875
0 0.096094 0.694531 0.020313 0.023438
0 0.104688 0.713281 0.018750 0.020313
0 0.316406 0.991406 0.035937 0.017188
