0 0.460337 0.631010 0.026442 0.031250
0 0.513221 0.679087 0.021635 0.026442
0 0.500000 0.725962 0.024038 0.024038
0 0.536058 0.729567 0.019231 0.021635
0 0.856971 0.474760 0.021635 0.026442
0 0.911058 0.522837 0.024038 0.031250
0 0.923077 0.635817 0.024038 0.021635
0 0.936298 0.598558 0.021635 0.024038
0 0.578125 0.835337 0.021635 0.026442
0 0.664663 0.961538 0.036058 0.019231
0 0.774038 0.937500 0.043269 0.024038
0 0.911058 0.865385 0.028846 0.019231
0 0.706731 0.959135 0.048077 0.028846
0 0.948317 0.860577 0.040865 0.028846
0 0.878606 0.537260 0.021635 0.031250
