0 0.088942 0.084135 0.043269 0.019231
0 0.703125 0.177885 0.016827 0.024038
0 0.736779 0.182692 0.021635 0.019231
0 0.800481 0.177885 0.019231 0.024038
0 0.219952 0.206731 0.031250 0.014423
0 0.204327 0.253606 0.028846 0.012019
0 0.194712 0.264423 0.028846 0.014423
0 0.201923 0.295673 0.033654 0.014423
0 0.278846 0.352163 0.019231 0.021635
0 0.335337 0.362981 0.021635 0.019231
0 0.426683 0.314904 0.026442 0.014423
0 0.481971 0.557692 0.026442 0.024038
0 0.524038 0.576923 0.024038 0.019231
0 0.413462 0.562500 0.024038 0.019231
0 0.393029 0.581731 0.026442 0.019231
0 0.354567 0.612981 0.026442 0.019231
0 0.308894 0.645433 0.026442 0.016827
0 0.370192 0.718750 0.024038 0.019231
0 0.466346 0.762019 0.024038 0.024038
0 0.557692 0.753606 0.019231 0.021635
0 0.572115 0.763221 0.019231 0.021635
0 0.614183 0.784856 0.021635 0.021635
0 0.644231 0.706731 0.019231 0.019231
0 0.662260 0.718750 0.021635 0.024038
0 0.675481 0.729567 0.019231 0.021635
0 0.765625 0.781250 0.021635 0.019231
0 0.685096 0.830529 0.019231 0.021635
0 0.096154 0.944712 0.024038 0.019231
0 0.149038 0.927885 0.024038 0.024038
0 0.182692 0.903846 0.019231 0.019231
0 0.194712 0.894231 0.019231 0.019231
0 0.296875 0.906250 0.026442 0.019231
0 0.322115 0.951923 0.028846 0.019231
