0 0.143750 0.037500 0.021875 0.025000
0 0.012500 0.112500 0.018750 0.028125
0 0.090625 0.103125 0.018750 0.025000
0 0.107813 0.104688 0.015625 0.018750
0 0.106250 0.124219 0.018750 0.023438
0 0.434375 0.100000 0.021875 0.025000
0 0.455469 0.125000 0.017188 0.025000
0 0.071094 0.737500 0.029687 0.018750
0 0.149219 0.731250 0.029687 0.015625
0 0.201563 0.830469 0.021875 0.014063
0 0.309375 0.809375 0.031250 0.015625
0 0.418750 0.575000 0.031250 0.012500
0 0.378125 0.381250 0.021875 0.025000
0 0.474219 0.400000 0.023438 0.025000
0 0.918750 0.389844 0.012500 0.017188
0 0.905469 0.390625 0.010937 0.018750
0 0.890625 0.392969 0.015625 0.020313
0 0.909375 0.436719 0.009375 0.020313
0 0.898438 0.436719 0.009375 0.017188
0 0.885938 0.437500 0.012500 0.018750
0 0.874219 0.437500 0.010937 0.021875
0 0.862500 0.437500 0.009375 0.021875
0 0.850000 0.436719 0.012500 0.017188
0 0.837500 0.434375 0.009375 0.018750
0 0.828125 0.434375 0.012500 0.018750
0 0.814844 0.436719 0.010937 0.017188
0 0.800000 0.434375 0.012500 0.021875
0 0.815625 0.457813 0.012500 0.021875
0 0.846875 0.458594 0.015625 0.020313
0 0.859375 0.458594 0.015625 0.020313
0 0.742969 0.406250 0.026562 0.012500
0 0.745313 0.423438 0.025000 0.012500
0 0.742188 0.442188 0.028125 0.012500
0 0.743750 0.490625 0.025000 0.009375
0 0.767969 0.506250 0.020313 0.025000
0 0.699219 0.390625 0.026562 0.015625
0 0.628125 0.108594 0.025000 0.014063
0 0.625000 0.134375 0.021875 0.009375
0 0.627344 0.146875 0.023438 0.009375
0 0.627344 0.162500 0.023438 0.009375
0 0.625000 0.174219 0.025000 0.007812
0 0.625000 0.181250 0.021875 0.006250
0 0.625000 0.187500 0.025000 0.006250
0 0.624219 0.200000 0.020313 0.009375
0 0.625000 0.209375 0.021875 0.006250
0 0.628125 0.243750 0.031250 0.009375
0 0.626563 0.262500 0.025000 0.009375
0 0.680469 0.281250 0.023438 0.009375
0 0.680469 0.271094 0.020313 0.010937
0 0.679688 0.253125 0.025000 0.006250
0 0.680469 0.237500 0.023438 0.012500
0 0.679688 0.225000 0.025000 0.009375
0 0.680469 0.140625 0.023438 0.009375
0 0.681250 0.150000 0.021875 0.006250
0 0.681250 0.159375 0.021875 0.006250
0 0.679688 0.170313 0.021875 0.009375
0 0.681250 0.179688 0.025000 0.009375
0 0.681250 0.189844 0.025000 0.010937
0 0.682813 0.217969 0.021875 0.007812
0 0.681250 0.209375 0.025000 0.006250
0 0.681250 0.200000 0.025000 0.006250
