0 0.327344 0.370312 0.032813 0.012500
0 0.685156 0.547656 0.026562 0.014063
0 0.726562 0.615625 0.015625 0.021875
0 0.736719 0.621094 0.017188 0.020313
0 0.985156 0.850781 0.026562 0.017188
0 0.585938 0.926562 0.031250 0.015625
0 0.575781 0.932813 0.023438 0.015625
0 0.571094 0.945312 0.026562 0.012500
0 0.567969 0.958594 0.026562 0.010937
0 0.564063 0.966406 0.025000 0.010937
0 0.561719 0.978125 0.023438 0.012500
0 0.564063 0.988281 0.021875 0.010937
0 0.649219 0.883594 0.023438 0.020313
0 0.654687 0.877344 0.021875 0.017188
0 0.668750 0.872656 0.021875 0.020313
0 0.682813 0.867969 0.018750 0.020313
0 0.696094 0.868750 0.017188 0.018750
0 0.710938 0.867969 0.015625 0.020313
0 0.723437 0.864844 0.015625 0.020313
0 0.737500 0.867969 0.015625 0.023438
0 0.751563 0.872656 0.015625 0.017188
0 0.766406 0.875000 0.010937 0.021875
0 0.776563 0.880469 0.015625 0.023438
0 0.788281 0.890625 0.020313 0.015625
0 0.798438 0.899219 0.021875 0.014063
0 0.799219 0.910156 0.023438 0.014063
0 0.804688 0.921875 0.028125 0.012500
0 0.801562 0.933594 0.028125 0.010937
0 0.798438 0.944531 0.025000 0.010937
0 0.798438 0.954688 0.025000 0.009375
0 0.792188 0.961719 0.025000 0.007812
0 0.786719 0.972656 0.023438 0.010937
0 0.767188 0.989062 0.028125 0.012500
0 0.757812 0.994531 0.025000 0.010937
0 0.714063 0.917188 0.018750 0.021875
0 0.700781 0.917188 0.017188 0.018750
0 0.688281 0.918750 0.014063 0.018750
0 0.675781 0.923438 0.014063 0.018750
0 0.664844 0.926562 0.014063 0.018750
0 0.653906 0.932031 0.014063 0.017188
0 0.646094 0.939063 0.017188 0.015625
0 0.635156 0.946094 0.023438 0.014063
0 0.636719 0.960938 0.023438 0.012500
0 0.656250 0.987500 0.018750 0.021875
0 0.671875 0.985156 0.012500 0.023438
0 0.683594 0.984375 0.017188 0.021875
0 0.696875 0.980469 0.009375 0.020313
0 0.703906 0.975781 0.020313 0.020313
0 0.714844 0.966406 0.020313 0.020313
0 0.723437 0.957812 0.018750 0.018750
0 0.728125 0.951562 0.021875 0.018750
0 0.733594 0.943750 0.026562 0.015625
