0 0.076563 0.228125 0.021875 0.015625
0 0.073438 0.237500 0.025000 0.006250
0 0.100000 0.227344 0.028125 0.010937
0 0.100000 0.237500 0.025000 0.006250
0 0.100000 0.248438 0.034375 0.009375
0 0.034375 0.384375 0.028125 0.012500
0 0.014844 0.390625 0.026562 0.015625
0 0.010156 0.409375 0.017188 0.009375
0 0.028125 0.421875 0.028125 0.009375
0 0.090625 0.395313 0.037500 0.018750
0 0.089844 0.423438 0.026562 0.012500
0 0.237500 0.392969 0.012500 0.017188
0 0.228125 0.483594 0.018750 0.020313
0 0.046094 0.637500 0.017188 0.025000
0 0.028125 0.639844 0.012500 0.020313
0 0.249219 0.621875 0.020313 0.028125
0 0.192969 0.837500 0.017188 0.025000
0 0.192969 0.862500 0.014063 0.025000
0 0.221875 0.898438 0.018750 0.028125
0 0.265625 0.562500 0.015625 0.025000
0 0.281250 0.587500 0.025000 0.009375
0 0.283594 0.578125 0.023438 0.006250
0 0.287500 0.550000 0.028125 0.012500
0 0.293750 0.540625 0.021875 0.006250
0 0.396875 0.381250 0.018750 0.025000
0 0.470313 0.398438 0.015625 0.018750
0 0.500000 0.396875 0.015625 0.021875
0 0.456250 0.208594 0.021875 0.010937
0 0.452344 0.218750 0.023438 0.009375
0 0.450000 0.228125 0.025000 0.015625
0 0.442969 0.243750 0.023438 0.009375
0 0.439063 0.254688 0.025000 0.012500
0 0.434375 0.262500 0.025000 0.009375
0 0.502344 0.257812 0.029687 0.015625
0 0.499219 0.268750 0.032813 0.015625
0 0.520312 0.281250 0.025000 0.009375
0 0.577344 0.290625 0.029687 0.015625
0 0.493750 0.286719 0.025000 0.010937
0 0.492969 0.296875 0.026562 0.012500
0 0.485938 0.306250 0.034375 0.015625
0 0.778125 0.455469 0.018750 0.023438
0 0.790625 0.462500 0.015625 0.018750
0 0.807813 0.465625 0.015625 0.021875
0 0.840625 0.478125 0.018750 0.015625
0 0.950000 0.340625 0.018750 0.018750
0 0.389844 0.693750 0.014063 0.025000
0 0.345313 0.746875 0.015625 0.025000
0 0.408594 0.759375 0.014063 0.021875
0 0.421094 0.761719 0.014063 0.023438
0 0.546875 0.699219 0.018750 0.023438
0 0.625000 0.703125 0.015625 0.025000
0 0.562500 0.762500 0.015625 0.025000
0 0.840625 0.709375 0.012500 0.025000
0 0.889844 0.717187 0.010937 0.025000
0 0.900000 0.715625 0.009375 0.021875
0 0.792188 0.781250 0.012500 0.021875
0 0.803125 0.775000 0.018750 0.025000
0 0.918750 0.782813 0.009375 0.018750
0 0.931250 0.787500 0.015625 0.021875
0 0.931250 0.987500 0.021875 0.021875
0 0.928125 0.720313 0.012500 0.025000
0 0.246875 0.939063 0.028125 0.012500
0 0.178125 0.980469 0.015625 0.020313
0 0.209375 0.692187 0.015625 0.018750
0 0.196094 0.785156 0.017188 0.023438
0 0.184375 0.928125 0.012500 0.025000
