0 0.792969 0.696875 0.026562 0.031250
0 0.650000 0.579688 0.021875 0.028125
0 0.171094 0.554688 0.026562 0.018750
0 0.034375 0.599219 0.018750 0.026562
0 0.084375 0.606250 0.031250 0.015625
0 0.044531 0.645312 0.026562 0.031250
0 0.013281 0.598437 0.020313 0.015625
0 0.006250 0.195312 0.009375 0.018750
0 0.010937 0.187500 0.012500 0.015625
0 0.028125 0.185938 0.015625 0.018750
0 0.040625 0.185938 0.012500 0.018750
0 0.053125 0.185156 0.015625 0.017188
0 0.067969 0.184375 0.014063 0.015625
0 0.081250 0.184375 0.012500 0.018750
0 0.092969 0.192969 0.014063 0.017188
0 0.107031 0.193750 0.014063 0.018750
0 0.117188 0.200781 0.015625 0.020313
0 0.125781 0.209375 0.017188 0.015625
0 0.134375 0.217969 0.021875 0.014063
0 0.136719 0.228906 0.017188 0.014063
0 0.145313 0.240625 0.021875 0.009375
0 0.139844 0.250000 0.020313 0.006250
0 0.137500 0.259375 0.025000 0.009375
0 0.137500 0.269531 0.028125 0.010937
0 0.131250 0.280469 0.028125 0.010937
0 0.127344 0.289844 0.026562 0.010937
0 0.111719 0.304688 0.023438 0.015625
0 0.083594 0.323437 0.023438 0.018750
0 0.058594 0.333594 0.029687 0.020313
0 0.013281 0.348438 0.020313 0.025000
0 0.060156 0.232031 0.014063 0.023438
0 0.046094 0.238281 0.010937 0.023438
0 0.035156 0.234375 0.014063 0.021875
0 0.023438 0.236719 0.012500 0.017188
0 0.010937 0.242188 0.015625 0.025000
0 0.005469 0.249219 0.007812 0.017188
0 0.074219 0.265625 0.020313 0.018750
0 0.064062 0.275000 0.018750 0.018750
0 0.055469 0.281250 0.017188 0.015625
0 0.099219 0.314844 0.020313 0.017188
0 0.050000 0.288281 0.018750 0.020313
0 0.037500 0.293750 0.018750 0.018750
0 0.025781 0.300000 0.017188 0.021875
0 0.014844 0.299219 0.014063 0.020313
0 0.006250 0.297656 0.009375 0.020313
