0 0.139063 0.590625 0.034375 0.015625
0 0.294531 0.602344 0.026562 0.014063
0 0.353906 0.617188 0.032813 0.015625
0 0.346094 0.639844 0.032813 0.017188
0 0.442188 0.621875 0.031250 0.012500
0 0.236719 0.744531 0.020313 0.023438
0 0.263281 0.749219 0.017188 0.020313
0 0.528906 0.764062 0.020313 0.018750
0 0.617188 0.767969 0.018750 0.020313
0 0.692187 0.772656 0.012500 0.020313
0 0.918750 0.783594 0.018750 0.020313
0 0.138281 0.810937 0.026562 0.012500
0 0.140625 0.821094 0.028125 0.010937
0 0.211719 0.825781 0.026562 0.010937
