0 0.673438 0.068750 0.025000 0.018750
0 0.696875 0.068750 0.034375 0.025000
0 0.771875 0.032813 0.025000 0.018750
0 0.650000 0.093750 0.025000 0.021875
0 0.615625 0.146875 0.025000 0.018750
0 0.667188 0.180469 0.025000 0.026562
0 0.782813 0.193750 0.021875 0.021875
0 0.962500 0.321875 0.025000 0.018750
0 0.954688 0.332813 0.025000 0.021875
0 0.928125 0.410938 0.025000 0.021875
0 0.959375 0.430469 0.021875 0.023438
0 0.980469 0.442188 0.020313 0.021875
0 0.987500 0.450000 0.021875 0.025000
0 0.758594 0.949219 0.017188 0.026562
0 0.761719 0.971875 0.017188 0.018750
0 0.742188 0.968750 0.018750 0.018750
0 0.758594 0.992188 0.017188 0.015625
0 0.966406 0.607812 0.020313 0.025000
