0 0.042969 0.111719 0.029687 0.014063
0 0.346875 0.131250 0.021875 0.031250
0 0.437500 0.589844 0.018750 0.029687
0 0.428125 0.865625 0.021875 0.021875
0 0.809375 0.146875 0.025000 0.018750
0 0.767188 0.271875 0.021875 0.021875
0 0.825000 0.273438 0.025000 0.012500
0 0.872656 0.249219 0.035937 0.023438
0 0.862500 0.286719 0.018750 0.020313
0 0.887500 0.292187 0.025000 0.015625
0 0.814063 0.312500 0.028125 0.018750
0 0.764062 0.309375 0.034375 0.021875
0 0.718750 0.321875 0.018750 0.021875
0 0.943750 0.240625 0.034375 0.021875
0 0.992188 0.006250 0.015625 0.009375
0 0.990625 0.023438 0.018750 0.009375
0 0.987500 0.033594 0.018750 0.010937
0 0.992188 0.050000 0.015625 0.009375
0 0.989844 0.065625 0.020313 0.006250
0 0.987500 0.076563 0.021875 0.006250
0 0.986719 0.081250 0.023438 0.009375
0 0.984375 0.093750 0.025000 0.006250
0 0.986719 0.105469 0.020313 0.007812
0 0.984375 0.112500 0.025000 0.009375
0 0.984375 0.123438 0.025000 0.009375
0 0.989844 0.145313 0.020313 0.012500
0 0.987500 0.158594 0.021875 0.010937
