0 0.635817 0.038462 0.031250 0.019231
0 0.694712 0.140625 0.024038 0.021635
0 0.709135 0.149038 0.019231 0.024038
0 0.599760 0.778846 0.026442 0.038462
0 0.677885 0.756010 0.043269 0.031250
0 0.715144 0.741587 0.031250 0.021635
0 0.745192 0.721154 0.033654 0.019231
0 0.756010 0.706731 0.036058 0.019231
0 0.787260 0.680288 0.036058 0.014423
0 0.793269 0.665865 0.038462 0.014423
0 0.802885 0.651442 0.043269 0.014423
0 0.805288 0.635817 0.038462 0.016827
0 0.808894 0.620192 0.040865 0.014423
0 0.812500 0.604567 0.038462 0.016827
0 0.808894 0.585337 0.040865 0.016827
0 0.802885 0.568510 0.028846 0.016827
0 0.787260 0.554087 0.021635 0.021635
0 0.772837 0.543269 0.021635 0.024038
0 0.754808 0.534856 0.014423 0.026442
0 0.734375 0.531250 0.021635 0.024038
0 0.709135 0.521635 0.024038 0.028846
0 0.689904 0.521635 0.019231 0.024038
0 0.670673 0.521635 0.024038 0.024038
0 0.650240 0.524038 0.021635 0.024038
0 0.628606 0.527644 0.021635 0.021635
0 0.605769 0.531250 0.024038 0.024038
0 0.586538 0.538462 0.024038 0.024038
0 0.575721 0.546875 0.026442 0.021635
0 0.484375 0.611779 0.040865 0.016827
0 0.474760 0.625000 0.036058 0.014423
0 0.461538 0.641827 0.038462 0.014423
0 0.456731 0.659856 0.038462 0.012019
0 0.449519 0.673077 0.038462 0.014423
0 0.448317 0.689904 0.031250 0.014423
0 0.450721 0.705529 0.036058 0.016827
0 0.676683 0.598558 0.021635 0.024038
0 0.657452 0.600962 0.016827 0.024038
0 0.637019 0.602163 0.014423 0.026442
0 0.620192 0.608173 0.019231 0.024038
0 0.603365 0.614183 0.019231 0.021635
0 0.585337 0.617788 0.021635 0.024038
0 0.570913 0.631010 0.021635 0.021635
0 0.558894 0.645433 0.026442 0.021635
0 0.557692 0.664663 0.028846 0.016827
0 0.586538 0.701923 0.024038 0.028846
0 0.611779 0.703125 0.016827 0.026442
0 0.631010 0.695913 0.016827 0.031250
0 0.646635 0.693510 0.019231 0.026442
0 0.661058 0.682692 0.019231 0.028846
0 0.676683 0.673077 0.021635 0.028846
0 0.687500 0.661058 0.024038 0.024038
0 0.698317 0.650240 0.021635 0.021635
0 0.707933 0.639423 0.026442 0.024038
