0 0.382212 0.987981 0.052885 0.024038
0 0.262019 0.973558 0.038462 0.052885
0 0.317308 0.894231 0.048077 0.019231
0 0.173077 0.881010 0.048077 0.021635
0 0.123798 0.582933 0.055288 0.021635
0 0.159856 0.782452 0.045673 0.021635
0 0.153846 0.740385 0.052885 0.024038
0 0.350962 0.663462 0.038462 0.014423
0 0.146635 0.676683 0.038462 0.021635
0 0.343750 0.646635 0.038462 0.019231
0 0.194712 0.722356 0.048077 0.021635
0 0.151442 0.764423 0.048077 0.024038
0 0.189904 0.674279 0.043269 0.026442
0 0.145433 0.693510 0.050481 0.021635
0 0.193510 0.693510 0.050481 0.021635
0 0.127404 0.599760 0.048077 0.016827
0 0.012019 0.591346 0.019231 0.048077
