0 0.342969 0.006250 0.017188 0.009375
0 0.314063 0.005469 0.021875 0.007812
0 0.014844 0.793750 0.026562 0.015625
0 0.028125 0.806250 0.031250 0.012500
0 0.042969 0.825000 0.029687 0.012500
0 0.046094 0.839844 0.035937 0.014063
0 0.046094 0.850000 0.035937 0.012500
0 0.059375 0.868750 0.025000 0.012500
0 0.065625 0.880469 0.028125 0.010937
0 0.096094 0.880469 0.026562 0.014063
0 0.111719 0.903125 0.029687 0.018750
0 0.065625 0.890625 0.031250 0.012500
0 0.076563 0.902344 0.034375 0.014063
0 0.083594 0.912500 0.029687 0.012500
0 0.112500 0.964063 0.034375 0.015625
0 0.112500 0.975000 0.028125 0.009375
0 0.118750 0.985938 0.025000 0.012500
0 0.128125 0.995313 0.031250 0.009375
0 0.007031 0.931250 0.010937 0.021875
0 0.006250 0.962500 0.009375 0.021875
0 0.006250 0.984375 0.009375 0.015625
0 0.380469 0.992969 0.029687 0.014063
