0 0.010937 0.103125 0.015625 0.015625
0 0.024219 0.104688 0.014063 0.018750
0 0.100000 0.102344 0.018750 0.023438
0 0.115625 0.101562 0.018750 0.025000
0 0.885938 0.299219 0.021875 0.014063
0 0.886719 0.310156 0.020313 0.017188
0 0.886719 0.335156 0.017188 0.017188
0 0.889062 0.346094 0.018750 0.014063
0 0.924219 0.349219 0.010937 0.017188
0 0.946875 0.349219 0.012500 0.017188
0 0.943750 0.332031 0.012500 0.014063
0 0.966406 0.333594 0.014063 0.020313
0 0.976562 0.332813 0.009375 0.018750
0 0.988281 0.335156 0.010937 0.017188
0 0.935156 0.392188 0.010937 0.018750
0 0.953906 0.392188 0.014063 0.018750
0 0.967187 0.390625 0.012500 0.018750
0 0.988281 0.391406 0.010937 0.017188
0 0.091406 0.817187 0.017188 0.025000
0 0.107031 0.814063 0.017188 0.021875
0 0.171875 0.806250 0.018750 0.012500
0 0.192969 0.808594 0.017188 0.014063
0 0.209375 0.808594 0.018750 0.010937
