0 0.520433 0.194712 0.031250 0.014423
0 0.521635 0.210337 0.033654 0.012019
0 0.858173 0.040865 0.024038 0.014423
0 0.893029 0.019231 0.026442 0.014423
0 0.935096 0.322115 0.024038 0.038462
0 0.902644 0.408654 0.016827 0.028846
0 0.917067 0.431490 0.021635 0.031250
0 0.939904 0.419471 0.024038 0.026442
0 0.990385 0.413462 0.019231 0.028846
0 0.055288 0.746394 0.019231 0.026442
0 0.048077 0.772837 0.014423 0.021635
0 0.031250 0.823317 0.019231 0.026442
0 0.055288 0.830529 0.019231 0.031250
0 0.021635 0.852163 0.019231 0.026442
0 0.211538 0.688702 0.028846 0.016827
0 0.253606 0.693510 0.031250 0.016827
0 0.316106 0.679087 0.016827 0.026442
0 0.164663 0.721154 0.021635 0.014423
0 0.085337 0.971154 0.031250 0.014423
0 0.092548 0.943510 0.026442 0.021635
0 0.103365 0.897837 0.024038 0.012019
0 0.111779 0.885817 0.031250 0.016827
0 0.098558 0.912260 0.024038 0.012019
0 0.116587 0.855769 0.026442 0.014423
0 0.115385 0.841346 0.028846 0.014423
0 0.133413 0.770433 0.031250 0.012019
0 0.139423 0.756010 0.033654 0.016827
0 0.193510 0.723558 0.026442 0.014423
0 0.242788 0.735577 0.028846 0.014423
0 0.284856 0.741587 0.026442 0.016827
0 0.350962 0.756010 0.019231 0.026442
0 0.438702 0.735577 0.031250 0.014423
0 0.373798 0.760817 0.016827 0.026442
0 0.389423 0.762019 0.014423 0.028846
0 0.460337 0.771635 0.016827 0.024038
0 0.490385 0.775240 0.019231 0.021635
0 0.614183 0.787260 0.026442 0.012019
0 0.646635 0.798077 0.028846 0.014423
0 0.693510 0.802885 0.026442 0.014423
0 0.784856 0.816106 0.031250 0.016827
0 0.819712 0.819712 0.028846 0.014423
0 0.864183 0.832933 0.026442 0.016827
0 0.897837 0.836538 0.026442 0.014423
0 0.953125 0.847356 0.031250 0.016827
0 0.987981 0.849760 0.024038 0.016827
0 0.960337 0.052885 0.031250 0.014423
0 0.991587 0.346154 0.016827 0.024038
0 0.572115 0.787260 0.033654 0.016827
0 0.734375 0.810096 0.031250 0.019231
0 0.405048 0.763221 0.016827 0.031250
0 0.131010 0.784856 0.036058 0.012019
0 0.109375 0.870192 0.026442 0.014423
0 0.020433 0.879808 0.016827 0.019231
0 0.020433 0.694712 0.036058 0.014423
