0 0.546875 0.257212 0.026442 0.014423
0 0.161058 0.473558 0.033654 0.014423
0 0.158654 0.515625 0.033654 0.012019
0 0.010817 0.681490 0.016827 0.021635
0 0.055288 0.679087 0.014423 0.021635
0 0.073317 0.679087 0.016827 0.021635
0 0.097356 0.682692 0.016827 0.019231
0 0.111779 0.671875 0.016827 0.021635
0 0.158654 0.671875 0.019231 0.021635
0 0.586538 0.449519 0.028846 0.014423
0 0.638221 0.453125 0.036058 0.016827
0 0.591346 0.378606 0.033654 0.012019
0 0.582933 0.390625 0.021635 0.012019
0 0.588942 0.402644 0.033654 0.012019
0 0.645433 0.438702 0.021635 0.012019
0 0.645433 0.419471 0.016827 0.021635
0 0.667067 0.419471 0.016827 0.021635
0 0.685096 0.421875 0.014423 0.021635
0 0.700721 0.423077 0.016827 0.024038
0 0.740385 0.492788 0.028846 0.014423
0 0.776442 0.502404 0.024038 0.024038
0 0.656250 0.353365 0.014423 0.019231
0 0.670673 0.353365 0.014423 0.019231
0 0.685096 0.352163 0.014423 0.021635
0 0.700721 0.354567 0.016827 0.021635
0 0.722356 0.356971 0.016827 0.021635
0 0.740385 0.358173 0.014423 0.019231
0 0.766827 0.362981 0.019231 0.019231
0 0.818510 0.359375 0.021635 0.021635
0 0.746394 0.479567 0.021635 0.012019
0 0.039663 0.941106 0.016827 0.021635
0 0.084135 0.942308 0.014423 0.019231
0 0.100962 0.937500 0.019231 0.019231
0 0.137019 0.951923 0.019231 0.028846
0 0.006010 0.941106 0.007212 0.026442
