0 0.195913 0.507212 0.031250 0.028846
0 0.331731 0.538462 0.028846 0.028846
0 0.425481 0.409856 0.028846 0.031250
0 0.074519 0.766827 0.024038 0.028846
0 0.100962 0.756010 0.024038 0.026442
0 0.093750 0.792067 0.024038 0.021635
0 0.147837 0.834135 0.031250 0.028846
0 0.248798 0.912260 0.021635 0.026442
0 0.401442 0.967548 0.019231 0.026442
0 0.382212 0.953125 0.024038 0.021635
0 0.740385 0.900240 0.033654 0.031250
0 0.368990 0.977163 0.021635 0.031250
0 0.576923 0.622596 0.043269 0.028846
0 0.990385 0.762019 0.019231 0.024038
0 0.627404 0.510817 0.038462 0.031250
0 0.771635 0.585337 0.028846 0.026442
0 0.736779 0.585337 0.036058 0.026442
0 0.831731 0.665865 0.028846 0.028846
0 0.604567 0.062500 0.045673 0.028846
