0 0.587740 0.967548 0.026442 0.031250
0 0.632212 0.925481 0.033654 0.014423
0 0.631010 0.909856 0.031250 0.012019
0 0.574519 0.665865 0.014423 0.024038
0 0.561298 0.783654 0.016827 0.028846
0 0.314904 0.989183 0.014423 0.021635
0 0.298077 0.987981 0.014423 0.019231
0 0.377404 0.705529 0.028846 0.012019
0 0.372596 0.663462 0.038462 0.014423
0 0.304087 0.647837 0.036058 0.012019
0 0.271635 0.662260 0.033654 0.012019
0 0.262019 0.682692 0.038462 0.009615
0 0.287260 0.694712 0.031250 0.014423
0 0.194712 0.631010 0.033654 0.012019
0 0.191106 0.653846 0.031250 0.009615
0 0.194712 0.667067 0.033654 0.012019
0 0.393029 0.474760 0.036058 0.012019
0 0.391827 0.460337 0.033654 0.012019
0 0.393029 0.443510 0.031250 0.012019
0 0.360577 0.443510 0.028846 0.012019
0 0.349760 0.459135 0.031250 0.014423
0 0.912260 0.664663 0.016827 0.021635
0 0.878606 0.667067 0.016827 0.021635
0 0.772837 0.647837 0.016827 0.026442
0 0.860577 0.419471 0.028846 0.021635
0 0.849760 0.429087 0.031250 0.016827
0 0.849760 0.443510 0.031250 0.016827
0 0.835337 0.475962 0.031250 0.014423
0 0.831731 0.490385 0.033654 0.014423
0 0.923077 0.490385 0.033654 0.014423
0 0.912260 0.502404 0.031250 0.014423
0 0.944712 0.521635 0.028846 0.014423
0 0.908654 0.522837 0.033654 0.016827
0 0.900240 0.537260 0.021635 0.012019
0 0.896635 0.549279 0.038462 0.016827
0 0.943510 0.287260 0.016827 0.021635
0 0.538462 0.097356 0.033654 0.012019
0 0.492788 0.091346 0.033654 0.024038
0 0.335337 0.147837 0.016827 0.021635
0 0.270433 0.052885 0.016827 0.024038
0 0.221154 0.007212 0.033654 0.009615
0 0.650240 0.855769 0.026442 0.014423
0 0.639423 0.872596 0.038462 0.009615
