0 0.237500 0.362500 0.025000 0.015625
0 0.677344 0.389844 0.023438 0.014063
0 0.640625 0.512500 0.015625 0.025000
0 0.446875 0.503125 0.015625 0.018750
0 0.428125 0.500000 0.012500 0.018750
0 0.358594 0.493750 0.014063 0.015625
0 0.278125 0.493750 0.015625 0.021875
0 0.025000 0.478125 0.015625 0.018750
0 0.003906 0.475000 0.004687 0.021875
0 0.936719 0.530469 0.010937 0.020313
0 0.739844 0.906250 0.017188 0.012500
0 0.734375 0.921875 0.025000 0.009375
0 0.784375 0.971094 0.025000 0.010937
0 0.806250 0.912500 0.025000 0.012500
0 0.803125 0.918750 0.025000 0.012500
0 0.956250 0.915625 0.015625 0.018750
0 0.221875 0.552344 0.015625 0.023438
