0 0.955529 0.620192 0.031250 0.019231
0 0.479567 0.596154 0.040865 0.019231
0 0.414663 0.681490 0.016827 0.026442
0 0.413462 0.709135 0.019231 0.028846
0 0.286058 0.600962 0.038462 0.019231
0 0.122596 0.576923 0.052885 0.024038
0 0.039663 0.728365 0.021635 0.028846
0 0.149038 0.126202 0.019231 0.031250
0 0.158654 0.193510 0.043269 0.016827
0 0.193510 0.193510 0.036058 0.021635
0 0.317308 0.248798 0.024038 0.040865
0 0.359375 0.171875 0.040865 0.021635
0 0.411058 0.241587 0.019231 0.036058
0 0.395433 0.133413 0.021635 0.036058
0 0.413462 0.145433 0.014423 0.026442
0 0.492788 0.137019 0.019231 0.024038
0 0.605769 0.163462 0.024038 0.033654
0 0.614183 0.254808 0.021635 0.033654
0 0.881010 0.271635 0.021635 0.028846
0 0.897837 0.282452 0.016827 0.031250
0 0.990385 0.274038 0.019231 0.033654
0 0.004808 0.216346 0.004808 0.019231
0 0.008413 0.188702 0.012019 0.021635
