0 0.883594 0.161719 0.020313 0.020313
0 0.981250 0.181250 0.021875 0.021875
0 0.927344 0.367188 0.029687 0.018750
0 0.815625 0.610938 0.034375 0.015625
0 0.651563 0.527344 0.028125 0.017188
0 0.571094 0.531250 0.029687 0.018750
0 0.703125 0.628125 0.021875 0.015625
0 0.645312 0.811719 0.025000 0.020313
0 0.671875 0.850000 0.025000 0.015625
0 0.687500 0.887500 0.028125 0.018750
0 0.562500 0.815625 0.028125 0.018750
0 0.581250 0.850000 0.025000 0.018750
0 0.596094 0.884375 0.023438 0.018750
0 0.612500 0.918750 0.025000 0.018750
0 0.415625 0.756250 0.031250 0.018750
0 0.439844 0.800000 0.023438 0.018750
0 0.460938 0.840625 0.025000 0.018750
0 0.485938 0.887500 0.025000 0.015625
0 0.500000 0.923438 0.028125 0.015625
