0 0.429087 0.131010 0.031250 0.016827
0 0.626202 0.329327 0.021635 0.024038
0 0.811298 0.222356 0.016827 0.021635
0 0.826923 0.219952 0.019231 0.026442
0 0.835337 0.245192 0.016827 0.024038
0 0.329327 0.423077 0.028846 0.024038
0 0.280048 0.451923 0.021635 0.024038
0 0.302885 0.433894 0.024038 0.021635
0 0.204327 0.443510 0.024038 0.026442
0 0.218750 0.433894 0.024038 0.021635
0 0.052885 0.516827 0.028846 0.024038
0 0.046875 0.570913 0.026442 0.021635
0 0.526442 0.611779 0.033654 0.021635
0 0.675481 0.644231 0.028846 0.019231
0 0.951923 0.686298 0.028846 0.021635
0 0.947115 0.756010 0.028846 0.026442
