0 0.401442 0.441106 0.033654 0.016827
0 0.424279 0.633413 0.031250 0.012019
0 0.423077 0.688702 0.033654 0.016827
0 0.484375 0.959135 0.036058 0.014423
0 0.021635 0.692308 0.019231 0.024038
0 0.054087 0.692308 0.021635 0.024038
0 0.082933 0.691106 0.021635 0.021635
0 0.139423 0.693510 0.019231 0.021635
0 0.088942 0.841346 0.019231 0.024038
0 0.106971 0.843750 0.016827 0.024038
0 0.176683 0.847356 0.021635 0.026442
0 0.236779 0.849760 0.021635 0.026442
0 0.280048 0.852163 0.021635 0.026442
0 0.310096 0.854567 0.024038 0.026442
