0 0.309375 0.137500 0.021875 0.009375
0 0.308594 0.145313 0.017188 0.006250
0 0.306250 0.189844 0.021875 0.010937
0 0.311719 0.227344 0.023438 0.010937
0 0.193750 0.210938 0.031250 0.009375
0 0.162500 0.211719 0.025000 0.010937
0 0.140625 0.208594 0.025000 0.014063
0 0.361719 0.148438 0.023438 0.009375
0 0.361719 0.162500 0.023438 0.009375
0 0.380469 0.164844 0.020313 0.004687
0 0.361719 0.170313 0.023438 0.012500
0 0.380469 0.171875 0.023438 0.009375
0 0.378125 0.187500 0.025000 0.012500
0 0.358594 0.193750 0.023438 0.012500
0 0.453125 0.243750 0.031250 0.015625
0 0.917188 0.131250 0.015625 0.025000
0 0.733594 0.159375 0.020313 0.015625
0 0.712500 0.156250 0.021875 0.006250
0 0.706250 0.165625 0.025000 0.015625
0 0.705469 0.181250 0.020313 0.012500
0 0.703125 0.192969 0.025000 0.010937
0 0.704688 0.201563 0.021875 0.009375
0 0.653125 0.189844 0.025000 0.010937
0 0.652344 0.199219 0.023438 0.007812
0 0.754687 0.270313 0.025000 0.015625
0 0.839063 0.248438 0.025000 0.012500
0 0.805469 0.271875 0.026562 0.015625
0 0.231250 0.558594 0.015625 0.020313
0 0.221094 0.558594 0.014063 0.023438
0 0.199219 0.562500 0.014063 0.018750
0 0.184375 0.561719 0.015625 0.020313
0 0.973437 0.139063 0.015625 0.012500
