0 0.701923 0.022837 0.019231 0.021635
0 0.733173 0.022837 0.019231 0.021635
0 0.766827 0.019231 0.024038 0.024038
0 0.866587 0.151442 0.036058 0.019231
0 0.912260 0.206731 0.026442 0.024038
0 0.865385 0.246394 0.028846 0.016827
0 0.867788 0.260817 0.028846 0.012019
0 0.867788 0.272837 0.033654 0.012019
0 0.866587 0.289663 0.031250 0.012019
0 0.944712 0.230769 0.028846 0.014423
0 0.944712 0.243990 0.033654 0.012019
0 0.944712 0.257212 0.028846 0.009615
0 0.945913 0.268029 0.031250 0.012019
0 0.945913 0.277644 0.031250 0.007212
0 0.945913 0.287260 0.031250 0.012019
0 0.876202 0.347356 0.016827 0.021635
0 0.856971 0.347356 0.021635 0.021635
0 0.805288 0.348558 0.014423 0.019231
0 0.756010 0.346154 0.012019 0.019231
0 0.772837 0.346154 0.016827 0.019231
0 0.757212 0.409856 0.014423 0.021635
0 0.789663 0.411058 0.016827 0.019231
0 0.836538 0.405048 0.014423 0.021635
0 0.868990 0.408654 0.016827 0.019231
0 0.903846 0.454327 0.024038 0.014423
0 0.901442 0.468750 0.028846 0.009615
0 0.906250 0.519231 0.024038 0.014423
0 0.905048 0.597356 0.036058 0.016827
0 0.905048 0.647837 0.026442 0.012019
0 0.903846 0.675481 0.024038 0.014423
0 0.768029 0.741587 0.016827 0.026442
0 0.783654 0.740385 0.014423 0.024038
0 0.802885 0.741587 0.014423 0.021635
0 0.819712 0.740385 0.014423 0.024038
0 0.937500 0.027644 0.038462 0.021635
