0 0.490625 0.106250 0.021875 0.009375
0 0.839063 0.132031 0.021875 0.014063
0 0.827344 0.185156 0.017188 0.017188
0 0.795312 0.185938 0.012500 0.018750
0 0.767188 0.181250 0.009375 0.018750
0 0.742969 0.182031 0.007812 0.017188
0 0.755469 0.182031 0.014063 0.017188
0 0.782031 0.185156 0.014063 0.017188
0 0.721875 0.181250 0.009375 0.015625
0 0.734375 0.181250 0.009375 0.018750
0 0.678125 0.195312 0.025000 0.009375
0 0.676562 0.203906 0.021875 0.007812
0 0.678125 0.212500 0.021875 0.009375
0 0.676562 0.221094 0.021875 0.007812
0 0.676562 0.242188 0.021875 0.009375
0 0.677344 0.256250 0.020313 0.009375
0 0.678125 0.264844 0.021875 0.007812
0 0.712500 0.235937 0.018750 0.009375
0 0.713281 0.245312 0.020313 0.009375
0 0.778906 0.271094 0.023438 0.010937
0 0.715625 0.221875 0.009375 0.012500
0 0.728906 0.223438 0.010937 0.018750
0 0.739844 0.223438 0.010937 0.015625
0 0.749219 0.225781 0.010937 0.017188
0 0.398438 0.285938 0.025000 0.009375
0 0.228125 0.303906 0.012500 0.017188
0 0.222656 0.394531 0.010937 0.017188
0 0.399219 0.387500 0.014063 0.021875
0 0.366406 0.387500 0.014063 0.018750
0 0.357031 0.394531 0.014063 0.017188
0 0.342187 0.391406 0.009375 0.017188
0 0.331250 0.391406 0.012500 0.017188
0 0.300000 0.394531 0.015625 0.020313
0 0.098437 0.551562 0.018750 0.012500
0 0.094531 0.568750 0.026562 0.012500
0 0.149219 0.553906 0.026562 0.007812
0 0.147656 0.562500 0.023438 0.006250
0 0.133594 0.605469 0.020313 0.010937
0 0.296094 0.560156 0.014063 0.020313
0 0.320312 0.563281 0.015625 0.020313
0 0.350000 0.560937 0.012500 0.015625
0 0.360156 0.561719 0.010937 0.017188
0 0.385156 0.570312 0.017188 0.021875
0 0.425000 0.614844 0.018750 0.010937
0 0.426563 0.632031 0.018750 0.010937
0 0.436719 0.662500 0.023438 0.012500
0 0.414062 0.680469 0.018750 0.014063
0 0.390625 0.706250 0.012500 0.012500
0 0.373437 0.703906 0.012500 0.014063
0 0.369531 0.625781 0.014063 0.020313
0 0.139063 0.678906 0.018750 0.020313
0 0.110937 0.727344 0.021875 0.014063
0 0.007031 0.198437 0.010937 0.012500
0 0.230469 0.232813 0.026562 0.015625
