0 0.275000 0.074219 0.021875 0.014063
0 0.275000 0.085938 0.021875 0.012500
0 0.309375 0.152344 0.015625 0.020313
0 0.318750 0.156250 0.018750 0.015625
0 0.156250 0.496094 0.021875 0.010937
0 0.156250 0.484375 0.025000 0.009375
0 0.161719 0.475000 0.026562 0.009375
0 0.162500 0.462500 0.021875 0.012500
0 0.168750 0.453125 0.025000 0.009375
0 0.177344 0.443750 0.029687 0.012500
0 0.243750 0.399219 0.015625 0.017188
0 0.255469 0.393750 0.017188 0.015625
0 0.270313 0.392969 0.015625 0.014063
0 0.283594 0.392188 0.010937 0.015625
0 0.296875 0.389844 0.015625 0.017188
0 0.307812 0.390625 0.015625 0.015625
0 0.321094 0.390625 0.010937 0.015625
0 0.346094 0.396094 0.010937 0.020313
0 0.356250 0.403125 0.018750 0.018750
0 0.368750 0.412500 0.015625 0.015625
0 0.375000 0.421875 0.018750 0.015625
0 0.378125 0.431250 0.021875 0.015625
0 0.381250 0.442188 0.025000 0.012500
0 0.380469 0.453125 0.023438 0.009375
0 0.377344 0.474219 0.026562 0.010937
0 0.370312 0.481250 0.025000 0.009375
0 0.367188 0.490625 0.025000 0.009375
0 0.359375 0.500000 0.021875 0.012500
0 0.345313 0.515625 0.021875 0.015625
0 0.334375 0.521875 0.025000 0.018750
0 0.325000 0.528125 0.025000 0.021875
0 0.267188 0.546875 0.018750 0.018750
0 0.254688 0.550000 0.021875 0.021875
0 0.225000 0.478125 0.021875 0.012500
0 0.227344 0.462500 0.023438 0.021875
0 0.239844 0.462500 0.014063 0.012500
0 0.242969 0.454688 0.014063 0.015625
0 0.253125 0.449219 0.015625 0.017188
0 0.264844 0.443750 0.014063 0.021875
0 0.275000 0.440625 0.009375 0.021875
0 0.286719 0.440625 0.010937 0.021875
0 0.301563 0.436719 0.012500 0.020313
0 0.243750 0.502344 0.015625 0.020313
0 0.258594 0.503125 0.010937 0.021875
0 0.280469 0.496875 0.014063 0.021875
0 0.290625 0.492969 0.018750 0.020313
0 0.299219 0.484375 0.017188 0.018750
0 0.304688 0.477344 0.018750 0.017188
0 0.311719 0.471094 0.017188 0.017188
0 0.318750 0.462500 0.018750 0.015625
0 0.234375 0.690625 0.012500 0.009375
0 0.255469 0.798438 0.017188 0.018750
0 0.278125 0.796875 0.015625 0.021875
0 0.324219 0.803125 0.023438 0.012500
0 0.284375 0.840625 0.018750 0.025000
0 0.409375 0.753125 0.025000 0.009375
0 0.876563 0.771875 0.021875 0.021875
