0 0.038281 0.012500 0.026562 0.015625
0 0.041406 0.024219 0.032813 0.017188
0 0.055469 0.096094 0.020313 0.023438
0 0.067969 0.115625 0.029687 0.015625
0 0.064844 0.126562 0.020313 0.012500
0 0.053906 0.145313 0.020313 0.015625
0 0.350000 0.200781 0.025000 0.014063
0 0.303906 0.357812 0.026562 0.015625
0 0.393750 0.242188 0.015625 0.028125
0 0.457813 0.135156 0.031250 0.014063
0 0.446094 0.167187 0.026562 0.012500
0 0.436719 0.200000 0.026562 0.015625
0 0.429688 0.207813 0.025000 0.012500
0 0.394531 0.300781 0.029687 0.014063
0 0.387500 0.382031 0.031250 0.014063
0 0.060156 0.224219 0.032813 0.023438
0 0.027344 0.268750 0.029687 0.018750
