0 0.475000 0.162500 0.018750 0.009375
0 0.537500 0.271094 0.021875 0.010937
0 0.540625 0.281250 0.025000 0.009375
0 0.587500 0.156250 0.021875 0.009375
0 0.589844 0.162500 0.023438 0.009375
0 0.587500 0.171875 0.025000 0.006250
0 0.589844 0.193750 0.023438 0.006250
0 0.587500 0.203125 0.025000 0.009375
0 0.586719 0.210938 0.023438 0.012500
0 0.589844 0.217969 0.023438 0.010937
0 0.589063 0.225000 0.021875 0.009375
0 0.589844 0.233594 0.023438 0.010937
0 0.590625 0.242188 0.025000 0.009375
0 0.750000 0.364844 0.021875 0.057813
0 0.628125 0.787500 0.025000 0.012500
0 0.792188 0.687500 0.018750 0.012500
0 0.214844 0.803125 0.023438 0.015625
0 0.214844 0.817969 0.023438 0.010937
0 0.528125 0.971875 0.018750 0.021875
0 0.321094 0.353906 0.032813 0.010937
