0 0.881250 0.237500 0.018750 0.021875
0 0.845313 0.232031 0.015625 0.029687
0 0.799219 0.228125 0.014063 0.021875
0 0.743750 0.240625 0.031250 0.012500
0 0.742188 0.250000 0.028125 0.015625
0 0.742969 0.278125 0.029687 0.012500
0 0.737500 0.309375 0.025000 0.009375
0 0.735938 0.340625 0.028125 0.009375
0 0.737500 0.353125 0.025000 0.012500
0 0.924219 0.281250 0.026562 0.021875
0 0.923438 0.301563 0.037500 0.009375
0 0.918750 0.314844 0.025000 0.010937
0 0.914844 0.350000 0.035937 0.015625
0 0.923438 0.376563 0.028125 0.015625
0 0.586719 0.423438 0.017188 0.025000
0 0.537500 0.415625 0.015625 0.028125
0 0.521875 0.412500 0.009375 0.025000
0 0.506250 0.415625 0.015625 0.021875
0 0.489063 0.415625 0.021875 0.021875
0 0.356250 0.409375 0.018750 0.025000
0 0.321875 0.428125 0.018750 0.021875
0 0.287500 0.427344 0.025000 0.026562
0 0.275000 0.437500 0.015625 0.025000
0 0.280469 0.496875 0.020313 0.018750
0 0.287500 0.521875 0.015625 0.018750
0 0.333594 0.504687 0.020313 0.021875
0 0.349219 0.496875 0.020313 0.021875
0 0.367188 0.492969 0.018750 0.017188
0 0.462500 0.457813 0.031250 0.012500
0 0.510938 0.480469 0.025000 0.029687
0 0.593750 0.489063 0.018750 0.031250
0 0.607812 0.490625 0.025000 0.025000
0 0.625000 0.490625 0.018750 0.034375
0 0.640625 0.492969 0.018750 0.020313
0 0.774219 0.543750 0.029687 0.009375
0 0.762500 0.553125 0.025000 0.015625
0 0.756250 0.564844 0.025000 0.014063
0 0.768750 0.577344 0.028125 0.010937
0 0.800000 0.584375 0.021875 0.028125
0 0.821875 0.608594 0.018750 0.020313
0 0.859375 0.596094 0.028125 0.010937
0 0.862500 0.625000 0.034375 0.018750
0 0.862500 0.637500 0.031250 0.012500
0 0.759375 0.628125 0.028125 0.015625
0 0.768750 0.642969 0.034375 0.017188
0 0.839063 0.717969 0.037500 0.017188
0 0.845313 0.750000 0.040625 0.015625
0 0.846875 0.759375 0.031250 0.009375
0 0.764844 0.712500 0.029687 0.018750
0 0.742969 0.755469 0.029687 0.017188
0 0.742969 0.777344 0.026562 0.014063
0 0.721875 0.830469 0.031250 0.020313
0 0.503125 0.799219 0.034375 0.020313
0 0.345313 0.807813 0.025000 0.018750
0 0.281250 0.877344 0.028125 0.017188
0 0.271875 0.881250 0.025000 0.018750
0 0.209375 0.937500 0.025000 0.015625
0 0.278125 0.980469 0.025000 0.017188
0 0.364844 0.893750 0.026562 0.015625
0 0.356250 0.912500 0.025000 0.018750
0 0.617188 0.974219 0.025000 0.014063
0 0.609375 0.984375 0.028125 0.018750
0 0.274219 0.911719 0.023438 0.023438
0 0.389062 0.866406 0.025000 0.017188
0 0.827344 0.236719 0.017188 0.023438
