0 0.992788 0.108173 0.014423 0.028846
0 0.960337 0.115385 0.021635 0.033654
0 0.941106 0.117788 0.016827 0.033654
0 0.921875 0.118990 0.016827 0.031250
0 0.897837 0.117788 0.021635 0.033654
0 0.737981 0.061298 0.033654 0.016827
0 0.638221 0.070913 0.045673 0.016827
0 0.420673 0.036058 0.033654 0.014423
0 0.646635 0.270433 0.019231 0.031250
0 0.597356 0.358173 0.016827 0.028846
0 0.569712 0.360577 0.019231 0.028846
0 0.569712 0.393029 0.019231 0.026442
0 0.543269 0.396635 0.019231 0.028846
0 0.518029 0.394231 0.021635 0.028846
