0 0.552885 0.802885 0.038462 0.024038
0 0.966346 0.643029 0.024038 0.031250
0 0.834135 0.537260 0.024038 0.031250
0 0.530048 0.913462 0.040865 0.024038
0 0.528846 0.956731 0.038462 0.019231
0 0.521635 0.972356 0.038462 0.016827
0 0.427885 0.913462 0.043269 0.019231
0 0.431490 0.804087 0.040865 0.016827
0 0.414663 0.787260 0.040865 0.016827
0 0.474760 0.730769 0.016827 0.024038
0 0.429087 0.722356 0.036058 0.016827
0 0.413462 0.709135 0.033654 0.014423
0 0.412260 0.694712 0.040865 0.014423
0 0.429087 0.679087 0.045673 0.016827
0 0.644231 0.442308 0.033654 0.019231
0 0.628606 0.412260 0.040865 0.016827
0 0.632212 0.350962 0.038462 0.019231
0 0.575721 0.241587 0.021635 0.031250
0 0.521635 0.240385 0.024038 0.033654
0 0.502404 0.239183 0.019231 0.040865
0 0.459135 0.240385 0.019231 0.028846
0 0.381010 0.247596 0.045673 0.024038
0 0.387019 0.270433 0.038462 0.016827
0 0.388221 0.304087 0.040865 0.016827
0 0.382212 0.350962 0.033654 0.019231
0 0.382212 0.395433 0.038462 0.016827
0 0.382212 0.412260 0.043269 0.016827
0 0.256010 0.599760 0.016827 0.031250
0 0.239183 0.599760 0.016827 0.031250
0 0.209135 0.597356 0.019231 0.031250
0 0.188702 0.585337 0.016827 0.031250
0 0.069712 0.584135 0.019231 0.028846
0 0.100962 0.491587 0.019231 0.031250
0 0.084135 0.491587 0.019231 0.026442
0 0.063702 0.491587 0.016827 0.026442
0 0.037260 0.491587 0.016827 0.026442
0 0.881010 0.207933 0.040865 0.026442
0 0.929087 0.241587 0.021635 0.036058
0 0.943510 0.257212 0.021635 0.028846
0 0.818510 0.115385 0.040865 0.028846
0 0.939904 0.054087 0.033654 0.021635
0 0.975962 0.050481 0.033654 0.019231
0 0.852163 0.169471 0.026442 0.021635
0 0.390625 0.963942 0.036058 0.014423
0 0.012019 0.556490 0.019231 0.016827
