0 0.688702 0.526442 0.021635 0.028846
0 0.688702 0.423077 0.016827 0.028846
0 0.647837 0.420673 0.021635 0.024038
0 0.669471 0.423077 0.021635 0.028846
0 0.612981 0.419471 0.019231 0.036058
0 0.612981 0.450721 0.019231 0.026442
0 0.646635 0.526442 0.019231 0.033654
0 0.629808 0.525240 0.019231 0.031250
0 0.594952 0.527644 0.021635 0.021635
0 0.575721 0.454327 0.021635 0.028846
0 0.500000 0.365385 0.038462 0.019231
0 0.504808 0.381010 0.038462 0.021635
0 0.503606 0.427885 0.040865 0.024038
0 0.503606 0.397837 0.036058 0.016827
0 0.503606 0.450721 0.036058 0.021635
0 0.140625 0.515625 0.040865 0.021635
0 0.111779 0.991587 0.050481 0.016827
0 0.022837 0.984375 0.040865 0.016827
