0 0.350781 0.068750 0.026562 0.012500
0 0.342969 0.102344 0.026562 0.010937
0 0.402344 0.096875 0.023438 0.012500
0 0.400000 0.109375 0.021875 0.009375
0 0.553125 0.040625 0.012500 0.015625
0 0.592187 0.007812 0.015625 0.012500
0 0.588281 0.061719 0.014063 0.017188
0 0.549219 0.090625 0.007812 0.015625
0 0.581250 0.100781 0.015625 0.017188
0 0.544531 0.119531 0.014063 0.014063
0 0.541406 0.137500 0.020313 0.015625
0 0.541406 0.153906 0.017188 0.017188
0 0.579688 0.155469 0.012500 0.023438
0 0.577344 0.176563 0.017188 0.015625
0 0.575781 0.193750 0.017188 0.015625
0 0.535156 0.199219 0.017188 0.020313
0 0.535156 0.215625 0.017188 0.018750
0 0.532031 0.237500 0.017188 0.018750
0 0.455469 0.289062 0.026562 0.012500
0 0.728125 0.096875 0.025000 0.012500
0 0.726562 0.117188 0.025000 0.012500
0 0.722656 0.128125 0.023438 0.009375
0 0.722656 0.138281 0.023438 0.007812
0 0.721094 0.147656 0.023438 0.007812
0 0.721094 0.156250 0.023438 0.009375
0 0.717969 0.174219 0.023438 0.014063
0 0.714844 0.190625 0.023438 0.009375
0 0.714063 0.203125 0.028125 0.009375
0 0.715625 0.210938 0.028125 0.009375
0 0.780469 0.129688 0.023438 0.012500
0 0.767969 0.187500 0.023438 0.009375
0 0.773438 0.164062 0.028125 0.012500
0 0.312500 0.295312 0.028125 0.015625
0 0.285938 0.301563 0.028125 0.015625
0 0.360156 0.433594 0.014063 0.017188
0 0.383594 0.446875 0.026562 0.015625
0 0.236719 0.380469 0.020313 0.026562
0 0.089844 0.314844 0.026562 0.014063
0 0.010937 0.126562 0.018750 0.012500
0 0.135156 0.796094 0.029687 0.010937
0 0.030469 0.952344 0.026562 0.010937
0 0.032813 0.963281 0.028125 0.010937
0 0.034375 0.973437 0.021875 0.012500
0 0.037500 0.981250 0.021875 0.012500
0 0.041406 0.989844 0.023438 0.010937
0 0.049219 0.995313 0.023438 0.009375
