0 0.492969 0.023438 0.026562 0.031250
0 0.484375 0.083594 0.021875 0.029687
0 0.178125 0.649219 0.034375 0.020313
0 0.321875 0.615625 0.031250 0.018750
0 0.327344 0.640625 0.032813 0.015625
0 0.364063 0.684375 0.025000 0.018750
0 0.356250 0.699219 0.018750 0.020313
0 0.346094 0.711719 0.020313 0.017188
0 0.446875 0.653125 0.028125 0.025000
0 0.473438 0.654687 0.025000 0.025000
0 0.500000 0.649219 0.025000 0.023438
0 0.496094 0.687500 0.017188 0.025000
0 0.496875 0.718750 0.018750 0.021875
0 0.459375 0.684375 0.015625 0.028125
0 0.478125 0.690625 0.015625 0.025000
0 0.443750 0.703125 0.018750 0.025000
0 0.465625 0.715625 0.018750 0.025000
0 0.462500 0.746094 0.018750 0.026562
0 0.446875 0.775000 0.021875 0.028125
0 0.450000 0.840625 0.021875 0.021875
0 0.461719 0.898438 0.026562 0.025000
0 0.478125 0.959375 0.037500 0.021875
0 0.099219 0.562500 0.045312 0.012500
0 0.100781 0.580469 0.039062 0.014063
0 0.190625 0.580469 0.021875 0.032813
