0 0.281250 0.651563 0.028125 0.015625
0 0.403125 0.644531 0.031250 0.014063
0 0.459375 0.659375 0.028125 0.012500
0 0.711719 0.670312 0.029687 0.012500
0 0.967969 0.787500 0.029687 0.015625
0 0.896094 0.778906 0.023438 0.010937
0 0.899219 0.792188 0.026562 0.012500
0 0.878125 0.817187 0.018750 0.025000
0 0.828125 0.814063 0.015625 0.025000
0 0.787500 0.813281 0.015625 0.023438
0 0.750781 0.811719 0.017188 0.020313
0 0.687500 0.809375 0.015625 0.021875
0 0.671094 0.805469 0.014063 0.020313
0 0.650000 0.802344 0.015625 0.023438
0 0.581250 0.799219 0.012500 0.020313
0 0.560937 0.800000 0.015625 0.021875
0 0.629687 0.832031 0.025000 0.010937
0 0.009375 0.828125 0.015625 0.015625
0 0.208594 0.921875 0.026562 0.012500
