0 0.579688 0.021875 0.015625 0.021875
0 0.707812 0.017188 0.021875 0.025000
0 0.705469 0.054688 0.017188 0.018750
0 0.915625 0.186719 0.025000 0.010937
0 0.915625 0.196094 0.021875 0.010937
0 0.975000 0.153125 0.021875 0.009375
0 0.969531 0.162500 0.026562 0.009375
0 0.969531 0.171094 0.026562 0.007812
0 0.968750 0.178906 0.025000 0.007812
0 0.967187 0.185156 0.025000 0.007812
0 0.970313 0.195312 0.021875 0.009375
0 0.991406 0.154688 0.017188 0.009375
0 0.990625 0.171875 0.018750 0.009375
0 0.551562 0.129688 0.025000 0.012500
0 0.551562 0.139844 0.021875 0.014063
0 0.545312 0.187500 0.025000 0.012500
0 0.601562 0.143750 0.025000 0.012500
0 0.603906 0.160156 0.023438 0.010937
0 0.627344 0.160156 0.023438 0.010937
0 0.625781 0.170313 0.026562 0.009375
0 0.601562 0.169531 0.018750 0.010937
0 0.624219 0.185156 0.023438 0.010937
0 0.603125 0.191406 0.028125 0.010937
0 0.423438 0.207813 0.025000 0.012500
0 0.396875 0.207813 0.018750 0.009375
0 0.370312 0.206250 0.021875 0.012500
0 0.222656 0.196875 0.029687 0.015625
0 0.196875 0.193750 0.018750 0.009375
0 0.196094 0.204687 0.023438 0.009375
0 0.105469 0.191406 0.026562 0.014063
0 0.048438 0.195312 0.025000 0.012500
0 0.180469 0.246094 0.014063 0.014063
0 0.221875 0.253906 0.015625 0.017188
0 0.396875 0.576562 0.018750 0.025000
0 0.418750 0.575000 0.012500 0.021875
0 0.430469 0.575781 0.017188 0.026562
0 0.454688 0.577344 0.015625 0.023438
0 0.464844 0.577344 0.017188 0.023438
0 0.358594 0.394531 0.014063 0.026562
0 0.446094 0.388281 0.029687 0.020313
