0 0.258594 0.046094 0.026562 0.029687
0 0.232031 0.139063 0.020313 0.025000
0 0.803906 0.008594 0.020313 0.014063
0 0.817969 0.012500 0.017188 0.021875
0 0.835938 0.014844 0.021875 0.023438
0 0.867188 0.012500 0.021875 0.021875
0 0.884375 0.014844 0.018750 0.023438
0 0.911719 0.007812 0.017188 0.012500
0 0.930469 0.005469 0.020313 0.007812
0 0.989844 0.009375 0.017188 0.015625
0 0.988281 0.020313 0.020313 0.021875
0 0.959375 0.064844 0.025000 0.020313
0 0.942187 0.065625 0.018750 0.021875
0 0.849219 0.060937 0.020313 0.021875
0 0.829688 0.058594 0.021875 0.020313
0 0.785937 0.057813 0.021875 0.021875
0 0.756250 0.053125 0.018750 0.018750
0 0.739844 0.053125 0.020313 0.021875
0 0.659375 0.050781 0.021875 0.020313
0 0.624219 0.044531 0.026562 0.026562
0 0.596094 0.043750 0.020313 0.018750
0 0.578125 0.045312 0.021875 0.025000
0 0.539062 0.039062 0.018750 0.021875
0 0.589844 0.007812 0.020313 0.012500
0 0.521094 0.038281 0.020313 0.023438
0 0.797656 0.527344 0.014063 0.014063
0 0.816406 0.529687 0.017188 0.015625
0 0.867188 0.521875 0.028125 0.012500
0 0.892188 0.524219 0.025000 0.017188
0 0.957031 0.526563 0.023438 0.012500
0 0.953125 0.536719 0.031250 0.017188
0 0.950781 0.564844 0.026562 0.017188
0 0.950000 0.578125 0.025000 0.012500
0 0.865625 0.548438 0.025000 0.015625
0 0.862500 0.560156 0.025000 0.014063
0 0.889844 0.561719 0.026562 0.010937
0 0.865625 0.571094 0.031250 0.010937
0 0.803906 0.539062 0.023438 0.012500
0 0.805469 0.548438 0.026562 0.012500
0 0.803125 0.559375 0.025000 0.009375
0 0.800000 0.575000 0.031250 0.015625
0 0.871094 0.608594 0.035937 0.014063
0 0.701562 0.599219 0.034375 0.014063
0 0.977344 0.677344 0.032813 0.017188
0 0.978125 0.696094 0.021875 0.014063
0 0.919531 0.690625 0.035937 0.012500
0 0.892969 0.706250 0.023438 0.012500
0 0.917969 0.718750 0.032813 0.015625
0 0.891406 0.725000 0.026562 0.009375
0 0.832812 0.675781 0.031250 0.014063
0 0.828906 0.687500 0.029687 0.009375
0 0.829688 0.705469 0.028125 0.010937
0 0.825000 0.713281 0.021875 0.010937
0 0.825781 0.722656 0.029687 0.014063
0 0.825781 0.733594 0.029687 0.010937
0 0.332813 0.575000 0.025000 0.012500
0 0.392188 0.611719 0.021875 0.010937
0 0.123438 0.775781 0.025000 0.014063
0 0.355469 0.943750 0.026562 0.015625
0 0.352344 0.957812 0.026562 0.012500
0 0.321094 0.970313 0.017188 0.021875
0 0.352344 0.969531 0.029687 0.014063
0 0.351562 0.984375 0.025000 0.009375
0 0.442188 0.996094 0.028125 0.007812
0 0.798438 0.965625 0.031250 0.015625
0 0.796875 0.977344 0.031250 0.010937
0 0.794531 0.987500 0.026562 0.012500
0 0.795312 0.996094 0.031250 0.007812
0 0.876563 0.961719 0.028125 0.014063
0 0.877344 0.971875 0.026562 0.015625
0 0.871094 0.981250 0.029687 0.012500
0 0.868750 0.989844 0.031250 0.010937
0 0.012500 0.261719 0.018750 0.026562
0 0.019531 0.384375 0.017188 0.018750
0 0.005469 0.383594 0.007812 0.026562
