0 0.140625 0.241406 0.037500 0.017188
0 0.710156 0.263281 0.029687 0.017188
0 0.980469 0.276562 0.032813 0.015625
0 0.817969 0.428125 0.017188 0.021875
0 0.846094 0.430469 0.017188 0.023438
0 0.510156 0.415625 0.017188 0.021875
0 0.481250 0.416406 0.015625 0.023438
0 0.389062 0.410156 0.015625 0.023438
0 0.373437 0.407813 0.018750 0.021875
0 0.052344 0.385937 0.023438 0.021875
0 0.033594 0.382812 0.020313 0.021875
0 0.014844 0.382812 0.017188 0.018750
0 0.008594 0.382812 0.014063 0.021875
0 0.125000 0.634375 0.031250 0.012500
0 0.160156 0.636719 0.029687 0.014063
0 0.738281 0.491406 0.023438 0.010937
0 0.710156 0.499219 0.029687 0.010937
0 0.708594 0.508594 0.029687 0.014063
0 0.643750 0.483594 0.018750 0.010937
0 0.640625 0.522656 0.031250 0.014063
0 0.636719 0.535156 0.026562 0.010937
0 0.017188 0.914844 0.025000 0.014063
0 0.013281 0.926562 0.023438 0.015625
0 0.039844 0.916406 0.026562 0.007812
0 0.040625 0.927344 0.025000 0.010937
0 0.041406 0.935937 0.032813 0.012500
0 0.415625 0.907813 0.025000 0.012500
0 0.413281 0.918750 0.023438 0.009375
0 0.405469 0.933594 0.029687 0.014063
0 0.399219 0.944531 0.029687 0.010937
0 0.396875 0.955469 0.031250 0.010937
0 0.467969 0.948438 0.029687 0.015625
0 0.464844 0.960938 0.026562 0.009375
0 0.486719 0.971094 0.026562 0.014063
0 0.457813 0.977344 0.028125 0.010937
0 0.455469 0.989062 0.029687 0.012500
0 0.446875 0.993750 0.031250 0.012500
0 0.548438 0.980469 0.034375 0.017188
