0 0.963281 0.373437 0.026562 0.012500
0 0.796875 0.414062 0.021875 0.012500
0 0.775000 0.418750 0.021875 0.015625
0 0.685937 0.466406 0.028125 0.017188
0 0.784375 0.267188 0.015625 0.025000
0 0.776563 0.196875 0.018750 0.025000
0 0.740625 0.163281 0.015625 0.020313
0 0.754687 0.200000 0.012500 0.021875
0 0.473438 0.203906 0.012500 0.020313
0 0.500000 0.260156 0.012500 0.026562
0 0.482812 0.266406 0.015625 0.026562
0 0.514844 0.296875 0.017188 0.021875
0 0.530469 0.330469 0.017188 0.023438
0 0.507031 0.332031 0.020313 0.026562
0 0.538281 0.360938 0.014063 0.018750
0 0.557813 0.399219 0.015625 0.026562
0 0.399219 0.508594 0.023438 0.014063
0 0.378125 0.512500 0.021875 0.012500
0 0.323437 0.522656 0.028125 0.014063
0 0.335938 0.848437 0.021875 0.015625
