0 0.163462 0.256010 0.048077 0.021635
0 0.127404 0.237981 0.043269 0.019231
0 0.028846 0.233173 0.038462 0.024038
0 0.123798 0.265625 0.036058 0.021635
0 0.022837 0.258413 0.040865 0.016827
0 0.022837 0.275240 0.040865 0.016827
0 0.091346 0.652644 0.038462 0.021635
0 0.096154 0.631010 0.043269 0.026442
0 0.063702 0.745192 0.040865 0.019231
0 0.068510 0.717548 0.040865 0.021635
0 0.084135 0.668269 0.038462 0.024038
0 0.056490 0.764423 0.036058 0.019231
0 0.780048 0.646635 0.021635 0.028846
0 0.759615 0.647837 0.019231 0.031250
0 0.853365 0.264423 0.048077 0.024038
0 0.757212 0.307692 0.038462 0.019231
0 0.728365 0.257212 0.048077 0.014423
0 0.769231 0.246394 0.043269 0.016827
0 0.723558 0.288462 0.038462 0.014423
0 0.639423 0.225962 0.038462 0.019231
0 0.637019 0.269231 0.038462 0.019231
0 0.633413 0.253606 0.040865 0.012019
0 0.098558 0.084135 0.048077 0.019231
0 0.123798 0.014423 0.040865 0.019231
0 0.084135 0.010817 0.048077 0.016827
0 0.084135 0.026442 0.048077 0.019231
0 0.870192 0.038462 0.033654 0.019231
0 0.868990 0.024038 0.036058 0.014423
0 0.870192 0.009615 0.033654 0.014423
0 0.832933 0.021635 0.036058 0.019231
0 0.852163 0.308894 0.036058 0.016827
0 0.715144 0.304087 0.045673 0.016827
0 0.007212 0.054087 0.009615 0.045673
0 0.213942 0.022837 0.038462 0.016827
0 0.264423 0.217548 0.048077 0.016827
