0 0.501563 0.125000 0.028125 0.015625
0 0.429688 0.489844 0.028125 0.060937
0 0.309375 0.906250 0.025000 0.015625
0 0.465625 0.809375 0.021875 0.015625
0 0.267188 0.283594 0.021875 0.007812
0 0.271094 0.293750 0.020313 0.006250
0 0.267969 0.300000 0.023438 0.009375
0 0.267969 0.321875 0.023438 0.012500
0 0.267188 0.331250 0.025000 0.006250
0 0.267969 0.337500 0.023438 0.009375
0 0.270313 0.346094 0.021875 0.007812
0 0.271094 0.353125 0.023438 0.009375
0 0.268750 0.362500 0.021875 0.006250
0 0.270313 0.370312 0.025000 0.015625
0 0.218750 0.400000 0.021875 0.009375
0 0.221094 0.408594 0.023438 0.010937
0 0.155469 0.290625 0.023438 0.012500
0 0.156250 0.306250 0.025000 0.012500
0 0.009375 0.480469 0.015625 0.014063
