0 0.613281 0.225781 0.023438 0.017188
0 0.614844 0.240625 0.023438 0.012500
0 0.617188 0.247656 0.018750 0.014063
0 0.617188 0.267188 0.021875 0.012500
0 0.682031 0.261719 0.014063 0.017188
0 0.703125 0.261719 0.015625 0.020313
0 0.716406 0.261719 0.007812 0.017188
0 0.727344 0.260937 0.014063 0.018750
0 0.682031 0.279687 0.014063 0.018750
0 0.658594 0.281250 0.014063 0.018750
0 0.617188 0.280469 0.021875 0.014063
0 0.651563 0.319531 0.018750 0.010937
0 0.670312 0.328125 0.012500 0.018750
0 0.690625 0.327344 0.012500 0.020313
0 0.705469 0.328125 0.014063 0.021875
0 0.727344 0.324219 0.010937 0.017188
0 0.399219 0.318750 0.023438 0.009375
0 0.383594 0.605469 0.026562 0.010937
0 0.397656 0.620313 0.026562 0.012500
0 0.334375 0.607812 0.028125 0.015625
