0 0.192969 0.650000 0.029687 0.021875
0 0.462500 0.518750 0.034375 0.018750
0 0.518750 0.496875 0.037500 0.018750
0 0.740625 0.142969 0.018750 0.014063
0 0.792969 0.096875 0.035937 0.012500
0 0.796094 0.109375 0.029687 0.006250
0 0.605469 0.012500 0.026562 0.015625
0 0.599219 0.037500 0.023438 0.021875
0 0.792188 0.078125 0.025000 0.018750
0 0.875000 0.092969 0.021875 0.010937
0 0.871875 0.104688 0.034375 0.012500
0 0.871875 0.121875 0.028125 0.009375
0 0.874219 0.134375 0.029687 0.012500
0 0.868750 0.150000 0.028125 0.012500
0 0.868750 0.162500 0.034375 0.009375
0 0.663281 0.282031 0.023438 0.014063
