0 0.286719 0.358594 0.017188 0.023438
0 0.148438 0.704688 0.025000 0.015625
0 0.148438 0.721875 0.025000 0.018750
0 0.140625 0.767188 0.025000 0.018750
0 0.143750 0.781250 0.025000 0.015625
0 0.142969 0.803125 0.029687 0.021875
0 0.500000 0.540625 0.031250 0.018750
0 0.274219 0.693750 0.023438 0.009375
0 0.277344 0.703125 0.023438 0.009375
0 0.275000 0.712500 0.025000 0.009375
0 0.275000 0.730469 0.028125 0.010937
0 0.275000 0.742969 0.025000 0.007812
0 0.275000 0.746875 0.028125 0.006250
0 0.278125 0.756250 0.025000 0.009375
0 0.278125 0.765625 0.025000 0.009375
0 0.278125 0.774219 0.028125 0.010937
0 0.278125 0.782813 0.025000 0.009375
0 0.227344 0.809375 0.023438 0.009375
0 0.228125 0.817969 0.025000 0.010937
0 0.437500 0.903125 0.021875 0.062500
