0 0.936719 0.178125 0.026562 0.012500
0 0.935156 0.242188 0.039062 0.015625
0 0.929688 0.289062 0.031250 0.015625
0 0.896875 0.304688 0.012500 0.021875
0 0.924219 0.360156 0.026562 0.014063
0 0.921875 0.428906 0.034375 0.017188
0 0.883594 0.437500 0.026562 0.025000
0 0.903125 0.453125 0.018750 0.018750
0 0.764844 0.388281 0.020313 0.029687
0 0.753906 0.378906 0.020313 0.023438
0 0.820312 0.469531 0.025000 0.026562
0 0.805469 0.475781 0.020313 0.026562
0 0.739062 0.467187 0.015625 0.028125
0 0.671094 0.462500 0.014063 0.025000
0 0.650000 0.460938 0.021875 0.021875
0 0.471094 0.128906 0.039062 0.017188
0 0.503906 0.105469 0.023438 0.029687
0 0.385937 0.083594 0.018750 0.023438
0 0.400000 0.089063 0.015625 0.025000
0 0.356250 0.070312 0.018750 0.021875
0 0.343750 0.081250 0.018750 0.031250
0 0.242188 0.073438 0.018750 0.021875
0 0.189844 0.065625 0.020313 0.025000
0 0.221094 0.170313 0.023438 0.028125
0 0.121094 0.350781 0.020313 0.023438
0 0.123438 0.400000 0.031250 0.012500
0 0.152344 0.401562 0.035937 0.009375
0 0.274219 0.388281 0.026562 0.014063
0 0.304688 0.358594 0.018750 0.026562
0 0.317188 0.364844 0.015625 0.020313
0 0.375000 0.360156 0.015625 0.029687
0 0.460156 0.382812 0.017188 0.025000
0 0.315625 0.437500 0.018750 0.025000
0 0.242969 0.438281 0.017188 0.023438
0 0.013281 0.394531 0.017188 0.020313
0 0.010156 0.416406 0.017188 0.020313
0 0.097656 0.683594 0.042188 0.017188
0 0.042188 0.793750 0.021875 0.025000
0 0.289844 0.713281 0.035937 0.020313
0 0.371094 0.695312 0.017188 0.015625
0 0.320312 0.757031 0.015625 0.023438
0 0.320312 0.782031 0.018750 0.020313
0 0.407031 0.790625 0.014063 0.021875
0 0.443750 0.839844 0.037500 0.014063
0 0.849219 0.681250 0.017188 0.031250
0 0.788281 0.721875 0.029687 0.015625
0 0.817187 0.721094 0.028125 0.017188
0 0.114062 0.985156 0.037500 0.017188
