0 0.519531 0.269531 0.020313 0.020313
0 0.430469 0.367969 0.020313 0.020313
0 0.922656 0.212500 0.020313 0.021875
0 0.923438 0.267188 0.021875 0.015625
0 0.954688 0.329688 0.021875 0.021875
0 0.846094 0.420312 0.017188 0.021875
0 0.764844 0.421094 0.029687 0.017188
0 0.804688 0.547656 0.025000 0.014063
0 0.711719 0.554688 0.017188 0.018750
0 0.700000 0.569531 0.018750 0.020313
0 0.505469 0.549219 0.020313 0.020313
0 0.463281 0.581250 0.017188 0.015625
0 0.456250 0.590625 0.015625 0.012500
0 0.449219 0.595313 0.017188 0.015625
0 0.441406 0.601562 0.020313 0.018750
0 0.431250 0.607031 0.018750 0.017188
0 0.422656 0.613281 0.020313 0.017188
0 0.413281 0.618750 0.017188 0.015625
0 0.404687 0.626563 0.018750 0.015625
0 0.398438 0.635156 0.021875 0.017188
0 0.389844 0.642188 0.023438 0.018750
0 0.379688 0.649219 0.021875 0.020313
0 0.373437 0.653125 0.021875 0.018750
0 0.364063 0.661719 0.021875 0.017188
0 0.352344 0.668750 0.020313 0.015625
0 0.345313 0.675781 0.015625 0.020313
0 0.338281 0.682031 0.017188 0.017188
0 0.329688 0.686719 0.018750 0.017188
0 0.322656 0.695312 0.020313 0.018750
0 0.311719 0.700000 0.017188 0.015625
0 0.305469 0.707031 0.017188 0.017188
0 0.295312 0.713281 0.018750 0.017188
0 0.287500 0.720313 0.018750 0.015625
0 0.256250 0.747656 0.021875 0.020313
0 0.246094 0.753906 0.020313 0.020313
0 0.532813 0.614844 0.015625 0.023438
0 0.523438 0.621094 0.015625 0.020313
0 0.517188 0.631250 0.015625 0.021875
0 0.510156 0.639062 0.014063 0.018750
0 0.501563 0.644531 0.012500 0.017188
0 0.493750 0.651563 0.012500 0.021875
0 0.485156 0.657031 0.010937 0.020313
0 0.476562 0.665625 0.012500 0.018750
0 0.467187 0.671875 0.012500 0.018750
0 0.457813 0.677344 0.012500 0.020313
0 0.449219 0.683594 0.010937 0.020313
0 0.442969 0.689063 0.010937 0.018750
0 0.434375 0.695312 0.012500 0.018750
0 0.423438 0.701562 0.015625 0.025000
0 0.331250 0.778125 0.015625 0.021875
0 0.322656 0.785156 0.017188 0.023438
0 0.335938 0.796094 0.012500 0.020313
0 0.430469 0.721875 0.014063 0.018750
0 0.423438 0.729688 0.012500 0.015625
0 0.440625 0.715625 0.012500 0.018750
0 0.450000 0.710938 0.012500 0.018750
0 0.457813 0.703125 0.012500 0.018750
0 0.464844 0.695312 0.010937 0.018750
0 0.473438 0.690625 0.012500 0.018750
0 0.482812 0.684375 0.012500 0.018750
0 0.489844 0.676562 0.010937 0.018750
0 0.500781 0.671875 0.014063 0.018750
0 0.514844 0.660156 0.014063 0.017188
0 0.523438 0.650781 0.015625 0.020313
0 0.533594 0.642188 0.014063 0.021875
0 0.539062 0.633594 0.012500 0.017188
0 0.549219 0.626563 0.017188 0.021875
