0 0.456250 0.237500 0.021875 0.025000
0 0.362500 0.239063 0.015625 0.025000
0 0.346094 0.234375 0.014063 0.021875
0 0.342969 0.259375 0.017188 0.021875
0 0.214844 0.314844 0.017188 0.020313
0 0.693750 0.714844 0.018750 0.020313
0 0.260937 0.578125 0.015625 0.018750
0 0.259375 0.617188 0.015625 0.025000
0 0.273438 0.617969 0.012500 0.020313
0 0.306250 0.636719 0.012500 0.020313
0 0.282813 0.634375 0.015625 0.021875
0 0.271094 0.634375 0.010937 0.021875
0 0.259375 0.636719 0.009375 0.020313
0 0.337500 0.675000 0.012500 0.018750
0 0.306250 0.675000 0.012500 0.021875
0 0.284375 0.675000 0.015625 0.025000
0 0.259375 0.693750 0.015625 0.025000
0 0.273438 0.693750 0.012500 0.021875
0 0.306250 0.693750 0.009375 0.018750
0 0.318750 0.692969 0.015625 0.023438
0 0.332813 0.696094 0.012500 0.020313
0 0.259375 0.736719 0.015625 0.017188
0 0.306250 0.734375 0.015625 0.018750
0 0.318750 0.734375 0.009375 0.018750
0 0.330469 0.734375 0.007812 0.018750
0 0.364844 0.737500 0.014063 0.025000
0 0.343750 0.753125 0.009375 0.021875
0 0.285938 0.753125 0.012500 0.018750
0 0.262500 0.753125 0.015625 0.018750
0 0.275000 0.796875 0.018750 0.021875
0 0.278125 0.930469 0.015625 0.020313
0 0.140625 0.989844 0.015625 0.020313
0 0.125000 0.987500 0.009375 0.021875
0 0.112500 0.987500 0.012500 0.025000
0 0.310156 0.200000 0.017188 0.025000
