0 0.102344 0.362500 0.017188 0.021875
0 0.146094 0.452344 0.020313 0.020313
0 0.100000 0.486719 0.015625 0.026562
0 0.099219 0.518750 0.017188 0.021875
0 0.099219 0.548438 0.017188 0.021875
0 0.092969 0.578125 0.014063 0.018750
0 0.092188 0.598437 0.018750 0.021875
0 0.353125 0.531250 0.025000 0.015625
0 0.459375 0.484375 0.025000 0.015625
0 0.325000 0.179688 0.025000 0.012500
0 0.353125 0.180469 0.025000 0.014063
0 0.325000 0.189844 0.028125 0.010937
0 0.992969 0.280469 0.014063 0.017188
0 0.959375 0.307812 0.025000 0.009375
0 0.874219 0.360938 0.023438 0.021875
0 0.668750 0.642188 0.015625 0.018750
0 0.671094 0.555469 0.026562 0.017188
0 0.367188 0.625000 0.028125 0.015625
0 0.379688 0.639844 0.021875 0.010937
0 0.387500 0.646875 0.021875 0.015625
0 0.412500 0.682813 0.021875 0.018750
0 0.393750 0.696875 0.025000 0.012500
0 0.346094 0.871094 0.020313 0.020313
0 0.314063 0.885938 0.018750 0.021875
0 0.242969 0.909375 0.017188 0.018750
0 0.782813 0.677344 0.028125 0.017188
0 0.742188 0.737500 0.021875 0.018750
0 0.721875 0.733594 0.018750 0.014063
0 0.671875 0.871875 0.025000 0.015625
0 0.662500 0.984375 0.021875 0.015625
0 0.768750 0.921875 0.021875 0.012500
0 0.765625 0.937500 0.025000 0.009375
0 0.764062 0.946875 0.025000 0.015625
0 0.765625 0.960938 0.025000 0.012500
0 0.760938 0.975000 0.025000 0.015625
0 0.759375 0.993750 0.025000 0.012500
0 0.793750 0.855469 0.015625 0.026562
0 0.675000 0.749219 0.021875 0.014063
0 0.668750 0.758594 0.025000 0.014063
0 0.881250 0.796875 0.025000 0.015625
0 0.878125 0.815625 0.021875 0.009375
0 0.880469 0.821875 0.020313 0.009375
0 0.881250 0.831250 0.025000 0.015625
0 0.907813 0.796875 0.015625 0.009375
0 0.903125 0.807813 0.025000 0.009375
0 0.903125 0.815625 0.025000 0.009375
0 0.903125 0.829688 0.025000 0.009375
0 0.903125 0.836719 0.021875 0.007812
0 0.949219 0.835938 0.014063 0.021875
0 0.965625 0.806250 0.021875 0.015625
0 0.948438 0.809375 0.018750 0.015625
0 0.936719 0.815625 0.017188 0.015625
0 0.511719 0.148438 0.014063 0.050000
0 0.536719 0.152344 0.010937 0.048438
0 0.550000 0.153125 0.015625 0.046875
0 0.564063 0.152344 0.012500 0.048438
0 0.602344 0.153125 0.020313 0.046875
0 0.682813 0.156250 0.015625 0.046875
0 0.720313 0.160156 0.015625 0.045312
0 0.735156 0.161719 0.014063 0.048438
