0 0.490625 0.064844 0.012500 0.017188
0 0.503906 0.062500 0.014063 0.015625
0 0.517969 0.067969 0.014063 0.017188
0 0.567969 0.059375 0.010937 0.021875
0 0.584375 0.067187 0.015625 0.018750
0 0.713281 0.040625 0.014063 0.025000
0 0.726562 0.041406 0.015625 0.020313
0 0.798438 0.031250 0.015625 0.018750
0 0.505469 0.219531 0.017188 0.017188
0 0.642188 0.142187 0.015625 0.025000
0 0.560156 0.304688 0.029687 0.012500
0 0.692187 0.410156 0.018750 0.023438
0 0.772656 0.414062 0.014063 0.021875
0 0.799219 0.407813 0.017188 0.021875
0 0.820312 0.466406 0.018750 0.010937
0 0.893750 0.154688 0.015625 0.025000
0 0.935156 0.167969 0.017188 0.020313
0 0.771094 0.550781 0.010937 0.020313
0 0.662500 0.549219 0.015625 0.020313
0 0.647656 0.550781 0.014063 0.023438
0 0.486719 0.389844 0.010937 0.017188
0 0.488281 0.408594 0.014063 0.020313
0 0.485156 0.432812 0.014063 0.021875
0 0.527344 0.615625 0.029687 0.012500
0 0.891406 0.795312 0.026562 0.015625
0 0.830469 0.797656 0.014063 0.017188
0 0.947656 0.888281 0.026562 0.010937
0 0.867969 0.901563 0.026562 0.015625
0 0.903125 0.953906 0.012500 0.020313
0 0.985156 0.978125 0.010937 0.018750
0 0.545312 0.923438 0.021875 0.025000
0 0.464844 0.955469 0.017188 0.020313
0 0.402344 0.685156 0.020313 0.017188
0 0.384375 0.683594 0.021875 0.017188
0 0.370312 0.682031 0.025000 0.020313
0 0.349219 0.682031 0.026562 0.017188
0 0.335156 0.682031 0.026562 0.017188
0 0.387500 0.252344 0.025000 0.007812
0 0.385937 0.259375 0.028125 0.009375
0 0.385156 0.270313 0.029687 0.012500
0 0.385937 0.232031 0.031250 0.010937
0 0.380469 0.318750 0.026562 0.012500
0 0.379688 0.328906 0.025000 0.007812
0 0.378125 0.338281 0.028125 0.007812
0 0.225000 0.275000 0.021875 0.012500
0 0.179688 0.271875 0.025000 0.015625
0 0.093750 0.068750 0.028125 0.009375
0 0.051562 0.100000 0.031250 0.015625
0 0.363281 0.117188 0.029687 0.012500
