0 0.025000 0.125000 0.015625 0.018750
0 0.640625 0.089844 0.018750 0.023438
0 0.664844 0.085938 0.014063 0.025000
0 0.782813 0.048438 0.025000 0.015625
0 0.706250 0.093750 0.025000 0.012500
0 0.592969 0.125000 0.017188 0.025000
0 0.671094 0.127344 0.014063 0.020313
0 0.396094 0.306250 0.023438 0.009375
0 0.465625 0.346094 0.012500 0.020313
0 0.487500 0.349219 0.012500 0.017188
0 0.496875 0.350000 0.015625 0.018750
0 0.528125 0.765625 0.031250 0.012500
0 0.529687 0.781250 0.025000 0.009375
0 0.621875 0.721875 0.025000 0.009375
0 0.887500 0.649219 0.025000 0.014063
0 0.956250 0.631250 0.018750 0.009375
0 0.793750 0.883594 0.025000 0.032813
0 0.437500 0.523438 0.031250 0.015625
0 0.884375 0.981250 0.021875 0.021875
