0 0.339844 0.103906 0.023438 0.010937
0 0.292187 0.130469 0.028125 0.014063
0 0.361719 0.133594 0.026562 0.014063
0 0.377344 0.121875 0.020313 0.009375
0 0.485938 0.121094 0.028125 0.010937
0 0.482812 0.139063 0.028125 0.009375
0 0.529687 0.133594 0.028125 0.010937
0 0.875000 0.142969 0.031250 0.014063
0 0.892188 0.197656 0.015625 0.020313
0 0.866406 0.199219 0.017188 0.020313
0 0.767969 0.194531 0.020313 0.020313
0 0.735156 0.195312 0.017188 0.021875
0 0.708594 0.192969 0.017188 0.020313
0 0.609375 0.180469 0.012500 0.017188
0 0.597656 0.179688 0.010937 0.018750
0 0.582812 0.178125 0.012500 0.015625
0 0.572656 0.178125 0.010937 0.015625
0 0.610156 0.247656 0.023438 0.020313
0 0.792188 0.250000 0.015625 0.018750
0 0.803125 0.255469 0.015625 0.017188
0 0.816406 0.257031 0.017188 0.014063
0 0.843750 0.255469 0.018750 0.014063
0 0.881250 0.242969 0.018750 0.017188
0 0.894531 0.245312 0.017188 0.018750
0 0.949219 0.248438 0.017188 0.015625
0 0.973437 0.250781 0.018750 0.014063
0 0.942969 0.263281 0.020313 0.014063
0 0.960156 0.301563 0.014063 0.015625
0 0.917188 0.299219 0.018750 0.014063
0 0.849219 0.294531 0.014063 0.017188
0 0.811719 0.295312 0.014063 0.015625
0 0.773438 0.292187 0.021875 0.018750
0 0.748437 0.288281 0.018750 0.020313
0 0.644531 0.281250 0.020313 0.018750
0 0.629687 0.281250 0.015625 0.018750
0 0.599219 0.229687 0.020313 0.012500
0 0.529687 0.228906 0.018750 0.010937
0 0.555469 0.277344 0.014063 0.017188
0 0.510938 0.287500 0.012500 0.018750
0 0.486719 0.289844 0.020313 0.017188
0 0.367188 0.185938 0.015625 0.012500
0 0.139063 0.189844 0.025000 0.010937
0 0.035156 0.113281 0.017188 0.010937
0 0.080469 0.181250 0.020313 0.009375
0 0.082812 0.192969 0.021875 0.007812
0 0.067187 0.212500 0.015625 0.018750
0 0.024219 0.210156 0.014063 0.017188
0 0.134375 0.459375 0.015625 0.018750
0 0.103906 0.521875 0.014063 0.018750
0 0.092969 0.521875 0.010937 0.021875
0 0.081250 0.520312 0.012500 0.018750
0 0.050781 0.518750 0.017188 0.018750
0 0.053906 0.556250 0.014063 0.018750
0 0.066406 0.558594 0.014063 0.017188
0 0.085156 0.562500 0.007812 0.015625
0 0.094531 0.557031 0.014063 0.017188
0 0.124219 0.560156 0.010937 0.023438
0 0.138281 0.561719 0.014063 0.017188
0 0.282813 0.667188 0.021875 0.025000
0 0.796094 0.682813 0.023438 0.012500
0 0.844531 0.677344 0.017188 0.010937
0 0.867188 0.680469 0.021875 0.014063
0 0.917188 0.681250 0.018750 0.009375
0 0.915625 0.690625 0.021875 0.009375
0 0.842969 0.699219 0.023438 0.010937
0 0.864844 0.710938 0.020313 0.009375
0 0.914062 0.714063 0.018750 0.009375
0 0.842969 0.710156 0.020313 0.007812
0 0.843750 0.718750 0.021875 0.009375
0 0.792969 0.691406 0.023438 0.007812
0 0.794531 0.700000 0.020313 0.009375
0 0.793750 0.707812 0.025000 0.009375
0 0.791406 0.721875 0.026562 0.012500
0 0.853125 0.750000 0.025000 0.015625
0 0.708594 0.741406 0.023438 0.010937
0 0.400781 0.720313 0.020313 0.009375
0 0.817969 0.806250 0.023438 0.009375
0 0.816406 0.816406 0.020313 0.007812
0 0.890625 0.816406 0.025000 0.007812
0 0.864844 0.830469 0.023438 0.007812
0 0.888281 0.839063 0.023438 0.012500
0 0.866406 0.846875 0.017188 0.009375
0 0.816406 0.828906 0.026562 0.010937
0 0.812500 0.844531 0.021875 0.007812
0 0.810937 0.852344 0.028125 0.010937
0 0.080469 0.757031 0.023438 0.010937
0 0.008594 0.846094 0.014063 0.014063
