0 0.117188 0.853906 0.025000 0.017188
0 0.317969 0.887500 0.029687 0.015625
0 0.346875 0.875781 0.028125 0.017188
0 0.325000 0.899219 0.021875 0.010937
0 0.971875 0.968750 0.015625 0.018750
0 0.833594 0.953906 0.010937 0.020313
0 0.819531 0.953906 0.010937 0.017188
0 0.808594 0.954688 0.010937 0.021875
0 0.746094 0.967187 0.017188 0.009375
0 0.378125 0.963281 0.021875 0.014063
0 0.371094 0.978906 0.023438 0.014063
0 0.317188 0.954688 0.021875 0.009375
0 0.319531 0.967969 0.023438 0.010937
0 0.301563 0.986719 0.012500 0.014063
0 0.192969 0.980469 0.020313 0.017188
0 0.111719 0.976562 0.017188 0.018750
0 0.057031 0.975000 0.017188 0.018750
0 0.037500 0.975781 0.018750 0.020313
