0 0.016406 0.250000 0.017188 0.018750
0 0.032813 0.247656 0.012500 0.017188
0 0.016406 0.197656 0.023438 0.010937
0 0.150781 0.206250 0.020313 0.012500
0 0.175000 0.209375 0.021875 0.012500
0 0.199219 0.209375 0.026562 0.012500
0 0.313281 0.136719 0.020313 0.007812
0 0.310156 0.144531 0.020313 0.010937
0 0.309375 0.190625 0.025000 0.009375
0 0.364844 0.146875 0.029687 0.012500
0 0.383594 0.158594 0.023438 0.010937
0 0.342187 0.035156 0.015625 0.020313
0 0.361719 0.161719 0.017188 0.007812
0 0.362500 0.171094 0.018750 0.010937
0 0.383594 0.171875 0.023438 0.012500
0 0.383594 0.188281 0.020313 0.010937
0 0.361719 0.194531 0.023438 0.007812
0 0.714063 0.157031 0.025000 0.014063
0 0.690625 0.157031 0.018750 0.007812
0 0.689063 0.165625 0.021875 0.012500
0 0.684375 0.180469 0.021875 0.007812
0 0.684375 0.187500 0.021875 0.009375
0 0.686719 0.196094 0.020313 0.007812
0 0.635156 0.185938 0.029687 0.009375
0 0.634375 0.194531 0.025000 0.007812
0 0.633594 0.209375 0.026562 0.009375
0 0.894531 0.071094 0.017188 0.023438
0 0.889844 0.130469 0.014063 0.020313
0 0.921094 0.100781 0.014063 0.020313
0 0.886719 0.152344 0.010937 0.014063
0 0.885938 0.171094 0.012500 0.023438
0 0.814063 0.246094 0.018750 0.007812
0 0.781250 0.267969 0.028125 0.010937
0 0.733594 0.266406 0.026562 0.014063
0 0.549219 0.256250 0.026562 0.012500
