0 0.217969 0.061719 0.026562 0.010937
0 0.270313 0.060156 0.025000 0.014063
0 0.100000 0.334375 0.028125 0.012500
0 0.099219 0.349219 0.023438 0.010937
0 0.098437 0.360156 0.025000 0.017188
0 0.098437 0.392188 0.025000 0.015625
0 0.096094 0.402344 0.023438 0.014063
0 0.097656 0.412500 0.029687 0.015625
0 0.099219 0.696094 0.014063 0.023438
0 0.682813 0.607812 0.015625 0.021875
0 0.590625 0.722656 0.021875 0.023438
0 0.719531 0.644531 0.014063 0.017188
0 0.717969 0.662500 0.014063 0.015625
0 0.742969 0.645312 0.010937 0.018750
0 0.828125 0.641406 0.015625 0.020313
0 0.635156 0.978125 0.014063 0.018750
0 0.715625 0.012500 0.021875 0.021875
0 0.803906 0.019531 0.017188 0.020313
