0 0.558894 0.804087 0.021635 0.016827
0 0.427885 0.727163 0.019231 0.021635
0 0.849760 0.687500 0.021635 0.024038
0 0.912260 0.647837 0.036058 0.016827
0 0.949519 0.627404 0.038462 0.014423
0 0.939904 0.574519 0.033654 0.009615
0 0.933894 0.550481 0.040865 0.014423
0 0.846154 0.568510 0.019231 0.026442
0 0.757212 0.691106 0.028846 0.021635
0 0.758413 0.700721 0.040865 0.021635
0 0.868990 0.475962 0.021635 0.028846
0 0.834135 0.459135 0.014423 0.024038
0 0.818510 0.460337 0.016827 0.026442
0 0.770433 0.460337 0.016827 0.021635
0 0.729567 0.460337 0.021635 0.026442
0 0.710337 0.460337 0.016827 0.026442
0 0.207933 0.411058 0.040865 0.014423
0 0.465144 0.538462 0.040865 0.014423
0 0.491587 0.449519 0.036058 0.024038
0 0.490385 0.459135 0.033654 0.014423
0 0.412260 0.444712 0.026442 0.014423
0 0.403846 0.474760 0.038462 0.016827
0 0.888221 0.179087 0.021635 0.021635
0 0.841346 0.179087 0.024038 0.026442
0 0.825721 0.194712 0.021635 0.024038
0 0.802885 0.193510 0.019231 0.026442
0 0.788462 0.193510 0.019231 0.026442
0 0.740385 0.192308 0.019231 0.024038
0 0.909856 0.007212 0.036058 0.009615
0 0.896635 0.022837 0.043269 0.012019
0 0.868990 0.692308 0.021635 0.019231
0 0.610577 0.195913 0.019231 0.026442
