0 0.514844 0.189844 0.029687 0.017188
0 0.478125 0.187500 0.025000 0.025000
0 0.475000 0.207813 0.037500 0.018750
0 0.460938 0.254688 0.025000 0.021875
0 0.456250 0.281250 0.021875 0.015625
0 0.452344 0.343750 0.020313 0.021875
0 0.452344 0.381250 0.029687 0.021875
0 0.668750 0.346875 0.034375 0.015625
0 0.662500 0.356250 0.025000 0.015625
0 0.746875 0.340625 0.025000 0.009375
0 0.771094 0.343750 0.023438 0.012500
0 0.746875 0.370312 0.034375 0.015625
0 0.746875 0.384375 0.034375 0.009375
0 0.742188 0.400000 0.025000 0.012500
0 0.742188 0.411719 0.031250 0.014063
0 0.737500 0.430469 0.040625 0.020313
0 0.450000 0.506250 0.025000 0.015625
0 0.525000 0.537500 0.028125 0.015625
0 0.943750 0.646875 0.034375 0.015625
0 0.887500 0.673438 0.028125 0.015625
0 0.673438 0.710938 0.028125 0.015625
0 0.793750 0.787500 0.025000 0.015625
0 0.534375 0.725000 0.028125 0.015625
0 0.431250 0.745313 0.028125 0.012500
0 0.493750 0.828125 0.028125 0.018750
0 0.202344 0.774219 0.029687 0.014063
0 0.139844 0.799219 0.029687 0.010937
0 0.176563 0.806250 0.028125 0.009375
0 0.092188 0.818750 0.028125 0.009375
0 0.181250 0.887500 0.025000 0.012500
