0 0.232031 0.113281 0.026562 0.017188
0 0.170313 0.015625 0.021875 0.009375
0 0.172656 0.025000 0.026562 0.009375
0 0.171094 0.034375 0.026562 0.009375
0 0.066406 0.142187 0.014063 0.021875
0 0.091406 0.141406 0.020313 0.020313
0 0.113281 0.140625 0.014063 0.021875
0 0.182812 0.233594 0.031250 0.014063
0 0.181250 0.304688 0.025000 0.009375
0 0.182031 0.317188 0.026562 0.009375
0 0.182812 0.328125 0.028125 0.009375
0 0.235156 0.286719 0.026562 0.010937
0 0.235937 0.297656 0.025000 0.007812
0 0.235156 0.305469 0.026562 0.010937
0 0.235156 0.314844 0.023438 0.010937
0 0.235937 0.325000 0.025000 0.009375
0 0.084375 0.366406 0.012500 0.017188
0 0.096094 0.366406 0.014063 0.017188
0 0.120313 0.369531 0.015625 0.017188
0 0.153125 0.368750 0.015625 0.018750
0 0.165625 0.367188 0.018750 0.021875
0 0.086719 0.412500 0.017188 0.021875
0 0.108594 0.410156 0.014063 0.017188
0 0.139844 0.410938 0.014063 0.021875
0 0.164844 0.410938 0.014063 0.021875
0 0.187500 0.453125 0.025000 0.012500
0 0.185156 0.441406 0.026562 0.010937
0 0.189844 0.485156 0.023438 0.014063
0 0.189844 0.539844 0.029687 0.010937
0 0.192188 0.575781 0.025000 0.010937
0 0.191406 0.593750 0.029687 0.009375
0 0.079687 0.641406 0.012500 0.017188
0 0.093750 0.640625 0.015625 0.018750
0 0.106250 0.640625 0.009375 0.018750
0 0.117969 0.641406 0.017188 0.020313
0 0.132031 0.641406 0.014063 0.023438
0 0.327344 0.373437 0.014063 0.021875
0 0.339062 0.371875 0.012500 0.021875
0 0.373437 0.374219 0.015625 0.020313
0 0.350781 0.373437 0.014063 0.021875
0 0.410156 0.376563 0.014063 0.021875
0 0.421875 0.376563 0.012500 0.021875
0 0.460938 0.380469 0.012500 0.023438
0 0.517969 0.384375 0.014063 0.021875
0 0.553125 0.386719 0.015625 0.020313
0 0.310156 0.414062 0.014063 0.025000
0 0.334375 0.414844 0.015625 0.026562
0 0.348438 0.417187 0.015625 0.028125
0 0.372656 0.415625 0.014063 0.025000
0 0.419531 0.420312 0.014063 0.025000
0 0.457031 0.419531 0.010937 0.023438
0 0.491406 0.422656 0.014063 0.026562
0 0.506250 0.424219 0.015625 0.026562
0 0.298438 0.529687 0.015625 0.021875
0 0.321094 0.531250 0.010937 0.021875
0 0.334375 0.533594 0.012500 0.020313
0 0.376563 0.535156 0.015625 0.023438
0 0.410156 0.535156 0.017188 0.020313
0 0.428125 0.537500 0.015625 0.021875
0 0.456250 0.537500 0.015625 0.018750
0 0.469531 0.536719 0.014063 0.020313
0 0.489844 0.542188 0.014063 0.025000
0 0.340625 0.575781 0.012500 0.017188
0 0.386719 0.577344 0.014063 0.017188
0 0.400781 0.581250 0.010937 0.015625
0 0.427344 0.580469 0.014063 0.014063
0 0.486719 0.585938 0.020313 0.015625
0 0.663281 0.228906 0.014063 0.020313
0 0.686719 0.273438 0.010937 0.021875
0 0.699219 0.274219 0.010937 0.020313
0 0.709375 0.275000 0.009375 0.021875
0 0.722656 0.279687 0.010937 0.021875
0 0.785156 0.291406 0.014063 0.014063
0 0.755469 0.338281 0.014063 0.020313
0 0.778125 0.367188 0.015625 0.021875
0 0.748437 0.397656 0.015625 0.020313
0 0.772656 0.410156 0.014063 0.017188
0 0.633594 0.441406 0.010937 0.020313
0 0.666406 0.442969 0.014063 0.023438
0 0.686719 0.442969 0.014063 0.020313
0 0.701562 0.443750 0.012500 0.021875
0 0.765625 0.458594 0.015625 0.017188
0 0.762500 0.531250 0.012500 0.015625
0 0.762500 0.553125 0.018750 0.018750
0 0.967969 0.310937 0.014063 0.018750
0 0.978906 0.314844 0.017188 0.020313
0 0.990625 0.318750 0.015625 0.015625
0 0.889844 0.359375 0.020313 0.018750
0 0.903906 0.364844 0.020313 0.020313
0 0.925781 0.376563 0.014063 0.018750
0 0.937500 0.381250 0.018750 0.018750
0 0.947656 0.385156 0.014063 0.023438
0 0.959375 0.389062 0.015625 0.021875
0 0.993750 0.406250 0.012500 0.018750
0 0.951562 0.742969 0.021875 0.014063
0 0.649219 0.717969 0.023438 0.010937
0 0.529687 0.689844 0.028125 0.014063
0 0.518750 0.725000 0.021875 0.015625
0 0.450000 0.686719 0.025000 0.014063
0 0.689844 0.780469 0.023438 0.010937
0 0.690625 0.790625 0.021875 0.009375
0 0.691406 0.799219 0.020313 0.007812
0 0.692187 0.806250 0.021875 0.009375
0 0.689844 0.821875 0.026562 0.012500
0 0.685937 0.842187 0.021875 0.009375
0 0.682813 0.866406 0.025000 0.014063
0 0.679688 0.892188 0.028125 0.012500
0 0.680469 0.908594 0.020313 0.007812
0 0.669531 0.942187 0.020313 0.009375
0 0.764062 0.878125 0.015625 0.012500
0 0.774219 0.877344 0.014063 0.020313
0 0.785156 0.878125 0.017188 0.021875
0 0.803906 0.887500 0.014063 0.018750
0 0.817969 0.888281 0.010937 0.017188
0 0.827344 0.889844 0.010937 0.017188
0 0.837500 0.891406 0.015625 0.020313
0 0.848437 0.896875 0.012500 0.018750
0 0.862500 0.896875 0.012500 0.018750
0 0.871875 0.900781 0.012500 0.017188
0 0.902344 0.908594 0.014063 0.017188
0 0.913281 0.909375 0.010937 0.015625
0 0.925000 0.911719 0.012500 0.017188
0 0.935156 0.914062 0.014063 0.021875
0 0.948438 0.916406 0.009375 0.017188
0 0.781250 0.925781 0.015625 0.023438
0 0.846094 0.937500 0.010937 0.021875
0 0.889062 0.947656 0.015625 0.023438
0 0.920312 0.954688 0.015625 0.021875
0 0.932813 0.957812 0.009375 0.018750
0 0.962500 0.988281 0.009375 0.020313
0 0.972656 0.988281 0.010937 0.023438
0 0.310937 0.762500 0.028125 0.009375
0 0.310937 0.770312 0.025000 0.009375
0 0.310937 0.778125 0.025000 0.009375
0 0.310937 0.789062 0.028125 0.009375
0 0.309375 0.796875 0.025000 0.009375
0 0.304688 0.812500 0.025000 0.009375
0 0.305469 0.823438 0.026562 0.009375
0 0.303125 0.832031 0.025000 0.007812
0 0.300781 0.846875 0.026562 0.012500
0 0.300000 0.864844 0.025000 0.010937
0 0.296875 0.875000 0.025000 0.009375
0 0.333594 0.832031 0.010937 0.020313
0 0.356250 0.872656 0.021875 0.010937
0 0.310937 0.964063 0.021875 0.012500
0 0.303906 0.971094 0.020313 0.010937
0 0.285156 0.990625 0.023438 0.012500
0 0.416406 0.932813 0.010937 0.015625
0 0.438281 0.934375 0.014063 0.018750
0 0.469531 0.942969 0.014063 0.017188
0 0.414062 0.971875 0.012500 0.021875
0 0.431250 0.978125 0.015625 0.021875
0 0.444531 0.980469 0.010937 0.020313
0 0.542188 0.975000 0.018750 0.025000
0 0.549219 0.983594 0.020313 0.020313
0 0.557813 0.989062 0.018750 0.021875
0 0.589844 0.992969 0.032813 0.014063
