0 0.827344 0.103125 0.020313 0.015625
0 0.314063 0.042969 0.025000 0.010937
0 0.385937 0.081250 0.021875 0.012500
0 0.278125 0.053125 0.028125 0.009375
0 0.183594 0.071094 0.026562 0.014063
0 0.524219 0.112500 0.017188 0.015625
0 0.510938 0.112500 0.009375 0.015625
0 0.500000 0.115625 0.006250 0.015625
0 0.490625 0.112500 0.009375 0.018750
0 0.478125 0.112500 0.009375 0.018750
0 0.470313 0.112500 0.009375 0.015625
0 0.459375 0.111719 0.009375 0.017188
0 0.449219 0.109375 0.007812 0.015625
0 0.439844 0.109375 0.010937 0.018750
0 0.428125 0.109375 0.009375 0.018750
0 0.415625 0.108594 0.009375 0.014063
0 0.379688 0.106250 0.018750 0.015625
0 0.371875 0.125000 0.021875 0.012500
0 0.089844 0.214844 0.023438 0.007812
0 0.371875 0.132812 0.021875 0.006250
0 0.371875 0.140625 0.021875 0.006250
0 0.371875 0.171875 0.021875 0.009375
0 0.367188 0.186719 0.018750 0.007812
0 0.368750 0.193750 0.021875 0.006250
0 0.367969 0.249219 0.020313 0.014063
0 0.368750 0.240625 0.025000 0.009375
0 0.473438 0.201563 0.021875 0.009375
0 0.408594 0.174219 0.017188 0.010937
0 0.409375 0.164062 0.018750 0.006250
0 0.409375 0.152344 0.015625 0.017188
0 0.423438 0.152344 0.012500 0.017188
0 0.434375 0.154688 0.006250 0.015625
0 0.443750 0.154688 0.009375 0.015625
0 0.058594 0.318750 0.014063 0.015625
0 0.033594 0.321875 0.010937 0.018750
0 0.021094 0.321875 0.010937 0.015625
0 0.089844 0.318750 0.014063 0.021875
0 0.036719 0.025000 0.026562 0.012500
0 0.090625 0.185938 0.025000 0.012500
0 0.010156 0.494531 0.014063 0.020313
0 0.039062 0.493750 0.012500 0.015625
0 0.050781 0.496094 0.010937 0.017188
0 0.074219 0.501563 0.017188 0.021875
0 0.057813 0.560937 0.012500 0.015625
0 0.107031 0.517188 0.020313 0.009375
0 0.110937 0.547656 0.021875 0.010937
0 0.115625 0.566406 0.021875 0.014063
0 0.125000 0.596875 0.028125 0.009375
0 0.103125 0.614844 0.021875 0.017188
0 0.118750 0.621875 0.021875 0.015625
0 0.076563 0.639062 0.018750 0.018750
0 0.062500 0.637500 0.021875 0.012500
0 0.010156 0.647656 0.017188 0.014063
0 0.007812 0.636719 0.012500 0.010937
0 0.057813 0.578125 0.015625 0.015625
