0 0.280469 0.674219 0.020313 0.023438
0 0.310937 0.746094 0.018750 0.023438
0 0.291406 0.753125 0.023438 0.028125
0 0.332031 0.787500 0.020313 0.025000
0 0.345313 0.828125 0.018750 0.025000
0 0.320312 0.828125 0.018750 0.021875
0 0.306250 0.858594 0.025000 0.010937
0 0.380469 0.914062 0.020313 0.025000
0 0.367188 0.936719 0.025000 0.023438
0 0.610156 0.625000 0.014063 0.021875
0 0.639062 0.627344 0.015625 0.020313
0 0.653125 0.664062 0.021875 0.031250
0 0.627344 0.671094 0.017188 0.026562
0 0.660156 0.751563 0.020313 0.025000
0 0.885156 0.885156 0.026562 0.014063
0 0.648438 0.939844 0.025000 0.014063
0 0.503906 0.974219 0.032813 0.014063
0 0.451562 0.987500 0.028125 0.012500
0 0.542188 0.996094 0.037500 0.007812
