0 0.105469 0.039844 0.026562 0.010937
0 0.066406 0.151562 0.020313 0.012500
0 0.182812 0.125781 0.028125 0.010937
0 0.290625 0.006250 0.021875 0.009375
0 0.494531 0.083594 0.029687 0.010937
0 0.762500 0.006250 0.021875 0.009375
0 0.827344 0.021094 0.026562 0.010937
0 0.107031 0.423438 0.010937 0.021875
0 0.136719 0.471094 0.010937 0.014063
0 0.163281 0.471094 0.014063 0.017188
0 0.246094 0.464062 0.014063 0.018750
0 0.272656 0.462500 0.010937 0.018750
0 0.323437 0.460938 0.009375 0.015625
0 0.347656 0.463281 0.010937 0.020313
0 0.414844 0.407813 0.010937 0.018750
0 0.452344 0.409375 0.010937 0.018750
0 0.476562 0.407813 0.009375 0.018750
0 0.502344 0.453125 0.010937 0.015625
0 0.524219 0.449219 0.007812 0.010937
0 0.541406 0.453906 0.010937 0.023438
0 0.605469 0.504687 0.023438 0.012500
0 0.608594 0.518750 0.026562 0.009375
0 0.690625 0.602344 0.018750 0.007812
0 0.687500 0.639062 0.021875 0.009375
0 0.689063 0.651563 0.025000 0.009375
0 0.744531 0.627344 0.007812 0.023438
0 0.755469 0.665625 0.014063 0.015625
0 0.797656 0.705469 0.020313 0.010937
0 0.676562 0.685156 0.028125 0.014063
0 0.007812 0.861719 0.012500 0.026562
0 0.024219 0.860156 0.014063 0.020313
0 0.097656 0.848437 0.007812 0.015625
0 0.013281 0.912500 0.010937 0.012500
0 0.022656 0.907813 0.007812 0.015625
0 0.035156 0.906250 0.010937 0.018750
0 0.063281 0.903906 0.014063 0.020313
0 0.098437 0.900781 0.009375 0.017188
0 0.139063 0.900781 0.025000 0.045312
0 0.178906 0.896094 0.010937 0.017188
0 0.191406 0.895312 0.007812 0.025000
0 0.207813 0.891406 0.015625 0.020313
0 0.189062 0.848437 0.006250 0.015625
0 0.199219 0.847656 0.007812 0.014063
0 0.207813 0.844531 0.006250 0.017188
0 0.217969 0.846094 0.007812 0.014063
0 0.228906 0.845313 0.010937 0.015625
0 0.288281 0.838281 0.010937 0.017188
0 0.301563 0.839063 0.009375 0.018750
0 0.316406 0.836719 0.007812 0.017188
0 0.325781 0.836719 0.010937 0.014063
0 0.341406 0.835156 0.007812 0.017188
0 0.355469 0.835938 0.010937 0.018750
0 0.370312 0.835156 0.012500 0.014063
0 0.329688 0.882031 0.009375 0.014063
0 0.367188 0.883594 0.009375 0.017188
0 0.382812 0.882031 0.009375 0.014063
0 0.492188 0.823438 0.012500 0.015625
0 0.509375 0.824219 0.009375 0.017188
0 0.527344 0.824219 0.010937 0.017188
0 0.541406 0.825781 0.010937 0.020313
0 0.587500 0.818750 0.015625 0.021875
0 0.529687 0.870313 0.015625 0.021875
0 0.545312 0.869531 0.015625 0.017188
0 0.593750 0.864062 0.012500 0.015625
0 0.622656 0.866406 0.010937 0.020313
0 0.657031 0.878906 0.017188 0.007812
0 0.659375 0.893750 0.021875 0.012500
0 0.662500 0.908594 0.021875 0.014063
0 0.485156 0.916406 0.020313 0.010937
0 0.745313 0.867188 0.012500 0.021875
0 0.759375 0.864062 0.009375 0.021875
0 0.774219 0.864062 0.007812 0.021875
0 0.787500 0.865625 0.012500 0.025000
0 0.937500 0.853906 0.012500 0.020313
0 0.954688 0.854688 0.012500 0.021875
0 0.752344 0.913281 0.010937 0.017188
0 0.790625 0.910937 0.012500 0.025000
0 0.829688 0.910937 0.012500 0.021875
0 0.856250 0.907813 0.009375 0.015625
0 0.870313 0.906250 0.009375 0.015625
0 0.906250 0.903125 0.009375 0.018750
0 0.918750 0.904687 0.009375 0.021875
0 0.934375 0.903125 0.009375 0.025000
0 0.728906 0.923438 0.023438 0.009375
0 0.728906 0.936719 0.029687 0.007812
0 0.730469 0.961719 0.020313 0.010937
0 0.753125 0.969531 0.012500 0.017188
0 0.767969 0.967969 0.010937 0.017188
0 0.798438 0.968750 0.012500 0.018750
0 0.810156 0.965625 0.004687 0.018750
0 0.785156 0.329688 0.020313 0.025000
