0 0.645433 0.461538 0.045673 0.024038
0 0.769231 0.691106 0.038462 0.016827
0 0.862981 0.618990 0.043269 0.016827
0 0.860577 0.486779 0.052885 0.016827
0 0.859375 0.525240 0.050481 0.021635
0 0.861779 0.558894 0.055288 0.016827
0 0.860577 0.572115 0.052885 0.014423
0 0.861779 0.588942 0.050481 0.019231
0 0.865385 0.472356 0.052885 0.016827
0 0.865385 0.456731 0.057692 0.019231
0 0.859375 0.543269 0.055288 0.014423
0 0.645433 0.491587 0.045673 0.021635
0 0.768029 0.675481 0.045673 0.019231
0 0.861779 0.603365 0.045673 0.014423
0 0.365385 0.820913 0.052885 0.021635
