0 0.200000 0.030469 0.021875 0.026562
0 0.690625 0.105469 0.031250 0.017188
0 0.687500 0.137500 0.028125 0.015625
0 0.687500 0.262500 0.015625 0.021875
0 0.650000 0.264844 0.015625 0.023438
0 0.636719 0.271094 0.014063 0.020313
0 0.619531 0.268750 0.014063 0.025000
0 0.605469 0.271094 0.017188 0.026562
0 0.567187 0.272656 0.021875 0.026562
0 0.466406 0.272656 0.017188 0.026562
0 0.560156 0.482031 0.014063 0.023438
0 0.546875 0.477344 0.012500 0.020313
0 0.588281 0.481250 0.017188 0.021875
0 0.627344 0.483594 0.014063 0.023438
0 0.640625 0.480469 0.015625 0.023438
0 0.668750 0.492188 0.021875 0.028125
0 0.715625 0.550000 0.025000 0.015625
0 0.718750 0.569531 0.025000 0.017188
0 0.704688 0.629687 0.021875 0.015625
0 0.728125 0.639062 0.018750 0.015625
0 0.671094 0.662500 0.017188 0.018750
0 0.654687 0.657813 0.018750 0.021875
0 0.371094 0.470313 0.026562 0.015625
0 0.367188 0.482031 0.025000 0.014063
0 0.354687 0.535156 0.031250 0.010937
0 0.360938 0.624219 0.025000 0.023438
0 0.095312 0.638281 0.025000 0.023438
0 0.426563 0.751563 0.028125 0.021875
0 0.412500 0.770312 0.028125 0.015625
0 0.250000 0.951562 0.028125 0.025000
0 0.308594 0.969531 0.029687 0.026562
