0 0.007031 0.549219 0.010937 0.020313
0 0.051562 0.370312 0.018750 0.025000
0 0.029687 0.274219 0.018750 0.020313
0 0.477344 0.271875 0.014063 0.025000
0 0.475781 0.432031 0.014063 0.020313
0 0.476562 0.457813 0.012500 0.018750
0 0.545312 0.528906 0.043750 0.017188
0 0.890625 0.473438 0.034375 0.018750
0 0.782813 0.485156 0.025000 0.010937
0 0.792188 0.497656 0.025000 0.010937
0 0.696875 0.464062 0.028125 0.012500
0 0.711719 0.507031 0.026562 0.010937
0 0.761719 0.036719 0.017188 0.023438
0 0.749219 0.035937 0.010937 0.018750
0 0.739844 0.039062 0.010937 0.018750
0 0.727344 0.035937 0.014063 0.018750
0 0.717969 0.035937 0.010937 0.018750
0 0.708594 0.039062 0.010937 0.021875
0 0.692187 0.039844 0.015625 0.023438
0 0.674219 0.039844 0.014063 0.026562
0 0.658594 0.041406 0.010937 0.023438
0 0.648438 0.040625 0.012500 0.021875
0 0.635156 0.045312 0.010937 0.018750
0 0.679688 0.079687 0.018750 0.015625
0 0.875781 0.064844 0.020313 0.023438
0 0.895312 0.065625 0.015625 0.021875
0 0.915625 0.062500 0.012500 0.021875
0 0.948438 0.066406 0.015625 0.020313
0 0.985156 0.070312 0.014063 0.021875
0 0.983594 0.118750 0.010937 0.021875
0 0.911719 0.118750 0.010937 0.025000
0 0.969531 0.118750 0.010937 0.015625
0 0.957812 0.117188 0.009375 0.021875
0 0.947656 0.116406 0.010937 0.023438
0 0.935156 0.117188 0.010937 0.021875
0 0.901563 0.117188 0.009375 0.021875
0 0.892188 0.116406 0.009375 0.023438
0 0.882031 0.117969 0.007812 0.020313
0 0.871094 0.114844 0.010937 0.023438
0 0.833594 0.134375 0.026562 0.012500
0 0.835156 0.142969 0.026562 0.010937
0 0.835156 0.153125 0.026562 0.012500
0 0.832031 0.176563 0.020313 0.012500
0 0.832812 0.186719 0.021875 0.010937
0 0.830469 0.196875 0.017188 0.012500
0 0.800000 0.175000 0.025000 0.015625
0 0.798438 0.188281 0.025000 0.014063
0 0.747656 0.171875 0.010937 0.021875
0 0.725000 0.169531 0.012500 0.020313
0 0.732031 0.206250 0.010937 0.018750
0 0.720313 0.204687 0.009375 0.015625
0 0.719531 0.221875 0.014063 0.018750
0 0.660156 0.197656 0.014063 0.020313
0 0.648438 0.199219 0.009375 0.020313
0 0.656250 0.214062 0.009375 0.015625
0 0.677344 0.216406 0.014063 0.020313
0 0.679688 0.167187 0.009375 0.018750
0 0.621875 0.237500 0.012500 0.021875
0 0.642188 0.244531 0.015625 0.020313
0 0.657031 0.242969 0.010937 0.020313
0 0.671875 0.247656 0.012500 0.020313
0 0.695312 0.249219 0.012500 0.017188
0 0.705469 0.249219 0.014063 0.023438
0 0.716406 0.250781 0.007812 0.023438
0 0.725000 0.250781 0.012500 0.023438
0 0.735938 0.253125 0.009375 0.021875
0 0.747656 0.254688 0.010937 0.018750
0 0.620313 0.274219 0.021875 0.010937
0 0.618750 0.285938 0.018750 0.012500
0 0.619531 0.293750 0.020313 0.009375
0 0.617188 0.307031 0.025000 0.010937
0 0.619531 0.316406 0.026562 0.010937
0 0.614844 0.330469 0.023438 0.010937
0 0.614844 0.344531 0.023438 0.010937
0 0.612500 0.357031 0.021875 0.014063
0 0.739062 0.331250 0.015625 0.021875
0 0.651563 0.291406 0.012500 0.017188
0 0.661719 0.289062 0.007812 0.012500
0 0.692969 0.289062 0.007812 0.015625
0 0.719531 0.297656 0.020313 0.014063
0 0.710938 0.365625 0.009375 0.015625
0 0.689844 0.364844 0.007812 0.014063
0 0.821875 0.239063 0.012500 0.018750
0 0.778125 0.307031 0.025000 0.010937
0 0.775000 0.387500 0.028125 0.006250
0 0.772656 0.378125 0.020313 0.006250
0 0.773438 0.367188 0.031250 0.009375
0 0.773438 0.350000 0.028125 0.012500
0 0.777344 0.337500 0.029687 0.012500
0 0.776563 0.325781 0.028125 0.010937
0 0.812500 0.369531 0.021875 0.017188
0 0.762500 0.210156 0.009375 0.020313
0 0.792188 0.217188 0.028125 0.009375
0 0.784375 0.261719 0.025000 0.010937
0 0.719531 0.418750 0.010937 0.018750
0 0.732812 0.419531 0.012500 0.017188
0 0.751563 0.416406 0.009375 0.023438
0 0.691406 0.422656 0.014063 0.020313
