0 0.018029 0.382212 0.031250 0.024038
0 0.040865 0.376202 0.024038 0.026442
0 0.063702 0.372596 0.026442 0.024038
0 0.091346 0.375000 0.028846 0.024038
0 0.112981 0.368990 0.019231 0.026442
0 0.133413 0.371394 0.021635 0.026442
0 0.158654 0.385817 0.024038 0.026442
0 0.183894 0.388221 0.021635 0.026442
0 0.200721 0.396635 0.021635 0.024038
0 0.219952 0.411058 0.026442 0.024038
0 0.225962 0.429087 0.028846 0.021635
0 0.234375 0.445913 0.026442 0.021635
0 0.242788 0.465144 0.033654 0.021635
0 0.247596 0.486779 0.038462 0.016827
0 0.235577 0.503606 0.033654 0.016827
0 0.235577 0.518029 0.038462 0.016827
0 0.225962 0.537260 0.043269 0.012019
0 0.218750 0.556490 0.033654 0.016827
0 0.203125 0.568510 0.031250 0.021635
0 0.174279 0.594952 0.031250 0.021635
0 0.162260 0.608173 0.040865 0.024038
0 0.139423 0.620192 0.038462 0.019231
0 0.104567 0.633413 0.045673 0.031250
0 0.018029 0.662260 0.031250 0.031250
0 0.015625 0.475962 0.016827 0.028846
0 0.036058 0.469952 0.024038 0.026442
0 0.072115 0.461538 0.019231 0.024038
0 0.098558 0.457933 0.024038 0.026442
0 0.138221 0.506010 0.026442 0.021635
0 0.120192 0.514423 0.024038 0.019231
0 0.116587 0.528846 0.026442 0.019231
0 0.103365 0.539663 0.028846 0.026442
0 0.066106 0.562500 0.021635 0.024038
0 0.028846 0.574519 0.024038 0.024038
0 0.009615 0.573317 0.014423 0.026442
