0 0.065625 0.309375 0.018750 0.018750
0 0.424219 0.139063 0.010937 0.018750
0 0.406250 0.137500 0.015625 0.021875
0 0.171875 0.752344 0.025000 0.010937
0 0.190625 0.776563 0.021875 0.009375
0 0.190625 0.785937 0.021875 0.006250
0 0.192969 0.793750 0.023438 0.009375
0 0.203125 0.808594 0.025000 0.014063
0 0.234375 0.818750 0.018750 0.009375
0 0.243750 0.837500 0.021875 0.015625
0 0.217188 0.834375 0.025000 0.012500
0 0.221094 0.843750 0.023438 0.009375
0 0.246094 0.884375 0.029687 0.012500
0 0.259375 0.915625 0.021875 0.012500
0 0.264844 0.925000 0.026562 0.015625
0 0.185938 0.964844 0.021875 0.014063
0 0.134375 0.852344 0.021875 0.010937
0 0.156250 0.860938 0.025000 0.012500
0 0.156250 0.903125 0.025000 0.009375
0 0.162500 0.912500 0.018750 0.009375
