0 0.350781 0.394531 0.023438 0.014063
0 0.354687 0.406250 0.018750 0.012500
0 0.354687 0.417187 0.018750 0.009375
0 0.353906 0.431250 0.020313 0.015625
0 0.413281 0.428125 0.014063 0.018750
0 0.432812 0.428906 0.012500 0.017188
0 0.443750 0.429688 0.012500 0.015625
0 0.454688 0.432031 0.012500 0.017188
0 0.390625 0.445312 0.012500 0.015625
0 0.414062 0.446094 0.012500 0.017188
0 0.403125 0.488281 0.012500 0.020313
0 0.421875 0.487500 0.012500 0.018750
0 0.435156 0.489063 0.014063 0.018750
0 0.456250 0.489844 0.012500 0.020313
0 0.974219 0.454688 0.023438 0.012500
