0 0.289844 0.732812 0.035937 0.015625
0 0.570312 0.721875 0.031250 0.012500
0 0.823438 0.722656 0.021875 0.010937
0 0.380469 0.820312 0.023438 0.012500
0 0.403906 0.814063 0.017188 0.009375
0 0.316406 0.861719 0.029687 0.017188
0 0.328906 0.889062 0.023438 0.015625
0 0.345313 0.913281 0.028125 0.017188
0 0.450000 0.939844 0.015625 0.023438
0 0.460938 0.944531 0.012500 0.020313
0 0.472656 0.942187 0.020313 0.018750
0 0.490625 0.930469 0.021875 0.023438
0 0.660156 0.889844 0.014063 0.020313
0 0.162500 0.945312 0.021875 0.021875
0 0.124219 0.938281 0.014063 0.020313
0 0.087500 0.938281 0.018750 0.017188
0 0.044531 0.954688 0.026562 0.012500
0 0.046875 0.977344 0.028125 0.007812
