0 0.107813 0.109375 0.021875 0.021875
0 0.225781 0.082812 0.026562 0.031250
0 0.614844 0.033594 0.023438 0.026562
0 0.989844 0.402344 0.017188 0.023438
0 0.476562 0.691406 0.021875 0.029687
0 0.490625 0.760938 0.012500 0.025000
0 0.506250 0.760156 0.018750 0.023438
0 0.507812 0.878125 0.021875 0.028125
0 0.644531 0.809375 0.017188 0.025000
0 0.589844 0.877344 0.017188 0.026562
0 0.603125 0.875000 0.015625 0.021875
0 0.605469 0.897656 0.017188 0.023438
0 0.908594 0.931250 0.029687 0.018750
0 0.939063 0.871875 0.018750 0.021875
0 0.964844 0.900000 0.017188 0.028125
0 0.300000 0.792969 0.021875 0.023438
0 0.988281 0.007812 0.020313 0.012500
0 0.984375 0.016406 0.025000 0.010937
0 0.985938 0.028906 0.028125 0.010937
0 0.987500 0.039062 0.021875 0.009375
0 0.987500 0.073438 0.025000 0.009375
0 0.987500 0.085938 0.025000 0.012500
0 0.987500 0.097656 0.025000 0.010937
0 0.986719 0.107031 0.026562 0.010937
0 0.988281 0.122656 0.023438 0.010937
0 0.989844 0.150781 0.020313 0.010937
0 0.987500 0.161719 0.021875 0.010937
