0 0.764423 0.350962 0.038462 0.038462
0 0.788462 0.362981 0.028846 0.033654
0 0.816106 0.381010 0.031250 0.031250
0 0.835337 0.397837 0.036058 0.036058
0 0.362981 0.179087 0.043269 0.021635
0 0.356971 0.224760 0.040865 0.016827
0 0.223558 0.489183 0.043269 0.026442
0 0.253606 0.554087 0.036058 0.016827
0 0.223558 0.522837 0.038462 0.021635
0 0.225962 0.554087 0.038462 0.021635
0 0.223558 0.569712 0.038462 0.014423
0 0.224760 0.537260 0.036058 0.016827
0 0.256010 0.570913 0.036058 0.021635
0 0.257212 0.536058 0.038462 0.019231
0 0.116587 0.534856 0.045673 0.026442
0 0.116587 0.567308 0.021635 0.033654
0 0.264423 0.700721 0.043269 0.026442
0 0.116587 0.521635 0.036058 0.028846
0 0.879808 0.313702 0.033654 0.031250
0 0.902644 0.320913 0.026442 0.026442
0 0.235577 0.175481 0.019231 0.033654
0 0.257212 0.176683 0.024038 0.031250
0 0.013221 0.612981 0.021635 0.019231
0 0.055288 0.493990 0.033654 0.021635
0 0.040865 0.516827 0.033654 0.019231
0 0.042067 0.534856 0.031250 0.021635
0 0.044471 0.550481 0.036058 0.019231
0 0.048077 0.568510 0.033654 0.021635
0 0.016827 0.496394 0.028846 0.026442
0 0.013221 0.533654 0.021635 0.019231
0 0.013221 0.552885 0.021635 0.019231
