0 0.577344 0.736719 0.045312 0.045312
0 0.557031 0.757031 0.054688 0.035937
0 0.181250 0.043750 0.015625 0.018750
0 0.123438 0.100781 0.015625 0.023438
0 0.131250 0.244531 0.012500 0.020313
0 0.132031 0.361719 0.014063 0.017188
0 0.136719 0.383594 0.014063 0.023438
0 0.104688 0.453906 0.018750 0.020313
0 0.074219 0.450000 0.020313 0.021875
0 0.077344 0.511719 0.020313 0.020313
0 0.887500 0.431250 0.025000 0.018750
0 0.902344 0.421094 0.023438 0.023438
0 0.902344 0.467187 0.020313 0.021875
0 0.919531 0.442188 0.017188 0.021875
0 0.937500 0.447656 0.025000 0.023438
0 0.946094 0.438281 0.023438 0.020313
0 0.948438 0.465625 0.018750 0.021875
0 0.938281 0.471875 0.020313 0.021875
0 0.921094 0.478125 0.023438 0.021875
0 0.969531 0.366406 0.023438 0.026562
0 0.978906 0.382812 0.020313 0.018750
0 0.982031 0.352344 0.017188 0.017188
0 0.992188 0.346875 0.015625 0.018750
0 0.994531 0.336719 0.010937 0.017188
