0 0.867188 0.975781 0.031250 0.017188
0 0.736719 0.806250 0.039062 0.018750
0 0.366406 0.561719 0.020313 0.029687
0 0.349219 0.536719 0.029687 0.032813
0 0.579688 0.396875 0.015625 0.025000
0 0.374219 0.469531 0.023438 0.010937
0 0.342969 0.502344 0.017188 0.020313
0 0.375781 0.480469 0.023438 0.007812
0 0.385156 0.489844 0.023438 0.010937
0 0.187500 0.202344 0.028125 0.014063
0 0.180469 0.191406 0.023438 0.010937
0 0.177344 0.184375 0.023438 0.012500
0 0.174219 0.177344 0.023438 0.010937
0 0.168750 0.167187 0.021875 0.012500
0 0.165625 0.154688 0.031250 0.015625
0 0.164844 0.103906 0.023438 0.014063
0 0.139844 0.112500 0.023438 0.012500
0 0.136719 0.101562 0.026562 0.009375
0 0.132031 0.092969 0.023438 0.010937
0 0.127344 0.083594 0.023438 0.007812
0 0.120313 0.075781 0.025000 0.010937
0 0.097656 0.244531 0.023438 0.014063
0 0.074219 0.187500 0.026562 0.012500
0 0.068750 0.175781 0.021875 0.014063
0 0.034375 0.178125 0.018750 0.018750
0 0.066406 0.128906 0.026562 0.014063
0 0.044531 0.120313 0.023438 0.012500
0 0.085938 0.011719 0.021875 0.010937
0 0.093750 0.021094 0.021875 0.010937
0 0.110156 0.059375 0.023438 0.009375
0 0.109375 0.049219 0.025000 0.010937
0 0.105469 0.039844 0.023438 0.010937
