0 0.620313 0.044531 0.015625 0.026562
0 0.707031 0.044531 0.014063 0.023438
0 0.743750 0.043750 0.012500 0.021875
0 0.754687 0.042188 0.012500 0.018750
0 0.772656 0.045312 0.017188 0.021875
0 0.782813 0.036719 0.015625 0.020313
0 0.817187 0.037500 0.015625 0.021875
0 0.689063 0.229687 0.012500 0.021875
0 0.702344 0.230469 0.014063 0.023438
0 0.728906 0.233594 0.014063 0.023438
0 0.762500 0.234375 0.012500 0.021875
0 0.775781 0.232813 0.014063 0.018750
0 0.801562 0.239844 0.015625 0.026562
0 0.846094 0.293750 0.020313 0.012500
0 0.846875 0.309375 0.021875 0.015625
0 0.857031 0.347656 0.023438 0.010937
0 0.833594 0.365625 0.023438 0.018750
0 0.804688 0.392188 0.015625 0.015625
0 0.721094 0.388281 0.026562 0.014063
0 0.721094 0.402344 0.023438 0.014063
0 0.475000 0.235937 0.028125 0.015625
0 0.526563 0.359375 0.025000 0.025000
0 0.917969 0.793750 0.017188 0.025000
0 0.910937 0.907813 0.025000 0.015625
0 0.705469 0.803906 0.017188 0.014063
0 0.712500 0.810937 0.021875 0.021875
0 0.674219 0.765625 0.017188 0.018750
0 0.657031 0.766406 0.020313 0.023438
0 0.593750 0.726562 0.021875 0.018750
0 0.478125 0.665625 0.025000 0.021875
0 0.428125 0.650781 0.018750 0.023438
0 0.429688 0.742969 0.021875 0.020313
0 0.354687 0.725000 0.028125 0.021875
0 0.175000 0.567969 0.028125 0.020313
0 0.107031 0.539844 0.029687 0.020313
0 0.593750 0.854688 0.021875 0.015625
0 0.715625 0.853125 0.015625 0.015625
0 0.660156 0.948438 0.020313 0.021875
0 0.466406 0.985156 0.014063 0.017188
0 0.452344 0.988281 0.014063 0.023438
0 0.322656 0.911719 0.020313 0.020313
0 0.292187 0.889062 0.015625 0.021875
0 0.297656 0.867969 0.014063 0.017188
0 0.285156 0.871875 0.014063 0.021875
0 0.231250 0.893750 0.021875 0.028125
0 0.188281 0.935937 0.023438 0.018750
0 0.223438 0.960156 0.025000 0.017188
0 0.032813 0.597656 0.025000 0.014063
0 0.019531 0.618750 0.020313 0.012500
