0 0.096094 0.166406 0.039062 0.017188
0 0.079687 0.177344 0.034375 0.014063
0 0.082812 0.190625 0.031250 0.015625
0 0.188281 0.196094 0.017188 0.020313
0 0.228906 0.235156 0.014063 0.017188
0 0.251563 0.239063 0.015625 0.021875
0 0.344531 0.238281 0.017188 0.023438
0 0.225781 0.257812 0.017188 0.018750
0 0.090625 0.314844 0.025000 0.023438
0 0.139844 0.593750 0.020313 0.018750
0 0.138281 0.634375 0.017188 0.025000
0 0.151562 0.634375 0.015625 0.021875
0 0.151562 0.653125 0.012500 0.015625
0 0.165625 0.655469 0.015625 0.020313
0 0.163281 0.697656 0.014063 0.017188
0 0.175781 0.697656 0.014063 0.017188
0 0.188281 0.696875 0.017188 0.018750
0 0.225000 0.696875 0.015625 0.018750
0 0.136719 0.721094 0.014063 0.023438
0 0.154688 0.719531 0.012500 0.020313
0 0.167187 0.719531 0.015625 0.020313
0 0.188281 0.716406 0.014063 0.020313
0 0.200781 0.717187 0.014063 0.021875
0 0.139844 0.763281 0.014063 0.020313
0 0.153906 0.761719 0.014063 0.020313
0 0.177344 0.761719 0.014063 0.020313
0 0.191406 0.762500 0.014063 0.021875
0 0.203906 0.764062 0.014063 0.018750
0 0.216406 0.762500 0.010937 0.018750
0 0.250781 0.762500 0.014063 0.021875
0 0.227344 0.781250 0.014063 0.021875
0 0.191406 0.782031 0.014063 0.017188
0 0.166406 0.783594 0.010937 0.017188
0 0.142969 0.783594 0.014063 0.020313
0 0.142187 0.825000 0.012500 0.018750
0 0.157031 0.828125 0.014063 0.018750
0 0.145313 0.886719 0.015625 0.023438
0 0.119531 0.981250 0.017188 0.021875
0 0.157812 0.971094 0.018750 0.023438
0 0.275781 0.957031 0.014063 0.020313
0 0.607812 0.734375 0.018750 0.018750
