0 0.116406 0.533594 0.026562 0.014063
0 0.328125 0.544531 0.028125 0.017188
0 0.234375 0.560156 0.028125 0.014063
0 0.733594 0.563281 0.020313 0.017188
0 0.016406 0.649219 0.023438 0.017188
0 0.053906 0.649219 0.014063 0.017188
0 0.063281 0.650000 0.014063 0.018750
0 0.073438 0.651563 0.012500 0.018750
0 0.083594 0.652344 0.020313 0.020313
0 0.100000 0.653125 0.018750 0.018750
0 0.166406 0.590625 0.014063 0.012500
0 0.010156 0.784375 0.017188 0.015625
0 0.021094 0.828906 0.014063 0.023438
0 0.069531 0.889062 0.014063 0.018750
0 0.192188 0.854688 0.028125 0.015625
0 0.163281 0.850781 0.026562 0.010937
0 0.356250 0.672656 0.015625 0.017188
0 0.369531 0.671094 0.014063 0.017188
0 0.403125 0.676562 0.015625 0.021875
0 0.443750 0.675781 0.015625 0.020313
0 0.466406 0.676562 0.014063 0.018750
0 0.712500 0.689063 0.015625 0.018750
0 0.733594 0.691406 0.010937 0.020313
0 0.969531 0.705469 0.017188 0.023438
0 0.574219 0.734375 0.026562 0.012500
0 0.628906 0.743750 0.026562 0.009375
0 0.628125 0.752344 0.021875 0.010937
0 0.572656 0.764844 0.029687 0.014063
0 0.571875 0.773438 0.028125 0.009375
0 0.455469 0.977344 0.014063 0.020313
0 0.915625 0.760938 0.015625 0.018750
0 0.927344 0.762500 0.014063 0.012500
