0 0.538462 0.050481 0.019231 0.024038
0 0.554087 0.050481 0.021635 0.028846
0 0.600962 0.052885 0.019231 0.028846
0 0.617788 0.050481 0.019231 0.028846
0 0.643029 0.049279 0.016827 0.026442
0 0.661058 0.051683 0.019231 0.031250
0 0.721154 0.051683 0.019231 0.026442
0 0.537260 0.082933 0.021635 0.026442
0 0.578125 0.081731 0.021635 0.028846
0 0.616587 0.081731 0.021635 0.024038
0 0.679087 0.082933 0.016827 0.026442
0 0.538462 0.153846 0.019231 0.024038
0 0.567308 0.161058 0.019231 0.028846
0 0.545673 0.256010 0.024038 0.031250
0 0.569712 0.396635 0.024038 0.028846
0 0.022837 0.533654 0.036058 0.019231
0 0.021635 0.563702 0.038462 0.016827
0 0.022837 0.596154 0.040865 0.019231
0 0.022837 0.679087 0.036058 0.016827
0 0.116587 0.581731 0.016827 0.024038
0 0.131010 0.584135 0.021635 0.028846
0 0.158654 0.585337 0.019231 0.026442
0 0.179087 0.585337 0.021635 0.026442
0 0.194712 0.584135 0.019231 0.028846
0 0.217548 0.584135 0.021635 0.028846
0 0.240385 0.584135 0.019231 0.028846
0 0.257212 0.584135 0.019231 0.028846
0 0.274038 0.584135 0.019231 0.028846
0 0.300481 0.585337 0.019231 0.031250
0 0.271635 0.506010 0.019231 0.021635
0 0.288462 0.506010 0.019231 0.021635
0 0.319712 0.507212 0.024038 0.024038
0 0.137019 0.616587 0.024038 0.026442
0 0.193510 0.616587 0.021635 0.021635
0 0.216346 0.615385 0.024038 0.024038
0 0.060096 0.703125 0.024038 0.040865
0 0.812500 0.685096 0.024038 0.024038
