0 0.231250 0.861719 0.028125 0.023438
0 0.217969 0.866406 0.020313 0.017188
0 0.216406 0.898438 0.020313 0.018750
0 0.217188 0.924219 0.021875 0.023438
0 0.216406 0.951562 0.017188 0.025000
0 0.253906 0.847656 0.023438 0.023438
0 0.239844 0.851562 0.020313 0.025000
0 0.271094 0.847656 0.017188 0.023438
0 0.285156 0.846094 0.026562 0.026562
0 0.313281 0.844531 0.026562 0.029687
0 0.329688 0.842187 0.018750 0.021875
0 0.341406 0.839844 0.020313 0.023438
0 0.353125 0.839063 0.021875 0.018750
0 0.367969 0.839063 0.020313 0.021875
0 0.382031 0.840625 0.023438 0.025000
0 0.397656 0.839063 0.017188 0.021875
0 0.296094 0.870313 0.023438 0.012500
0 0.316406 0.880469 0.023438 0.014063
0 0.339844 0.882812 0.026562 0.012500
0 0.367188 0.883594 0.025000 0.010937
0 0.391406 0.885938 0.026562 0.012500
0 0.300781 0.899219 0.023438 0.010937
0 0.371875 0.903125 0.018750 0.006250
0 0.396875 0.904687 0.028125 0.012500
0 0.456250 0.867969 0.021875 0.017188
0 0.457813 0.882812 0.025000 0.006250
0 0.459375 0.890625 0.021875 0.009375
0 0.482812 0.879687 0.015625 0.018750
0 0.503906 0.871875 0.017188 0.021875
0 0.519531 0.870313 0.014063 0.015625
0 0.533594 0.871094 0.014063 0.023438
0 0.556250 0.873437 0.018750 0.025000
0 0.571875 0.865625 0.015625 0.021875
0 0.585938 0.867188 0.015625 0.021875
0 0.596875 0.868750 0.012500 0.018750
0 0.611719 0.868750 0.014063 0.021875
0 0.621875 0.868750 0.015625 0.021875
0 0.636719 0.869531 0.014063 0.020313
0 0.650781 0.872656 0.010937 0.023438
0 0.663281 0.875000 0.010937 0.021875
0 0.677344 0.876563 0.017188 0.021875
0 0.528125 0.910937 0.015625 0.021875
0 0.542969 0.914062 0.014063 0.021875
0 0.607812 0.917969 0.015625 0.020313
0 0.625000 0.914062 0.018750 0.025000
0 0.645312 0.920312 0.015625 0.018750
0 0.526563 0.932813 0.015625 0.021875
0 0.539844 0.934375 0.020313 0.025000
0 0.557813 0.935937 0.012500 0.025000
0 0.567969 0.937500 0.014063 0.025000
0 0.584375 0.935937 0.012500 0.021875
0 0.485156 0.962500 0.023438 0.015625
0 0.485156 0.973437 0.020313 0.012500
0 0.483594 0.987500 0.023438 0.012500
0 0.587500 0.979688 0.012500 0.018750
0 0.600000 0.980469 0.015625 0.017188
0 0.613281 0.981250 0.014063 0.021875
0 0.625781 0.979688 0.020313 0.025000
0 0.643750 0.986719 0.012500 0.020313
0 0.656250 0.985938 0.018750 0.021875
0 0.621094 0.941406 0.017188 0.020313
0 0.646875 0.944531 0.009375 0.017188
0 0.659375 0.939063 0.015625 0.021875
0 0.671875 0.938281 0.018750 0.023438
0 0.724219 0.888281 0.029687 0.020313
0 0.754687 0.891406 0.018750 0.023438
0 0.779687 0.893750 0.018750 0.021875
0 0.810937 0.894531 0.028125 0.023438
0 0.726562 0.924219 0.018750 0.017188
0 0.720313 0.944531 0.021875 0.020313
0 0.736719 0.945312 0.017188 0.021875
0 0.747656 0.942969 0.017188 0.026562
0 0.764844 0.926562 0.023438 0.021875
0 0.793750 0.927344 0.025000 0.023438
0 0.781250 0.946875 0.012500 0.018750
0 0.797656 0.946875 0.014063 0.018750
0 0.810156 0.949219 0.010937 0.017188
0 0.821875 0.950781 0.012500 0.023438
0 0.841406 0.951562 0.014063 0.018750
0 0.853906 0.951562 0.007812 0.018750
0 0.864844 0.954688 0.010937 0.021875
0 0.878906 0.953125 0.010937 0.018750
0 0.887500 0.951562 0.012500 0.025000
0 0.900000 0.956250 0.012500 0.021875
0 0.910156 0.955469 0.014063 0.023438
0 0.924219 0.955469 0.010937 0.020313
0 0.935156 0.958594 0.010937 0.023438
0 0.709375 0.980469 0.021875 0.023438
0 0.725781 0.978125 0.014063 0.021875
0 0.741406 0.982812 0.010937 0.021875
0 0.750000 0.983594 0.009375 0.020313
0 0.761719 0.982031 0.017188 0.023438
0 0.775000 0.983594 0.009375 0.023438
0 0.786719 0.983594 0.010937 0.023438
0 0.800000 0.985156 0.012500 0.023438
0 0.810156 0.982812 0.014063 0.021875
0 0.821875 0.986719 0.012500 0.020313
0 0.834375 0.987500 0.012500 0.021875
0 0.848437 0.987500 0.012500 0.021875
0 0.859375 0.986719 0.012500 0.023438
0 0.871094 0.986719 0.014063 0.023438
0 0.883594 0.988281 0.014063 0.020313
0 0.896875 0.988281 0.009375 0.023438
0 0.908594 0.990625 0.010937 0.018750
0 0.921875 0.989062 0.012500 0.021875
