0 0.050781 0.257812 0.017188 0.025000
0 0.073438 0.256250 0.018750 0.021875
0 0.873437 0.200000 0.031250 0.015625
0 0.921094 0.303906 0.017188 0.026562
0 0.721875 0.289844 0.015625 0.020313
0 0.655469 0.286719 0.017188 0.020313
0 0.582812 0.285938 0.018750 0.028125
0 0.323437 0.267969 0.015625 0.020313
0 0.345313 0.271875 0.015625 0.025000
0 0.179688 0.344531 0.028125 0.010937
0 0.178906 0.354687 0.023438 0.012500
0 0.237500 0.325000 0.018750 0.009375
0 0.257812 0.320312 0.021875 0.009375
0 0.236719 0.334375 0.023438 0.009375
0 0.062500 0.561719 0.018750 0.017188
0 0.010156 0.642969 0.017188 0.007812
0 0.008594 0.655469 0.014063 0.014063
0 0.007031 0.662500 0.010937 0.009375
0 0.004687 0.685156 0.006250 0.007812
0 0.051562 0.686719 0.021875 0.007812
0 0.047656 0.696094 0.023438 0.010937
0 0.065625 0.706250 0.021875 0.012500
0 0.042188 0.707812 0.018750 0.009375
0 0.039844 0.716406 0.017188 0.007812
0 0.035156 0.725781 0.023438 0.014063
0 0.047656 0.801562 0.017188 0.018750
0 0.009375 0.776563 0.015625 0.009375
0 0.287500 0.853906 0.015625 0.023438
0 0.297656 0.859375 0.014063 0.018750
0 0.311719 0.860938 0.014063 0.018750
0 0.499219 0.862500 0.017188 0.021875
0 0.524219 0.875000 0.017188 0.015625
0 0.534375 0.880469 0.012500 0.014063
0 0.665625 0.953906 0.021875 0.020313
0 0.725781 0.982031 0.020313 0.017188
0 0.983594 0.725000 0.029687 0.021875
