0 0.959135 0.816106 0.019231 0.026442
0 0.927885 0.817308 0.019231 0.024038
0 0.817308 0.808894 0.019231 0.021635
0 0.798077 0.806490 0.019231 0.026442
0 0.647837 0.635817 0.026442 0.021635
0 0.396635 0.777644 0.024038 0.021635
0 0.378606 0.775240 0.016827 0.021635
0 0.356971 0.775240 0.021635 0.021635
0 0.335337 0.772837 0.016827 0.021635
0 0.320913 0.771635 0.021635 0.024038
0 0.268029 0.772837 0.026442 0.021635
0 0.429087 0.590144 0.031250 0.007212
0 0.257212 0.584135 0.033654 0.014423
0 0.199519 0.820913 0.014423 0.016827
