0 0.607031 0.428125 0.017188 0.031250
0 0.561719 0.542188 0.023438 0.018750
0 0.629687 0.757812 0.025000 0.021875
0 0.580469 0.796094 0.026562 0.017188
0 0.572656 0.804688 0.020313 0.018750
0 0.562500 0.811719 0.021875 0.017188
0 0.553125 0.820312 0.021875 0.018750
0 0.539844 0.826562 0.023438 0.021875
0 0.532813 0.834375 0.025000 0.021875
0 0.521094 0.840625 0.023438 0.018750
0 0.514062 0.849219 0.021875 0.020313
0 0.504687 0.859375 0.021875 0.021875
0 0.492188 0.867188 0.021875 0.018750
0 0.485156 0.875000 0.023438 0.021875
0 0.476562 0.883594 0.025000 0.020313
0 0.464062 0.889062 0.021875 0.021875
0 0.455469 0.894531 0.020313 0.017188
0 0.444531 0.901563 0.023438 0.018750
0 0.434375 0.910937 0.021875 0.018750
0 0.424219 0.918750 0.026562 0.025000
0 0.415625 0.925000 0.025000 0.018750
0 0.406250 0.933594 0.025000 0.020313
0 0.396094 0.940625 0.023438 0.018750
0 0.385937 0.950000 0.021875 0.015625
0 0.378125 0.954688 0.028125 0.018750
0 0.639062 0.853906 0.018750 0.023438
0 0.675000 0.850000 0.015625 0.021875
0 0.664062 0.856250 0.018750 0.021875
0 0.656250 0.867188 0.018750 0.021875
0 0.647656 0.876563 0.017188 0.021875
0 0.629687 0.861719 0.012500 0.020313
0 0.621094 0.870313 0.014063 0.021875
0 0.638281 0.886719 0.017188 0.023438
0 0.611719 0.878906 0.014063 0.023438
0 0.621094 0.898438 0.014063 0.021875
0 0.601562 0.883594 0.015625 0.023438
0 0.609375 0.907031 0.015625 0.023438
0 0.590625 0.893750 0.012500 0.021875
0 0.600781 0.917188 0.017188 0.025000
0 0.581250 0.899219 0.015625 0.023438
0 0.589844 0.922656 0.014063 0.023438
0 0.572656 0.907813 0.014063 0.021875
0 0.578906 0.926562 0.014063 0.021875
0 0.564844 0.914062 0.014063 0.021875
0 0.571094 0.933594 0.014063 0.023438
0 0.554688 0.920312 0.015625 0.025000
0 0.563281 0.944531 0.017188 0.023438
0 0.544531 0.928906 0.014063 0.020313
0 0.532031 0.937500 0.017188 0.025000
0 0.552344 0.951562 0.014063 0.021875
0 0.540625 0.957031 0.012500 0.017188
0 0.532031 0.965625 0.017188 0.018750
