0 0.432031 0.850000 0.026562 0.012500
0 0.532813 0.856250 0.031250 0.015625
0 0.287500 0.916406 0.015625 0.017188
0 0.022656 0.933594 0.026562 0.014063
0 0.542188 0.917188 0.012500 0.021875
0 0.557813 0.917969 0.015625 0.020313
0 0.571875 0.921094 0.015625 0.020313
0 0.589063 0.921094 0.015625 0.020313
0 0.781250 0.935156 0.021875 0.026562
0 0.741406 0.939844 0.020313 0.023438
0 0.901563 0.944531 0.018750 0.026562
0 0.928906 0.942187 0.017188 0.021875
0 0.934375 0.994531 0.018750 0.010937
0 0.914844 0.994531 0.010937 0.010937
0 0.592969 0.996094 0.017188 0.007812
0 0.543750 0.993750 0.018750 0.012500
0 0.517188 0.994531 0.025000 0.010937
