0 0.365625 0.012500 0.025000 0.015625
0 0.431250 0.128125 0.025000 0.015625
0 0.509375 0.125000 0.025000 0.018750
0 0.558594 0.221094 0.020313 0.017188
0 0.571875 0.231250 0.025000 0.015625
0 0.667188 0.203125 0.025000 0.015625
0 0.284375 0.343750 0.021875 0.015625
0 0.306250 0.384375 0.021875 0.012500
0 0.325000 0.428125 0.021875 0.015625
0 0.352344 0.471094 0.023438 0.014063
0 0.364844 0.503125 0.026562 0.015625
0 0.424219 0.400000 0.026562 0.015625
0 0.440625 0.433594 0.025000 0.014063
0 0.455469 0.467969 0.026562 0.017188
0 0.475000 0.500000 0.025000 0.015625
0 0.504687 0.396094 0.025000 0.017188
0 0.530469 0.436719 0.026562 0.014063
0 0.543750 0.471875 0.025000 0.015625
0 0.149219 0.737500 0.026562 0.009375
0 0.139063 0.931250 0.015625 0.025000
0 0.008594 0.646094 0.014063 0.023438
