0 0.782813 0.026562 0.015625 0.025000
0 0.767188 0.027344 0.012500 0.023438
0 0.739844 0.033594 0.010937 0.020313
0 0.728906 0.026562 0.014063 0.018750
0 0.692187 0.025781 0.012500 0.020313
0 0.932031 0.228125 0.023438 0.012500
0 0.892188 0.292187 0.021875 0.018750
0 0.885938 0.303906 0.025000 0.017188
0 0.976562 0.342969 0.021875 0.014063
0 0.933594 0.375781 0.017188 0.017188
0 0.976562 0.287500 0.015625 0.012500
0 0.929688 0.491406 0.025000 0.017188
0 0.856250 0.489063 0.018750 0.021875
0 0.725781 0.377344 0.014063 0.023438
0 0.739062 0.384375 0.015625 0.021875
0 0.699219 0.432031 0.023438 0.023438
0 0.687500 0.425000 0.018750 0.018750
0 0.669531 0.409375 0.020313 0.021875
0 0.657031 0.404687 0.023438 0.025000
0 0.391406 0.291406 0.026562 0.017188
0 0.390625 0.321094 0.025000 0.014063
0 0.322656 0.289844 0.017188 0.023438
0 0.307031 0.289062 0.010937 0.021875
0 0.303906 0.494531 0.026562 0.020313
0 0.326562 0.631250 0.034375 0.018750
0 0.321875 0.522656 0.025000 0.014063
0 0.320312 0.539844 0.018750 0.010937
0 0.322656 0.550781 0.020313 0.010937
0 0.301563 0.514062 0.021875 0.012500
0 0.299219 0.525781 0.020313 0.010937
0 0.298438 0.534375 0.018750 0.009375
0 0.297656 0.546094 0.023438 0.014063
0 0.233594 0.510938 0.017188 0.012500
0 0.229687 0.516406 0.018750 0.010937
0 0.235937 0.526563 0.018750 0.009375
0 0.235156 0.541406 0.017188 0.017188
0 0.157812 0.496875 0.025000 0.018750
0 0.187500 0.497656 0.021875 0.010937
0 0.179688 0.507812 0.021875 0.015625
0 0.182812 0.521875 0.025000 0.012500
0 0.182812 0.532813 0.025000 0.009375
0 0.183594 0.543750 0.026562 0.012500
0 0.157031 0.521094 0.026562 0.010937
0 0.156250 0.532813 0.021875 0.009375
0 0.157031 0.543750 0.023438 0.009375
0 0.025000 0.645312 0.025000 0.018750
0 0.021875 0.675781 0.028125 0.017188
0 0.021094 0.689844 0.026562 0.014063
0 0.017188 0.708594 0.028125 0.017188
0 0.016406 0.719531 0.026562 0.017188
0 0.041406 0.746094 0.017188 0.020313
0 0.014063 0.832031 0.015625 0.007812
0 0.012500 0.842969 0.015625 0.010937
0 0.011719 0.865625 0.017188 0.015625
0 0.310156 0.900781 0.029687 0.014063
0 0.046875 0.360156 0.037500 0.023438
0 0.085938 0.336719 0.018750 0.020313
0 0.202344 0.203906 0.023438 0.023438
0 0.869531 0.685156 0.026562 0.020313
0 0.991406 0.550781 0.017188 0.023438
0 0.008594 0.910156 0.014063 0.023438
0 0.025000 0.910156 0.018750 0.023438
