0 0.540625 0.080469 0.018750 0.020313
0 0.459375 0.208594 0.021875 0.023438
0 0.499219 0.315625 0.020313 0.021875
0 0.460938 0.737500 0.018750 0.021875
0 0.068750 0.046875 0.009375 0.015625
0 0.148438 0.050000 0.009375 0.015625
0 0.168750 0.050000 0.012500 0.018750
0 0.150000 0.089063 0.015625 0.018750
0 0.080469 0.085938 0.010937 0.015625
0 0.454688 0.803125 0.015625 0.018750
0 0.446094 0.889844 0.017188 0.023438
0 0.427344 0.936719 0.014063 0.023438
0 0.408594 0.943750 0.020313 0.025000
0 0.408594 0.776563 0.026562 0.040625
0 0.132812 0.088281 0.015625 0.020313
0 0.113281 0.087500 0.014063 0.021875
0 0.064844 0.085156 0.014063 0.020313
