0 0.383594 0.210938 0.029687 0.015625
0 0.090625 0.225000 0.031250 0.018750
0 0.598437 0.227344 0.028125 0.010937
0 0.160938 0.344531 0.025000 0.020313
0 0.203906 0.346875 0.020313 0.021875
0 0.214844 0.349219 0.017188 0.023438
0 0.229687 0.350000 0.015625 0.021875
0 0.240625 0.349219 0.015625 0.023438
0 0.257812 0.351562 0.021875 0.021875
0 0.126562 0.514062 0.028125 0.015625
0 0.160938 0.553125 0.015625 0.021875
0 0.553125 0.379688 0.015625 0.021875
0 0.567969 0.380469 0.017188 0.023438
0 0.651563 0.385937 0.015625 0.021875
0 0.675781 0.383594 0.014063 0.020313
0 0.956250 0.399219 0.012500 0.020313
0 0.981250 0.400000 0.012500 0.021875
0 0.881250 0.454688 0.021875 0.012500
0 0.796094 0.449219 0.026562 0.010937
0 0.796875 0.483594 0.025000 0.014063
0 0.859375 0.460156 0.025000 0.010937
0 0.858594 0.471094 0.029687 0.010937
0 0.594531 0.825000 0.023438 0.012500
0 0.590625 0.832812 0.025000 0.015625
0 0.588281 0.844531 0.023438 0.014063
0 0.584375 0.858594 0.025000 0.014063
0 0.577344 0.868750 0.023438 0.012500
0 0.575000 0.876563 0.025000 0.012500
0 0.642188 0.871094 0.025000 0.014063
0 0.637500 0.882812 0.025000 0.012500
0 0.655469 0.894531 0.026562 0.014063
0 0.629687 0.900000 0.025000 0.012500
0 0.629687 0.908594 0.025000 0.014063
0 0.621875 0.918750 0.031250 0.012500
0 0.710938 0.903125 0.028125 0.012500
0 0.535156 0.989844 0.017188 0.020313
0 0.227344 0.841406 0.023438 0.010937
0 0.225000 0.852344 0.021875 0.007812
0 0.252344 0.844531 0.026562 0.010937
0 0.250781 0.852344 0.026562 0.007812
0 0.251563 0.862500 0.028125 0.009375
0 0.187500 0.992188 0.031250 0.012500
