0 0.214844 0.446875 0.032813 0.018750
0 0.429688 0.508594 0.034375 0.014063
0 0.809375 0.528125 0.021875 0.012500
0 0.786719 0.531250 0.029687 0.018750
0 0.250000 0.568750 0.025000 0.015625
0 0.253125 0.584375 0.028125 0.012500
0 0.325000 0.579688 0.028125 0.015625
0 0.231250 0.611719 0.018750 0.020313
0 0.176563 0.607812 0.015625 0.025000
0 0.133594 0.606250 0.020313 0.025000
0 0.093750 0.605469 0.021875 0.026562
0 0.011719 0.602344 0.017188 0.023438
0 0.560937 0.671875 0.025000 0.025000
0 0.896875 0.565625 0.015625 0.025000
0 0.912500 0.564844 0.009375 0.023438
0 0.928125 0.565625 0.018750 0.025000
0 0.946094 0.565625 0.014063 0.025000
0 0.949219 0.653125 0.020313 0.025000
0 0.917969 0.651563 0.023438 0.028125
0 0.896094 0.693750 0.017188 0.018750
0 0.876563 0.692969 0.018750 0.023438
0 0.960938 0.699219 0.021875 0.023438
0 0.987500 0.696094 0.018750 0.026562
0 0.589063 0.556250 0.015625 0.025000
