0 0.251202 0.867788 0.040865 0.019231
0 0.341346 0.739183 0.038462 0.016827
0 0.341346 0.724760 0.038462 0.016827
0 0.350962 0.709135 0.033654 0.014423
0 0.211538 0.653846 0.019231 0.024038
0 0.097356 0.618990 0.016827 0.026442
0 0.046875 0.549279 0.031250 0.016827
0 0.170673 0.524038 0.038462 0.019231
0 0.457933 0.537260 0.040865 0.021635
0 0.522837 0.542067 0.036058 0.016827
0 0.908654 0.778846 0.043269 0.024038
0 0.876202 0.588942 0.045673 0.019231
0 0.895433 0.563702 0.036058 0.016827
0 0.697115 0.739183 0.019231 0.026442
0 0.705529 0.650240 0.016827 0.026442
0 0.947115 0.132212 0.043269 0.019231
0 0.626202 0.117788 0.031250 0.028846
0 0.588942 0.144231 0.028846 0.028846
0 0.570913 0.153846 0.026442 0.024038
0 0.335337 0.045673 0.036058 0.019231
0 0.316106 0.097356 0.031250 0.026442
0 0.332933 0.111779 0.031250 0.026442
0 0.555288 0.015625 0.024038 0.021635
0 0.990385 0.215144 0.019231 0.021635
