0 0.506250 0.123438 0.031250 0.012500
0 0.606250 0.141406 0.021875 0.010937
0 0.887500 0.159375 0.025000 0.012500
0 0.802344 0.339062 0.017188 0.009375
0 0.794531 0.348438 0.026562 0.012500
0 0.685156 0.467969 0.014063 0.020313
0 0.721094 0.467969 0.014063 0.020313
0 0.734375 0.465625 0.012500 0.021875
0 0.750000 0.468750 0.012500 0.018750
0 0.758594 0.459375 0.014063 0.015625
0 0.774219 0.665625 0.020313 0.025000
0 0.747656 0.655469 0.014063 0.017188
0 0.735156 0.657031 0.014063 0.020313
0 0.702344 0.657031 0.014063 0.023438
0 0.678125 0.654687 0.015625 0.025000
0 0.664844 0.654687 0.010937 0.015625
0 0.817969 0.716406 0.023438 0.014063
0 0.818750 0.735938 0.025000 0.012500
0 0.831250 0.770312 0.031250 0.012500
0 0.803906 0.789844 0.026562 0.014063
0 0.828125 0.797656 0.021875 0.014063
0 0.760938 0.816406 0.018750 0.017188
0 0.776563 0.817969 0.018750 0.017188
0 0.692187 0.815625 0.028125 0.015625
0 0.735938 0.772656 0.025000 0.010937
0 0.508594 0.648438 0.026562 0.012500
0 0.505469 0.656250 0.023438 0.012500
0 0.492188 0.709375 0.028125 0.015625
0 0.453125 0.646094 0.018750 0.010937
0 0.445312 0.664062 0.028125 0.018750
0 0.464062 0.842969 0.018750 0.020313
0 0.557031 0.899219 0.020313 0.014063
0 0.543750 0.914062 0.025000 0.015625
0 0.077344 0.966406 0.029687 0.020313
0 0.257031 0.794531 0.023438 0.020313
0 0.354687 0.252344 0.012500 0.023438
0 0.132031 0.234375 0.017188 0.018750
0 0.060156 0.229687 0.023438 0.021875
0 0.592969 0.470313 0.020313 0.025000
0 0.752344 0.728125 0.017188 0.025000
0 0.759375 0.750000 0.018750 0.015625
