0 0.253125 0.075000 0.031250 0.015625
0 0.646094 0.596875 0.017188 0.031250
0 0.680469 0.593750 0.023438 0.028125
0 0.751563 0.653125 0.021875 0.037500
0 0.660937 0.867188 0.015625 0.021875
0 0.048438 0.743750 0.018750 0.009375
0 0.068750 0.631250 0.028125 0.012500
0 0.068750 0.642969 0.028125 0.007812
0 0.068750 0.650000 0.031250 0.009375
0 0.068750 0.662500 0.025000 0.006250
0 0.067969 0.675000 0.029687 0.009375
0 0.065625 0.684375 0.034375 0.009375
0 0.067969 0.696875 0.029687 0.009375
0 0.068750 0.705469 0.025000 0.010937
0 0.100000 0.629687 0.031250 0.009375
0 0.100000 0.642969 0.034375 0.014063
0 0.093750 0.664844 0.021875 0.007812
0 0.093750 0.675000 0.021875 0.009375
0 0.096875 0.693750 0.025000 0.009375
0 0.099219 0.707812 0.029687 0.009375
