0 0.900781 0.310937 0.026562 0.028125
0 0.936719 0.278906 0.020313 0.020313
0 0.948438 0.271875 0.021875 0.021875
0 0.955469 0.263281 0.020313 0.017188
0 0.964063 0.257031 0.018750 0.020313
0 0.973437 0.247656 0.021875 0.020313
0 0.982812 0.240625 0.025000 0.018750
0 0.991406 0.231250 0.017188 0.018750
0 0.972656 0.350000 0.017188 0.021875
0 0.985938 0.344531 0.018750 0.026562
0 0.575781 0.600000 0.023438 0.021875
0 0.261719 0.638281 0.020313 0.029687
0 0.563281 0.606250 0.023438 0.021875
0 0.554688 0.617188 0.018750 0.015625
0 0.541406 0.624219 0.020313 0.017188
0 0.588281 0.621094 0.026562 0.020313
0 0.614062 0.652344 0.028125 0.020313
0 0.592187 0.660156 0.025000 0.017188
0 0.559375 0.638281 0.021875 0.017188
0 0.531250 0.635938 0.021875 0.018750
0 0.521875 0.646875 0.021875 0.021875
0 0.505469 0.652344 0.023438 0.017188
0 0.524219 0.666406 0.023438 0.020313
0 0.489844 0.666406 0.023438 0.017188
0 0.507031 0.681250 0.023438 0.018750
0 0.473438 0.678906 0.025000 0.020313
0 0.494531 0.689844 0.026562 0.020313
0 0.465625 0.686719 0.021875 0.017188
0 0.487500 0.703906 0.025000 0.020313
0 0.475000 0.708594 0.025000 0.020313
0 0.458594 0.717969 0.029687 0.020313
0 0.432031 0.784375 0.026562 0.025000
0 0.346875 0.788281 0.025000 0.023438
0 0.335938 0.797656 0.021875 0.020313
0 0.328125 0.803906 0.021875 0.020313
0 0.317188 0.816406 0.025000 0.020313
0 0.297656 0.828906 0.023438 0.017188
0 0.290625 0.837500 0.021875 0.021875
0 0.281250 0.841406 0.018750 0.020313
0 0.274219 0.846094 0.020313 0.020313
0 0.264844 0.854688 0.020313 0.015625
0 0.258594 0.864062 0.023438 0.018750
0 0.247656 0.866406 0.017188 0.020313
0 0.241406 0.875000 0.020313 0.018750
0 0.233594 0.882812 0.023438 0.018750
0 0.225781 0.889844 0.026562 0.020313
0 0.208594 0.900781 0.020313 0.023438
0 0.197656 0.908594 0.020313 0.020313
0 0.189844 0.915625 0.023438 0.021875
0 0.178906 0.926562 0.026562 0.021875
0 0.169531 0.932031 0.023438 0.020313
0 0.161719 0.940625 0.017188 0.015625
0 0.153125 0.944531 0.021875 0.023438
0 0.142187 0.953125 0.018750 0.018750
0 0.135156 0.957812 0.020313 0.015625
0 0.128125 0.965625 0.018750 0.015625
0 0.120313 0.971875 0.018750 0.015625
0 0.112500 0.977344 0.021875 0.020313
0 0.102344 0.985156 0.020313 0.017188
0 0.085156 0.996094 0.017188 0.007812
0 0.382812 0.828906 0.021875 0.017188
0 0.369531 0.836719 0.020313 0.020313
0 0.360938 0.840625 0.018750 0.018750
0 0.351562 0.845313 0.018750 0.018750
0 0.338281 0.857812 0.017188 0.012500
0 0.329688 0.864062 0.018750 0.015625
0 0.323437 0.873437 0.018750 0.015625
0 0.314063 0.879687 0.021875 0.018750
0 0.308594 0.886719 0.020313 0.017188
0 0.299219 0.891406 0.020313 0.017188
0 0.289844 0.896094 0.017188 0.017188
0 0.281250 0.903906 0.021875 0.017188
0 0.274219 0.910156 0.020313 0.014063
0 0.267188 0.917969 0.021875 0.014063
0 0.257812 0.924219 0.021875 0.020313
0 0.251563 0.934375 0.018750 0.018750
0 0.242188 0.937500 0.018750 0.021875
0 0.234375 0.943750 0.018750 0.018750
0 0.225781 0.950781 0.020313 0.017188
0 0.217969 0.955469 0.020313 0.017188
0 0.209375 0.961719 0.018750 0.017188
0 0.201563 0.968750 0.018750 0.015625
0 0.192969 0.974219 0.020313 0.014063
0 0.186719 0.982031 0.020313 0.014063
0 0.175781 0.988281 0.020313 0.017188
0 0.164844 0.992969 0.020313 0.014063
0 0.389844 0.849219 0.020313 0.017188
0 0.380469 0.853906 0.020313 0.017188
0 0.407031 0.870313 0.020313 0.021875
0 0.371875 0.861719 0.018750 0.020313
0 0.365625 0.868750 0.018750 0.015625
0 0.358594 0.875781 0.020313 0.017188
0 0.348438 0.880469 0.018750 0.020313
0 0.342187 0.889062 0.018750 0.018750
0 0.330469 0.895312 0.020313 0.015625
0 0.316406 0.907031 0.020313 0.017188
0 0.307031 0.914844 0.023438 0.020313
0 0.303125 0.921875 0.018750 0.015625
0 0.293750 0.927344 0.018750 0.017188
0 0.285156 0.932031 0.017188 0.017188
0 0.274219 0.942187 0.023438 0.012500
0 0.261719 0.949219 0.020313 0.014063
0 0.247656 0.963281 0.020313 0.017188
0 0.236719 0.972656 0.020313 0.017188
0 0.228125 0.979688 0.018750 0.018750
0 0.215625 0.984375 0.028125 0.018750
0 0.206250 0.991406 0.021875 0.017188
0 0.201563 0.996094 0.015625 0.007812
