0 0.231250 0.121875 0.018750 0.025000
0 0.256250 0.131250 0.015625 0.009375
0 0.264844 0.136719 0.017188 0.014063
0 0.165625 0.017188 0.015625 0.021875
0 0.140625 0.053125 0.012500 0.015625
0 0.025000 0.112500 0.015625 0.018750
0 0.037500 0.118750 0.009375 0.018750
0 0.048438 0.118750 0.015625 0.018750
0 0.405469 0.212500 0.023438 0.021875
0 0.462500 0.243750 0.025000 0.018750
0 0.336719 0.264844 0.017188 0.014063
0 0.323437 0.284375 0.021875 0.009375
0 0.401562 0.275000 0.021875 0.012500
0 0.327344 0.340625 0.020313 0.015625
0 0.218750 0.356250 0.021875 0.012500
0 0.071094 0.321875 0.014063 0.018750
0 0.112500 0.328125 0.012500 0.021875
0 0.125000 0.330469 0.012500 0.014063
0 0.146875 0.331250 0.012500 0.018750
0 0.031250 0.380469 0.015625 0.020313
0 0.046094 0.375000 0.017188 0.018750
0 0.139063 0.381250 0.009375 0.018750
0 0.149219 0.390625 0.014063 0.012500
0 0.203125 0.392969 0.012500 0.020313
0 0.262500 0.387500 0.015625 0.021875
0 0.778125 0.053125 0.018750 0.018750
0 0.746875 0.102344 0.015625 0.017188
0 0.684375 0.315625 0.018750 0.018750
0 0.839844 0.383594 0.020313 0.023438
0 0.893750 0.418750 0.015625 0.018750
0 0.908594 0.417969 0.020313 0.020313
0 0.937500 0.452344 0.015625 0.010937
0 0.939844 0.459375 0.020313 0.018750
0 0.621875 0.381250 0.015625 0.015625
0 0.690625 0.395313 0.018750 0.015625
0 0.758594 0.403125 0.020313 0.015625
0 0.812500 0.437500 0.021875 0.012500
0 0.834375 0.484375 0.018750 0.015625
0 0.834375 0.496875 0.015625 0.015625
0 0.850000 0.678125 0.012500 0.025000
0 0.896094 0.581250 0.017188 0.015625
0 0.778125 0.692187 0.018750 0.021875
0 0.728125 0.681250 0.018750 0.025000
0 0.739844 0.696875 0.017188 0.021875
0 0.610938 0.662500 0.015625 0.018750
0 0.721875 0.611719 0.012500 0.017188
0 0.708594 0.615625 0.017188 0.018750
0 0.656250 0.680469 0.009375 0.020313
0 0.595313 0.546875 0.018750 0.018750
0 0.649219 0.584375 0.014063 0.015625
0 0.571094 0.506250 0.010937 0.018750
0 0.558594 0.509375 0.007812 0.018750
0 0.568750 0.523438 0.009375 0.018750
0 0.512500 0.530469 0.021875 0.020313
0 0.474219 0.564844 0.020313 0.017188
0 0.439063 0.593750 0.018750 0.015625
0 0.431250 0.625000 0.025000 0.018750
0 0.446094 0.652344 0.023438 0.010937
0 0.467969 0.698438 0.014063 0.021875
0 0.533594 0.690625 0.014063 0.018750
0 0.546875 0.689844 0.015625 0.017188
0 0.537500 0.633594 0.025000 0.017188
0 0.364844 0.784375 0.020313 0.021875
0 0.896875 0.849219 0.009375 0.020313
0 0.886719 0.854688 0.014063 0.018750
0 0.809375 0.850000 0.012500 0.018750
0 0.768750 0.840625 0.012500 0.018750
0 0.796094 0.925000 0.017188 0.021875
0 0.886719 0.925000 0.010937 0.018750
0 0.871875 0.931250 0.012500 0.015625
0 0.881250 0.943750 0.009375 0.018750
0 0.692969 0.839844 0.014063 0.017188
0 0.621094 0.902344 0.020313 0.014063
0 0.612500 0.946875 0.021875 0.006250
0 0.602344 0.956250 0.017188 0.009375
0 0.596875 0.978125 0.021875 0.006250
0 0.609375 0.986719 0.021875 0.007812
0 0.364063 0.984375 0.025000 0.018750
0 0.381250 0.996875 0.025000 0.006250
0 0.381250 0.812500 0.015625 0.015625
0 0.343750 0.878125 0.018750 0.012500
0 0.286719 0.803125 0.020313 0.012500
0 0.278125 0.809375 0.018750 0.012500
0 0.284375 0.821094 0.021875 0.014063
0 0.254688 0.856250 0.028125 0.015625
0 0.283594 0.903125 0.017188 0.021875
0 0.250000 0.932813 0.025000 0.009375
0 0.032813 0.889844 0.012500 0.017188
0 0.199219 0.724219 0.017188 0.014063
0 0.215625 0.714844 0.009375 0.020313
0 0.153125 0.702344 0.015625 0.020313
0 0.117969 0.693750 0.014063 0.018750
0 0.062500 0.625000 0.021875 0.009375
0 0.039062 0.589063 0.015625 0.018750
0 0.150000 0.556250 0.015625 0.018750
0 0.212500 0.527344 0.012500 0.017188
0 0.201563 0.531250 0.018750 0.018750
0 0.050000 0.942969 0.018750 0.010937
0 0.951562 0.077344 0.025000 0.010937
0 0.952344 0.084375 0.029687 0.018750
