0 0.805469 0.056250 0.023438 0.018750
0 0.427344 0.289844 0.020313 0.020313
0 0.178125 0.531250 0.018750 0.021875
0 0.099219 0.844531 0.014063 0.023438
0 0.267969 0.032813 0.020313 0.006250
0 0.267969 0.041406 0.020313 0.007812
0 0.266406 0.072656 0.023438 0.007812
0 0.266406 0.081250 0.023438 0.006250
0 0.263281 0.135156 0.023438 0.007812
0 0.263281 0.110156 0.020313 0.007812
0 0.262500 0.118750 0.025000 0.006250
0 0.260937 0.163281 0.021875 0.007812
0 0.260937 0.172656 0.021875 0.007812
0 0.192969 0.221875 0.026562 0.009375
0 0.192969 0.214844 0.023438 0.010937
0 0.192969 0.203125 0.023438 0.009375
0 0.192969 0.193750 0.026562 0.009375
0 0.192188 0.184375 0.025000 0.009375
0 0.149219 0.011719 0.010937 0.017188
0 0.147656 0.039844 0.010937 0.014063
0 0.146094 0.056250 0.010937 0.015625
0 0.046875 0.414844 0.018750 0.007812
0 0.048438 0.424219 0.018750 0.007812
0 0.274219 0.004687 0.023438 0.006250
0 0.075000 0.992969 0.025000 0.014063
0 0.046094 0.431250 0.023438 0.009375
