0 0.097656 0.220312 0.026562 0.012500
0 0.168750 0.224219 0.021875 0.010937
0 0.125781 0.341406 0.017188 0.020313
0 0.202344 0.339844 0.017188 0.017188
0 0.267188 0.346094 0.018750 0.017188
0 0.459375 0.357031 0.018750 0.023438
0 0.879687 0.297656 0.018750 0.010937
0 0.853125 0.444531 0.021875 0.010937
0 0.681250 0.463281 0.012500 0.020313
0 0.674219 0.554688 0.014063 0.021875
0 0.821875 0.545312 0.012500 0.015625
0 0.850781 0.546875 0.014063 0.018750
0 0.797656 0.550781 0.014063 0.017188
0 0.809375 0.553906 0.012500 0.017188
0 0.785156 0.551562 0.010937 0.018750
0 0.753125 0.552344 0.012500 0.020313
0 0.837500 0.730469 0.012500 0.020313
0 0.814844 0.721875 0.007812 0.015625
0 0.803906 0.722656 0.010937 0.017188
0 0.750000 0.721875 0.009375 0.018750
0 0.737500 0.720313 0.009375 0.018750
0 0.877344 0.777344 0.020313 0.010937
0 0.878906 0.793750 0.017188 0.009375
0 0.889062 0.824219 0.021875 0.007812
0 0.825781 0.866406 0.014063 0.017188
0 0.820312 0.786719 0.012500 0.020313
0 0.607031 0.721875 0.010937 0.018750
0 0.596875 0.712500 0.015625 0.009375
0 0.596094 0.721875 0.014063 0.009375
0 0.550000 0.714063 0.015625 0.009375
0 0.545312 0.729688 0.025000 0.012500
0 0.585156 0.768750 0.020313 0.009375
0 0.767969 0.864062 0.020313 0.009375
0 0.768750 0.875000 0.021875 0.009375
0 0.042969 0.910156 0.020313 0.017188
0 0.068750 0.920312 0.015625 0.012500
0 0.075781 0.924219 0.017188 0.010937
