0 0.140625 0.154688 0.028125 0.015625
0 0.131250 0.256250 0.025000 0.025000
0 0.465625 0.262500 0.025000 0.018750
0 0.465625 0.273438 0.034375 0.015625
0 0.471875 0.304688 0.021875 0.012500
0 0.468750 0.314063 0.021875 0.009375
0 0.467969 0.321875 0.023438 0.012500
0 0.471875 0.342969 0.028125 0.020313
0 0.468750 0.371094 0.025000 0.017188
0 0.468750 0.381250 0.025000 0.012500
0 0.475000 0.590625 0.012500 0.018750
0 0.502344 0.754687 0.014063 0.025000
0 0.030469 0.839063 0.017188 0.021875
0 0.043750 0.899219 0.012500 0.017188
0 0.058594 0.898438 0.014063 0.021875
0 0.177344 0.939063 0.014063 0.018750
0 0.131250 0.993750 0.015625 0.012500
0 0.140625 0.993750 0.018750 0.012500
0 0.431250 0.992188 0.015625 0.015625
0 0.452344 0.990625 0.017188 0.015625
0 0.475000 0.992969 0.021875 0.010937
0 0.940625 0.618750 0.015625 0.021875
