0 0.723558 0.751202 0.028846 0.016827
0 0.686298 0.669471 0.036058 0.016827
0 0.676683 0.653846 0.031250 0.014423
0 0.677885 0.586538 0.038462 0.019231
0 0.646635 0.573317 0.033654 0.016827
0 0.822115 0.622596 0.043269 0.019231
0 0.825721 0.637019 0.036058 0.014423
0 0.830529 0.649038 0.031250 0.014423
0 0.836538 0.663462 0.028846 0.019231
0 0.842548 0.676683 0.026442 0.016827
0 0.850962 0.689904 0.038462 0.019231
0 0.818510 0.548077 0.031250 0.019231
0 0.801683 0.521635 0.026442 0.019231
0 0.731971 0.449519 0.031250 0.014423
0 0.733173 0.463942 0.033654 0.014423
0 0.742788 0.480769 0.043269 0.019231
0 0.753606 0.502404 0.031250 0.019231
0 0.766827 0.516827 0.033654 0.014423
0 0.765625 0.531250 0.031250 0.014423
0 0.776442 0.543269 0.033654 0.019231
0 0.783654 0.557692 0.028846 0.019231
0 0.790865 0.573317 0.028846 0.021635
0 0.699519 0.413462 0.033654 0.019231
