0 0.964063 0.037500 0.015625 0.018750
0 0.946875 0.034375 0.015625 0.018750
0 0.933594 0.036719 0.014063 0.020313
0 0.921094 0.034375 0.010937 0.021875
0 0.911719 0.034375 0.017188 0.025000
0 0.871875 0.031250 0.021875 0.021875
0 0.635938 0.014844 0.021875 0.017188
0 0.606250 0.012500 0.021875 0.021875
0 0.550000 0.011719 0.021875 0.020313
0 0.521094 0.012500 0.014063 0.015625
0 0.508594 0.010156 0.010937 0.017188
0 0.496094 0.008594 0.017188 0.014063
0 0.465625 0.008594 0.018750 0.014063
0 0.450000 0.007031 0.015625 0.010937
0 0.234375 0.033594 0.021875 0.017188
0 0.251563 0.033594 0.012500 0.014063
0 0.267188 0.034375 0.012500 0.015625
0 0.309375 0.036719 0.021875 0.017188
0 0.380469 0.042969 0.023438 0.020313
0 0.392969 0.042188 0.020313 0.021875
0 0.421875 0.042969 0.018750 0.017188
0 0.460938 0.046094 0.015625 0.014063
0 0.478125 0.048438 0.018750 0.018750
0 0.578125 0.050000 0.021875 0.012500
0 0.839063 0.192969 0.028125 0.017188
0 0.871875 0.228125 0.018750 0.025000
0 0.921875 0.296094 0.006250 0.020313
0 0.933594 0.496875 0.026562 0.012500
0 0.933594 0.506250 0.026562 0.009375
0 0.956250 0.501563 0.018750 0.009375
0 0.959375 0.509375 0.021875 0.009375
0 0.956250 0.517969 0.028125 0.014063
0 0.493750 0.467969 0.025000 0.014063
0 0.518750 0.468750 0.028125 0.012500
0 0.574219 0.468750 0.023438 0.009375
0 0.571875 0.480469 0.034375 0.014063
0 0.568750 0.504687 0.025000 0.009375
0 0.493750 0.490625 0.021875 0.015625
0 0.489844 0.501563 0.020313 0.009375
0 0.512500 0.502344 0.031250 0.010937
0 0.492188 0.509375 0.031250 0.006250
0 0.440625 0.471875 0.034375 0.012500
0 0.437500 0.481250 0.021875 0.006250
0 0.437500 0.490625 0.025000 0.009375
0 0.434375 0.515625 0.031250 0.012500
0 0.462500 0.605469 0.031250 0.007812
0 0.460938 0.615625 0.028125 0.006250
0 0.462500 0.631250 0.025000 0.009375
0 0.460938 0.642188 0.018750 0.009375
0 0.458594 0.649219 0.023438 0.007812
0 0.455469 0.657813 0.023438 0.009375
0 0.542188 0.620313 0.037500 0.015625
0 0.517188 0.634375 0.025000 0.012500
0 0.542188 0.643750 0.031250 0.009375
0 0.517969 0.652344 0.023438 0.010937
0 0.593750 0.621875 0.021875 0.009375
0 0.818750 0.627344 0.028125 0.014063
0 0.815625 0.645312 0.021875 0.009375
0 0.893750 0.642969 0.028125 0.010937
0 0.870313 0.648438 0.025000 0.012500
0 0.867969 0.664844 0.023438 0.010937
0 0.867188 0.675000 0.025000 0.009375
0 0.890625 0.676562 0.021875 0.009375
0 0.943750 0.653125 0.028125 0.009375
0 0.946875 0.678125 0.025000 0.018750
0 0.106250 0.900000 0.015625 0.018750
0 0.120313 0.902344 0.009375 0.014063
0 0.139063 0.900000 0.012500 0.018750
0 0.343750 0.537500 0.031250 0.012500
0 0.498437 0.544531 0.028125 0.014063
0 0.032031 0.846875 0.029687 0.012500
0 0.029687 0.860938 0.028125 0.009375
0 0.028906 0.870313 0.035937 0.009375
0 0.029687 0.885156 0.025000 0.010937
0 0.026562 0.903906 0.021875 0.010937
0 0.025781 0.915625 0.026562 0.009375
0 0.150000 0.902344 0.012500 0.017188
0 0.164062 0.903125 0.009375 0.018750
0 0.435156 0.868750 0.029687 0.012500
0 0.429688 0.877344 0.025000 0.010937
0 0.427344 0.887500 0.023438 0.006250
0 0.426563 0.894531 0.021875 0.010937
0 0.418750 0.915625 0.021875 0.009375
0 0.415625 0.929688 0.025000 0.012500
0 0.413281 0.939844 0.023438 0.010937
0 0.413281 0.949219 0.026562 0.010937
0 0.503906 0.864844 0.026562 0.010937
0 0.500781 0.873437 0.026562 0.009375
0 0.496875 0.881250 0.031250 0.009375
0 0.496094 0.890625 0.029687 0.009375
0 0.485156 0.917188 0.026562 0.012500
0 0.481250 0.934375 0.025000 0.009375
0 0.479687 0.942187 0.028125 0.009375
0 0.478906 0.952344 0.029687 0.007812
0 0.904687 0.877344 0.012500 0.023438
0 0.892188 0.878906 0.012500 0.020313
