0 0.058894 0.256010 0.040865 0.016827
0 0.054087 0.272837 0.036058 0.012019
0 0.052885 0.287260 0.038462 0.012019
0 0.044471 0.302885 0.040865 0.014423
0 0.034856 0.349760 0.040865 0.016827
0 0.021635 0.381010 0.038462 0.016827
0 0.021635 0.397837 0.033654 0.016827
0 0.021635 0.419471 0.038462 0.021635
0 0.757212 0.287260 0.019231 0.026442
0 0.780048 0.287260 0.021635 0.031250
0 0.521635 0.867788 0.033654 0.014423
0 0.516827 0.884615 0.033654 0.014423
0 0.514423 0.913462 0.038462 0.014423
0 0.623798 0.808894 0.040865 0.007212
0 0.615385 0.825721 0.033654 0.021635
0 0.614183 0.853365 0.031250 0.014423
0 0.614183 0.871394 0.036058 0.007212
0 0.614183 0.891827 0.036058 0.014423
0 0.662260 0.816106 0.031250 0.016827
0 0.861779 0.978365 0.036058 0.014423
0 0.010817 0.802885 0.016827 0.019231
0 0.010817 0.818510 0.016827 0.016827
0 0.013221 0.836538 0.021635 0.019231
0 0.009615 0.867788 0.014423 0.019231
