0 0.659375 0.547656 0.034375 0.010937
0 0.267188 0.731250 0.028125 0.015625
0 0.346875 0.850000 0.025000 0.009375
0 0.346094 0.860938 0.026562 0.012500
0 0.399219 0.721875 0.032813 0.009375
0 0.402344 0.731250 0.026562 0.009375
0 0.400000 0.739062 0.028125 0.009375
0 0.402344 0.761719 0.029687 0.014063
0 0.400000 0.775000 0.031250 0.009375
0 0.399219 0.782813 0.032813 0.009375
0 0.400000 0.790625 0.025000 0.009375
0 0.402344 0.800000 0.026562 0.009375
0 0.400000 0.809375 0.028125 0.009375
0 0.400000 0.818750 0.028125 0.009375
0 0.580469 0.952344 0.023438 0.064062
0 0.103906 0.940625 0.032813 0.018750
