0 0.090625 0.306250 0.031250 0.018750
0 0.207031 0.310156 0.032813 0.010937
0 0.373437 0.352344 0.028125 0.017188
0 0.434375 0.375781 0.034375 0.014063
0 0.572656 0.347656 0.026562 0.014063
0 0.602344 0.388281 0.029687 0.017188
0 0.635938 0.377344 0.034375 0.014063
0 0.730469 0.393750 0.032813 0.015625
0 0.817187 0.428906 0.025000 0.023438
0 0.788281 0.434375 0.020313 0.028125
0 0.660937 0.421875 0.018750 0.028125
0 0.459375 0.405469 0.018750 0.026562
0 0.440625 0.403125 0.015625 0.021875
0 0.426563 0.403125 0.015625 0.021875
0 0.408594 0.403906 0.017188 0.023438
0 0.407813 0.450781 0.028125 0.014063
0 0.443750 0.474219 0.025000 0.026562
0 0.701562 0.499219 0.015625 0.020313
0 0.685156 0.493750 0.020313 0.025000
0 0.715625 0.504687 0.021875 0.025000
0 0.753906 0.503125 0.026562 0.021875
0 0.774219 0.506250 0.023438 0.021875
0 0.802344 0.492188 0.020313 0.021875
0 0.819531 0.489063 0.020313 0.021875
0 0.883594 0.492188 0.026562 0.018750
0 0.835938 0.512500 0.031250 0.021875
0 0.883594 0.510938 0.023438 0.021875
0 0.850781 0.559375 0.026562 0.025000
0 0.832031 0.559375 0.023438 0.018750
0 0.732031 0.553906 0.023438 0.020313
0 0.714063 0.553125 0.021875 0.025000
0 0.667188 0.551562 0.018750 0.018750
0 0.626563 0.521094 0.028125 0.014063
0 0.635156 0.544531 0.020313 0.026562
0 0.621094 0.546875 0.020313 0.025000
0 0.534375 0.539844 0.028125 0.020313
0 0.496094 0.533594 0.029687 0.029687
0 0.480469 0.537500 0.026562 0.021875
0 0.467187 0.535156 0.025000 0.023438
0 0.199219 0.503906 0.032813 0.017188
0 0.367188 0.392969 0.018750 0.026562
0 0.353906 0.469531 0.023438 0.017188
0 0.124219 0.397656 0.020313 0.026562
0 0.100000 0.431250 0.018750 0.025000
