0 0.252404 0.050481 0.024038 0.033654
0 0.574519 0.061298 0.019231 0.026442
0 0.625000 0.063702 0.019231 0.021635
0 0.681490 0.074519 0.021635 0.028846
0 0.908654 0.084135 0.019231 0.028846
0 0.931490 0.085337 0.021635 0.026442
0 0.193510 0.473558 0.026442 0.033654
0 0.438702 0.472356 0.026442 0.026442
0 0.562500 0.509615 0.028846 0.028846
0 0.187500 0.709135 0.033654 0.019231
0 0.177885 0.802885 0.033654 0.014423
0 0.171875 0.823317 0.036058 0.016827
0 0.176683 0.871394 0.036058 0.016827
0 0.262019 0.823317 0.019231 0.026442
0 0.256010 0.858173 0.021635 0.024038
0 0.287260 0.936298 0.031250 0.026442
0 0.340144 0.947115 0.031250 0.019231
0 0.200721 0.953125 0.026442 0.021635
0 0.481971 0.783654 0.036058 0.024038
0 0.501202 0.907452 0.031250 0.026442
0 0.891827 0.871394 0.033654 0.021635
0 0.881010 0.884615 0.031250 0.019231
0 0.879808 0.933894 0.038462 0.021635
0 0.706731 0.085337 0.024038 0.031250
0 0.189904 0.920673 0.076923 0.048077
