0 0.668269 0.304087 0.024038 0.031250
0 0.834135 0.302885 0.024038 0.024038
0 0.897837 0.302885 0.016827 0.028846
0 0.918269 0.304087 0.024038 0.031250
0 0.943510 0.310096 0.021635 0.024038
0 0.962740 0.293269 0.021635 0.024038
0 0.801683 0.632212 0.021635 0.028846
0 0.818510 0.641827 0.021635 0.033654
0 0.866587 0.632212 0.021635 0.028846
0 0.929087 0.632212 0.021635 0.028846
0 0.949519 0.632212 0.024038 0.028846
0 0.990385 0.655048 0.019231 0.040865
0 0.530048 0.625000 0.031250 0.014423
0 0.522837 0.640625 0.036058 0.016827
0 0.412260 0.646635 0.036058 0.019231
0 0.491587 0.723558 0.040865 0.019231
0 0.929087 0.841346 0.036058 0.009615
0 0.852163 0.914663 0.031250 0.021635
0 0.862981 0.929087 0.028846 0.021635
0 0.973558 0.917067 0.019231 0.021635
0 0.497596 0.864183 0.024038 0.031250
0 0.080529 0.876202 0.031250 0.040865
0 0.959135 0.765625 0.024038 0.031250
0 0.990385 0.921875 0.019231 0.026442
