0 0.045312 0.750781 0.031250 0.014063
0 0.589063 0.673438 0.025000 0.018750
0 0.591406 0.686719 0.023438 0.014063
0 0.589063 0.697656 0.015625 0.014063
0 0.590625 0.713281 0.025000 0.017188
0 0.653906 0.710938 0.014063 0.021875
0 0.674219 0.711719 0.014063 0.020313
0 0.689063 0.711719 0.012500 0.020313
0 0.700000 0.713281 0.012500 0.017188
0 0.697656 0.775000 0.014063 0.015625
0 0.653906 0.728125 0.014063 0.015625
0 0.631250 0.728125 0.015625 0.018750
0 0.642969 0.776563 0.010937 0.015625
0 0.663281 0.775781 0.010937 0.020313
0 0.675781 0.775000 0.014063 0.021875
0 0.372656 0.768750 0.023438 0.012500
