0 0.426563 0.099219 0.043750 0.026562
0 0.017969 0.300000 0.029687 0.021875
0 0.017969 0.350000 0.032813 0.015625
0 0.020313 0.361719 0.025000 0.010937
0 0.025000 0.371875 0.025000 0.012500
0 0.031250 0.380469 0.028125 0.010937
0 0.030469 0.387500 0.029687 0.012500
0 0.042969 0.396875 0.023438 0.012500
0 0.050000 0.405469 0.028125 0.014063
0 0.211719 0.720313 0.020313 0.021875
0 0.234375 0.781250 0.025000 0.031250
0 0.240625 0.682813 0.028125 0.012500
0 0.250000 0.689844 0.025000 0.014063
0 0.254688 0.703125 0.028125 0.012500
0 0.228906 0.746875 0.026562 0.031250
