0 0.408594 0.739062 0.032813 0.021875
0 0.511719 0.708594 0.042188 0.023438
0 0.624219 0.665625 0.032813 0.031250
0 0.028125 0.612500 0.015625 0.059375
0 0.305469 0.887500 0.023438 0.015625
0 0.975000 0.512500 0.034375 0.018750
0 0.767969 0.756250 0.014063 0.021875
0 0.759375 0.768750 0.015625 0.021875
0 0.721094 0.780469 0.026562 0.014063
0 0.715625 0.821875 0.025000 0.009375
0 0.705469 0.850000 0.029687 0.009375
0 0.700000 0.862500 0.025000 0.015625
0 0.692187 0.877344 0.025000 0.014063
0 0.715625 0.878125 0.028125 0.012500
0 0.700000 0.887500 0.025000 0.012500
0 0.804688 0.878125 0.028125 0.018750
0 0.714844 0.921094 0.020313 0.023438
0 0.774219 0.917188 0.014063 0.021875
0 0.811719 0.918750 0.017188 0.021875
0 0.825000 0.925000 0.012500 0.021875
0 0.853125 0.918750 0.025000 0.025000
0 0.867969 0.917969 0.014063 0.023438
0 0.965625 0.856250 0.018750 0.021875
0 0.089844 0.490625 0.032813 0.015625
