0 0.269531 0.600781 0.020313 0.020313
0 0.251563 0.596094 0.015625 0.023438
0 0.195312 0.221875 0.018750 0.015625
0 0.199219 0.233594 0.017188 0.010937
0 0.195312 0.245312 0.031250 0.012500
0 0.016406 0.374219 0.010937 0.023438
0 0.036719 0.375000 0.014063 0.018750
0 0.075000 0.375781 0.012500 0.023438
0 0.095312 0.376563 0.012500 0.025000
0 0.107031 0.379688 0.014063 0.025000
0 0.038281 0.418750 0.010937 0.021875
0 0.053125 0.421094 0.015625 0.023438
0 0.066406 0.422656 0.010937 0.020313
0 0.084375 0.423438 0.015625 0.025000
0 0.100000 0.424219 0.015625 0.026562
0 0.128906 0.427344 0.020313 0.026562
0 0.142969 0.426563 0.017188 0.025000
