0 0.242788 0.163462 0.043269 0.019231
0 0.193510 0.164663 0.050481 0.016827
0 0.193510 0.179087 0.045673 0.016827
0 0.240385 0.181490 0.048077 0.016827
0 0.193510 0.197115 0.050481 0.014423
0 0.193510 0.212740 0.045673 0.016827
0 0.241587 0.213942 0.045673 0.014423
0 0.240385 0.228365 0.043269 0.014423
0 0.194712 0.228365 0.038462 0.014423
0 0.194712 0.245192 0.052885 0.014423
0 0.193510 0.262019 0.045673 0.014423
0 0.241587 0.258413 0.040865 0.016827
0 0.240385 0.277644 0.048077 0.016827
0 0.194712 0.277644 0.043269 0.016827
0 0.036058 0.170673 0.043269 0.019231
0 0.076923 0.173077 0.038462 0.014423
0 0.079327 0.186298 0.038462 0.012019
0 0.036058 0.186298 0.038462 0.012019
0 0.081731 0.204327 0.038462 0.014423
0 0.078125 0.217548 0.036058 0.012019
0 0.036058 0.213942 0.038462 0.014423
0 0.032452 0.229567 0.040865 0.016827
0 0.033654 0.260817 0.043269 0.016827
0 0.080529 0.263221 0.050481 0.021635
0 0.078125 0.284856 0.040865 0.016827
0 0.070913 0.308894 0.045673 0.016827
0 0.236779 0.305288 0.036058 0.014423
