0 0.710156 0.009375 0.014063 0.015625
0 0.697656 0.009375 0.014063 0.015625
0 0.682031 0.009375 0.014063 0.015625
0 0.650000 0.007812 0.009375 0.012500
0 0.241406 0.013281 0.026562 0.014063
0 0.308594 0.003906 0.029687 0.004687
0 0.307031 0.014063 0.029687 0.009375
0 0.242188 0.030469 0.028125 0.010937
0 0.239063 0.043750 0.025000 0.009375
0 0.707031 0.290625 0.020313 0.015625
0 0.528906 0.400781 0.035937 0.014063
0 0.461719 0.383594 0.023438 0.026562
0 0.426563 0.379688 0.015625 0.021875
0 0.414844 0.381250 0.010937 0.021875
0 0.249219 0.385156 0.029687 0.014063
0 0.225781 0.382812 0.017188 0.015625
0 0.225000 0.444531 0.015625 0.023438
0 0.285156 0.442188 0.014063 0.021875
0 0.373437 0.443750 0.015625 0.021875
0 0.532031 0.479687 0.029687 0.015625
0 0.525000 0.560156 0.028125 0.010937
0 0.521875 0.599219 0.028125 0.014063
0 0.517188 0.612500 0.025000 0.012500
0 0.523438 0.621875 0.028125 0.009375
0 0.517188 0.649219 0.031250 0.010937
0 0.425781 0.760938 0.010937 0.025000
0 0.413281 0.755469 0.014063 0.026562
0 0.655469 0.051562 0.010937 0.018750
0 0.669531 0.051562 0.014063 0.018750
0 0.689844 0.054688 0.014063 0.021875
0 0.703125 0.053125 0.012500 0.025000
0 0.739844 0.053906 0.010937 0.023438
0 0.755469 0.054688 0.010937 0.021875
