0 0.010156 0.757031 0.017188 0.023438
0 0.151562 0.843750 0.018750 0.025000
0 0.083594 0.470313 0.020313 0.015625
0 0.882812 0.507031 0.021875 0.014063
0 0.836719 0.503125 0.023438 0.015625
0 0.559375 0.446094 0.018750 0.020313
0 0.574219 0.446094 0.014063 0.023438
0 0.584375 0.446094 0.015625 0.023438
0 0.599219 0.445312 0.014063 0.018750
0 0.607812 0.448437 0.012500 0.018750
0 0.837500 0.762500 0.021875 0.015625
0 0.890625 0.890625 0.021875 0.015625
0 0.449219 0.932031 0.023438 0.010937
0 0.349219 0.807813 0.020313 0.012500
0 0.652344 0.938281 0.020313 0.010937
0 0.656250 0.947656 0.025000 0.010937
0 0.651563 0.958594 0.025000 0.007812
