0 0.194712 0.076923 0.052885 0.024038
0 0.224760 0.131010 0.031250 0.016827
0 0.241587 0.090144 0.026442 0.021635
0 0.256010 0.044471 0.021635 0.021635
0 0.272837 0.037260 0.021635 0.016827
0 0.284856 0.022837 0.021635 0.021635
0 0.427885 0.033654 0.019231 0.019231
0 0.412260 0.068510 0.021635 0.026442
0 0.425481 0.277644 0.024038 0.021635
0 0.490385 0.081731 0.019231 0.024038
0 0.600962 0.060096 0.019231 0.024038
0 0.621394 0.067308 0.021635 0.024038
0 0.679087 0.052885 0.021635 0.024038
0 0.693510 0.052885 0.016827 0.028846
0 0.871394 0.335337 0.021635 0.021635
0 0.907452 0.334135 0.016827 0.024038
0 0.950721 0.331731 0.021635 0.024038
0 0.987981 0.325721 0.019231 0.021635
0 0.944712 0.388221 0.019231 0.021635
0 0.977163 0.383413 0.026442 0.026442
0 0.771635 0.912260 0.033654 0.026442
0 0.802885 0.865385 0.024038 0.024038
0 0.864183 0.848558 0.031250 0.019231
0 0.902644 0.835337 0.021635 0.016827
0 0.403846 0.012019 0.024038 0.019231
