0 0.806250 0.281250 0.034375 0.015625
0 0.712500 0.314844 0.034375 0.020313
0 0.542969 0.328906 0.035937 0.020313
0 0.452344 0.332813 0.029687 0.015625
0 0.043750 0.517188 0.034375 0.018750
0 0.039062 0.545312 0.028125 0.015625
0 0.232031 0.493750 0.032813 0.015625
0 0.592969 0.425000 0.035937 0.015625
0 0.685937 0.424219 0.028125 0.014063
0 0.753906 0.396094 0.039062 0.020313
0 0.832812 0.393750 0.031250 0.018750
0 0.900000 0.371094 0.028125 0.017188
0 0.762500 0.714063 0.025000 0.015625
0 0.862500 0.735156 0.015625 0.023438
0 0.845313 0.735938 0.018750 0.025000
0 0.810156 0.736719 0.020313 0.023438
0 0.782031 0.735156 0.020313 0.026562
0 0.638281 0.697656 0.023438 0.026562
0 0.685937 0.743750 0.015625 0.025000
0 0.671875 0.744531 0.015625 0.023438
0 0.521875 0.750781 0.012500 0.020313
0 0.369531 0.744531 0.026562 0.014063
0 0.373437 0.723437 0.025000 0.012500
0 0.371094 0.757031 0.026562 0.010937
0 0.363281 0.774219 0.020313 0.010937
0 0.413281 0.815625 0.026562 0.015625
0 0.406250 0.834375 0.031250 0.015625
0 0.399219 0.845313 0.026562 0.015625
0 0.392969 0.853125 0.032813 0.012500
0 0.394531 0.861719 0.035937 0.014063
0 0.391406 0.871875 0.026562 0.012500
0 0.385937 0.882812 0.028125 0.015625
0 0.505469 0.751563 0.020313 0.025000
0 0.382031 0.900000 0.029687 0.015625
0 0.378906 0.928906 0.026562 0.010937
0 0.382812 0.941406 0.028125 0.014063
0 0.383594 0.968750 0.026562 0.012500
0 0.382812 0.978906 0.031250 0.010937
0 0.389844 0.989062 0.026562 0.009375
0 0.315625 0.928125 0.031250 0.009375
0 0.317188 0.939063 0.028125 0.009375
