0 0.894531 0.357812 0.026562 0.025000
0 0.800000 0.432812 0.025000 0.025000
0 0.859375 0.466406 0.021875 0.026562
0 0.664062 0.122656 0.025000 0.020313
0 0.527344 0.391406 0.017188 0.017188
0 0.250781 0.451562 0.020313 0.025000
0 0.210156 0.485938 0.020313 0.018750
0 0.200781 0.491406 0.017188 0.014063
0 0.194531 0.495312 0.023438 0.015625
0 0.189844 0.506250 0.020313 0.021875
0 0.176563 0.510156 0.018750 0.020313
0 0.167187 0.516406 0.015625 0.017188
0 0.160156 0.524219 0.017188 0.017188
0 0.153906 0.529687 0.020313 0.018750
0 0.146094 0.539062 0.020313 0.021875
0 0.138281 0.546094 0.017188 0.017188
0 0.128906 0.551562 0.020313 0.018750
0 0.121875 0.559375 0.021875 0.021875
0 0.110156 0.564063 0.020313 0.021875
0 0.101562 0.568750 0.015625 0.018750
0 0.095312 0.576562 0.018750 0.015625
0 0.084375 0.582812 0.025000 0.018750
0 0.078125 0.589063 0.021875 0.018750
0 0.069531 0.595313 0.017188 0.015625
0 0.062500 0.600000 0.021875 0.018750
0 0.053906 0.608594 0.020313 0.020313
0 0.043750 0.616406 0.018750 0.014063
0 0.037500 0.623437 0.021875 0.021875
0 0.010937 0.646875 0.018750 0.031250
0 0.068750 0.685156 0.012500 0.023438
0 0.080469 0.678906 0.017188 0.020313
0 0.083594 0.698438 0.010937 0.018750
0 0.169531 0.605469 0.017188 0.023438
0 0.181250 0.599219 0.015625 0.020313
0 0.205469 0.580469 0.017188 0.014063
0 0.199219 0.589063 0.014063 0.018750
0 0.212500 0.575000 0.015625 0.018750
0 0.220312 0.568750 0.012500 0.018750
0 0.228125 0.562500 0.015625 0.021875
0 0.237500 0.554688 0.015625 0.021875
0 0.244531 0.549219 0.017188 0.026562
0 0.253125 0.542188 0.012500 0.018750
0 0.260156 0.536719 0.014063 0.023438
0 0.269531 0.524219 0.020313 0.023438
0 0.292969 0.529687 0.020313 0.018750
0 0.284375 0.539062 0.018750 0.018750
0 0.275000 0.546875 0.021875 0.021875
0 0.268750 0.554688 0.018750 0.018750
0 0.261719 0.561719 0.017188 0.023438
0 0.245312 0.571094 0.018750 0.017188
0 0.236719 0.580469 0.020313 0.020313
0 0.228125 0.589063 0.018750 0.021875
0 0.214062 0.598437 0.018750 0.021875
0 0.199219 0.614062 0.020313 0.018750
0 0.187500 0.617969 0.018750 0.023438
