0 0.129688 0.053906 0.018750 0.023438
0 0.178906 0.063281 0.010937 0.020313
0 0.193750 0.062500 0.015625 0.021875
0 0.219531 0.067187 0.014063 0.018750
0 0.308594 0.093750 0.032813 0.015625
0 0.081250 0.125781 0.015625 0.020313
0 0.094531 0.119531 0.017188 0.023438
0 0.209375 0.128125 0.015625 0.018750
0 0.223438 0.135937 0.012500 0.015625
0 0.292187 0.140625 0.015625 0.021875
0 0.361719 0.134375 0.020313 0.021875
0 0.435937 0.081250 0.025000 0.025000
0 0.938281 0.064844 0.017188 0.023438
0 0.796094 0.126562 0.020313 0.021875
0 0.879687 0.143750 0.021875 0.021875
0 0.667969 0.307812 0.020313 0.021875
0 0.722656 0.285156 0.014063 0.020313
0 0.739844 0.278906 0.014063 0.017188
0 0.735156 0.302344 0.014063 0.020313
0 0.618750 0.353125 0.025000 0.021875
0 0.572656 0.385156 0.026562 0.020313
0 0.566406 0.425000 0.026562 0.012500
0 0.584375 0.457813 0.031250 0.015625
0 0.614062 0.512500 0.021875 0.018750
0 0.700000 0.432812 0.031250 0.028125
0 0.695312 0.503906 0.015625 0.020313
0 0.710938 0.502344 0.015625 0.020313
0 0.785156 0.470313 0.017188 0.021875
0 0.768750 0.330469 0.018750 0.020313
0 0.830469 0.376563 0.023438 0.018750
0 0.921094 0.407031 0.014063 0.023438
0 0.828125 0.479687 0.015625 0.028125
0 0.843750 0.492969 0.015625 0.026562
0 0.930469 0.495312 0.014063 0.021875
0 0.947656 0.514062 0.017188 0.021875
0 0.305469 0.306250 0.020313 0.025000
0 0.291406 0.310937 0.020313 0.021875
0 0.225781 0.340625 0.023438 0.021875
0 0.194531 0.354687 0.020313 0.021875
0 0.181250 0.355469 0.018750 0.020313
0 0.090625 0.382031 0.015625 0.020313
0 0.185938 0.506250 0.021875 0.021875
0 0.228125 0.517188 0.021875 0.021875
0 0.305469 0.535156 0.023438 0.023438
0 0.292969 0.546875 0.020313 0.018750
0 0.485938 0.620313 0.015625 0.025000
0 0.396875 0.642188 0.021875 0.015625
0 0.389844 0.652344 0.023438 0.014063
0 0.396094 0.666406 0.026562 0.017188
0 0.512500 0.657031 0.025000 0.023438
0 0.501563 0.687500 0.031250 0.018750
0 0.457031 0.735938 0.023438 0.015625
0 0.359375 0.708594 0.028125 0.014063
0 0.392188 0.764844 0.018750 0.023438
0 0.058594 0.759375 0.017188 0.021875
0 0.089844 0.753906 0.014063 0.020313
0 0.111719 0.810937 0.023438 0.009375
0 0.060937 0.896094 0.015625 0.020313
0 0.109375 0.867969 0.025000 0.007812
0 0.350000 0.798438 0.025000 0.012500
0 0.357812 0.906250 0.025000 0.012500
0 0.487500 0.862500 0.021875 0.018750
0 0.510156 0.881250 0.023438 0.018750
0 0.348438 0.940625 0.025000 0.015625
0 0.357812 0.948438 0.034375 0.021875
0 0.524219 0.978125 0.026562 0.025000
0 0.538281 0.972656 0.026562 0.023438
0 0.548438 0.962500 0.031250 0.025000
0 0.558594 0.957031 0.026562 0.023438
0 0.774219 0.967969 0.029687 0.017188
0 0.769531 0.853906 0.023438 0.010937
0 0.777344 0.864062 0.026562 0.012500
0 0.784375 0.817187 0.028125 0.015625
0 0.787500 0.760156 0.028125 0.017188
0 0.912500 0.962500 0.015625 0.021875
0 0.977344 0.691406 0.020313 0.020313
