0 0.556490 0.275240 0.036058 0.016827
0 0.566106 0.305288 0.040865 0.014423
0 0.560096 0.323317 0.038462 0.016827
0 0.662260 0.199519 0.040865 0.014423
0 0.668269 0.218750 0.038462 0.009615
0 0.664663 0.237981 0.040865 0.014423
0 0.670673 0.254808 0.038462 0.014423
0 0.669471 0.271635 0.040865 0.014423
0 0.555288 0.348558 0.038462 0.014423
0 0.847356 0.879808 0.016827 0.024038
0 0.866587 0.882212 0.016827 0.024038
0 0.927885 0.888221 0.024038 0.026442
0 0.576923 0.890625 0.038462 0.021635
0 0.429087 0.965144 0.021635 0.031250
0 0.538462 0.985577 0.019231 0.028846
0 0.638221 0.983173 0.021635 0.024038
0 0.780048 0.987981 0.021635 0.024038
0 0.704327 0.841346 0.024038 0.024038
0 0.045673 0.131010 0.028846 0.016827
0 0.050481 0.151442 0.038462 0.019231
