0 0.114844 0.975000 0.010937 0.025000
0 0.218750 0.587500 0.034375 0.018750
0 0.214844 0.609375 0.039062 0.015625
0 0.153125 0.575000 0.025000 0.012500
0 0.156250 0.590625 0.025000 0.015625
0 0.131250 0.612500 0.025000 0.025000
0 0.085938 0.611719 0.018750 0.023438
0 0.008594 0.609375 0.014063 0.025000
0 0.715625 0.652344 0.025000 0.023438
0 0.699219 0.690625 0.023438 0.021875
0 0.755469 0.696094 0.017188 0.017188
0 0.771875 0.698438 0.021875 0.021875
0 0.789844 0.696875 0.026562 0.021875
0 0.831250 0.702344 0.025000 0.026562
0 0.907813 0.706250 0.018750 0.021875
0 0.927344 0.707812 0.017188 0.025000
0 0.952344 0.709375 0.020313 0.021875
0 0.970313 0.664844 0.018750 0.020313
0 0.984375 0.667188 0.015625 0.025000
0 0.993750 0.667188 0.009375 0.025000
0 0.946875 0.592969 0.021875 0.029687
0 0.909375 0.589063 0.015625 0.028125
0 0.746875 0.574219 0.009375 0.023438
0 0.737500 0.571875 0.015625 0.021875
0 0.721875 0.574219 0.015625 0.023438
0 0.911719 0.511719 0.032813 0.017188
0 0.729688 0.534375 0.028125 0.015625
0 0.526563 0.489844 0.031250 0.010937
0 0.991406 0.714844 0.017188 0.020313
0 0.146875 0.977344 0.012500 0.020313
0 0.159375 0.979688 0.012500 0.021875
0 0.171094 0.979688 0.010937 0.021875
