0 0.821094 0.084375 0.017188 0.018750
0 0.768750 0.251563 0.025000 0.015625
0 0.380469 0.292187 0.026562 0.015625
0 0.442188 0.406250 0.021875 0.012500
0 0.517188 0.400000 0.028125 0.015625
0 0.667969 0.475000 0.026562 0.015625
0 0.564063 0.493750 0.018750 0.015625
0 0.577344 0.501563 0.026562 0.015625
0 0.303125 0.612500 0.028125 0.012500
0 0.321875 0.650000 0.028125 0.015625
0 0.342969 0.692187 0.026562 0.009375
0 0.364844 0.731250 0.020313 0.012500
0 0.379688 0.765625 0.021875 0.015625
0 0.596875 0.865625 0.025000 0.015625
0 0.431250 0.665625 0.028125 0.009375
0 0.450000 0.698438 0.025000 0.012500
0 0.464844 0.728125 0.026562 0.015625
0 0.481250 0.761719 0.031250 0.010937
0 0.512500 0.659375 0.028125 0.015625
0 0.535937 0.699219 0.025000 0.017188
0 0.550000 0.733594 0.028125 0.017188
0 0.240625 0.991406 0.031250 0.017188
0 0.938281 0.582812 0.017188 0.025000
