0 0.017969 0.239844 0.032813 0.017188
0 0.214062 0.258594 0.028125 0.017188
0 0.263281 0.293750 0.029687 0.012500
0 0.499219 0.270313 0.032813 0.018750
0 0.157031 0.333594 0.017188 0.026562
0 0.280469 0.342187 0.023438 0.028125
0 0.307812 0.338281 0.015625 0.023438
0 0.783594 0.450781 0.017188 0.023438
0 0.767969 0.446875 0.017188 0.025000
0 0.750781 0.447656 0.020313 0.023438
0 0.739062 0.444531 0.015625 0.023438
0 0.724219 0.445312 0.023438 0.028125
0 0.678125 0.441406 0.025000 0.026562
0 0.376563 0.400781 0.021875 0.023438
0 0.355469 0.400000 0.017188 0.018750
0 0.373437 0.420312 0.025000 0.018750
0 0.310156 0.396094 0.017188 0.017188
0 0.294531 0.397656 0.023438 0.023438
0 0.264844 0.412500 0.023438 0.025000
0 0.247656 0.410156 0.026562 0.026562
0 0.210938 0.410938 0.025000 0.021875
0 0.193750 0.407813 0.021875 0.021875
0 0.180469 0.401562 0.023438 0.021875
0 0.113281 0.451562 0.017188 0.021875
0 0.128906 0.451562 0.020313 0.025000
0 0.146094 0.453125 0.020313 0.025000
0 0.163281 0.454688 0.023438 0.021875
0 0.205469 0.460156 0.020313 0.020313
0 0.223438 0.460938 0.025000 0.021875
0 0.244531 0.461719 0.026562 0.023438
0 0.340625 0.466406 0.025000 0.020313
0 0.639844 0.624219 0.026562 0.014063
0 0.632031 0.483594 0.014063 0.020313
0 0.678125 0.667188 0.018750 0.025000
0 0.855469 0.694531 0.032813 0.017188
0 0.895312 0.697656 0.028125 0.014063
0 0.176563 0.942969 0.015625 0.010937
0 0.193750 0.943750 0.018750 0.012500
0 0.180469 0.953125 0.026562 0.009375
0 0.179688 0.961719 0.031250 0.010937
0 0.178906 0.973437 0.026562 0.012500
0 0.178906 0.990625 0.035937 0.015625
0 0.246094 0.936719 0.023438 0.010937
0 0.271875 0.938281 0.031250 0.014063
0 0.243750 0.965625 0.028125 0.009375
0 0.239063 0.975781 0.021875 0.010937
0 0.268750 0.977344 0.034375 0.014063
0 0.242188 0.986719 0.031250 0.010937
0 0.338281 0.939844 0.023438 0.010937
0 0.337500 0.953906 0.037500 0.014063
0 0.333594 0.979688 0.026562 0.009375
0 0.332031 0.990625 0.026562 0.009375
0 0.751563 0.972656 0.021875 0.010937
0 0.749219 0.985156 0.023438 0.010937
0 0.774219 0.975000 0.023438 0.009375
0 0.772656 0.984375 0.029687 0.012500
0 0.774219 0.994531 0.026562 0.010937
0 0.110937 0.332031 0.015625 0.020313
0 0.032031 0.446875 0.035937 0.021875
