0 0.821094 0.596875 0.020313 0.021875
0 0.202344 0.457031 0.023438 0.017188
0 0.120313 0.506250 0.021875 0.012500
0 0.070312 0.497656 0.018750 0.023438
0 0.078906 0.541406 0.017188 0.023438
0 0.044531 0.500000 0.014063 0.018750
0 0.675781 0.477344 0.017188 0.017188
0 0.356250 0.067187 0.025000 0.015625
0 0.036719 0.098437 0.017188 0.018750
0 0.046875 0.092969 0.018750 0.014063
0 0.061719 0.092188 0.017188 0.018750
0 0.074219 0.090625 0.014063 0.018750
0 0.085938 0.091406 0.015625 0.020313
0 0.099219 0.090625 0.014063 0.021875
0 0.114062 0.089063 0.015625 0.018750
0 0.128125 0.096094 0.012500 0.020313
0 0.142969 0.095312 0.010937 0.018750
0 0.150781 0.103125 0.014063 0.018750
0 0.161719 0.111719 0.017188 0.017188
0 0.168750 0.121094 0.018750 0.017188
0 0.173437 0.134375 0.021875 0.015625
0 0.177344 0.144531 0.020313 0.010937
0 0.175781 0.153125 0.023438 0.009375
0 0.172656 0.162500 0.023438 0.012500
0 0.171094 0.173437 0.029687 0.012500
0 0.165625 0.182031 0.028125 0.010937
0 0.162500 0.192969 0.028125 0.010937
0 0.135937 0.216406 0.028125 0.017188
0 0.128906 0.222656 0.023438 0.020313
0 0.118750 0.228906 0.021875 0.017188
0 0.093750 0.235937 0.031250 0.018750
0 0.046875 0.250000 0.021875 0.028125
0 0.128906 0.125000 0.020313 0.025000
0 0.092188 0.135156 0.015625 0.020313
0 0.078906 0.138281 0.014063 0.023438
0 0.068750 0.137500 0.012500 0.021875
0 0.056250 0.140625 0.015625 0.018750
0 0.045312 0.148438 0.015625 0.021875
0 0.034375 0.151562 0.018750 0.021875
0 0.023438 0.161719 0.015625 0.023438
0 0.017969 0.178125 0.023438 0.015625
0 0.036719 0.203125 0.014063 0.021875
0 0.050000 0.202344 0.015625 0.023438
0 0.062500 0.200781 0.012500 0.023438
0 0.072656 0.197656 0.014063 0.023438
0 0.083594 0.189844 0.020313 0.020313
0 0.091406 0.184375 0.017188 0.021875
0 0.098437 0.177344 0.018750 0.017188
0 0.107813 0.169531 0.025000 0.017188
