0 0.593750 0.192188 0.025000 0.015625
0 0.621094 0.192969 0.026562 0.010937
0 0.682813 0.196094 0.025000 0.010937
0 0.680469 0.207813 0.035937 0.012500
0 0.680469 0.234375 0.029687 0.015625
0 0.592969 0.217969 0.026562 0.010937
0 0.616406 0.231250 0.026562 0.012500
0 0.591406 0.230469 0.029687 0.010937
0 0.592187 0.239844 0.028125 0.007812
0 0.541406 0.188281 0.032813 0.010937
0 0.536719 0.196875 0.029687 0.012500
0 0.532813 0.206250 0.025000 0.009375
0 0.531250 0.217969 0.028125 0.010937
0 0.530469 0.244531 0.032813 0.014063
0 0.704688 0.343750 0.031250 0.012500
0 0.703906 0.364063 0.026562 0.012500
0 0.646094 0.357812 0.032813 0.015625
0 0.617188 0.373437 0.028125 0.012500
0 0.645312 0.383594 0.031250 0.014063
0 0.618750 0.392188 0.021875 0.009375
0 0.559375 0.343750 0.031250 0.012500
0 0.559375 0.353125 0.031250 0.012500
0 0.560156 0.374219 0.026562 0.010937
0 0.555469 0.382031 0.026562 0.010937
0 0.554688 0.391406 0.031250 0.010937
0 0.553906 0.398438 0.032813 0.009375
0 0.430469 0.266406 0.029687 0.010937
0 0.600781 0.278125 0.032813 0.018750
0 0.063281 0.244531 0.023438 0.007812
0 0.145313 0.264844 0.028125 0.010937
0 0.085156 0.608594 0.029687 0.010937
0 0.082812 0.620313 0.028125 0.009375
0 0.084375 0.633594 0.031250 0.014063
0 0.082031 0.646875 0.026562 0.009375
0 0.080469 0.668750 0.026562 0.012500
0 0.078125 0.678125 0.031250 0.009375
0 0.170313 0.667188 0.015625 0.018750
0 0.148438 0.667188 0.018750 0.018750
0 0.185938 0.668750 0.015625 0.018750
0 0.205469 0.666406 0.010937 0.020313
0 0.220312 0.667188 0.012500 0.015625
0 0.231250 0.669531 0.012500 0.023438
0 0.526563 0.630469 0.031250 0.014063
0 0.524219 0.640625 0.026562 0.009375
0 0.520312 0.649219 0.028125 0.010937
0 0.519531 0.660937 0.026562 0.009375
0 0.511719 0.680469 0.026562 0.010937
0 0.510938 0.690625 0.028125 0.009375
0 0.510156 0.697656 0.023438 0.010937
0 0.506250 0.707031 0.025000 0.010937
0 0.504687 0.717187 0.028125 0.012500
0 0.603125 0.624219 0.028125 0.010937
0 0.604688 0.636719 0.025000 0.007812
0 0.600000 0.643750 0.028125 0.009375
0 0.596875 0.653906 0.028125 0.014063
0 0.583594 0.684375 0.029687 0.012500
0 0.580469 0.704688 0.026562 0.012500
0 0.578906 0.712500 0.026562 0.009375
0 0.576562 0.721875 0.025000 0.012500
0 0.519531 0.817969 0.014063 0.023438
0 0.485938 0.938281 0.025000 0.010937
0 0.481250 0.945312 0.025000 0.012500
0 0.541406 0.950000 0.032813 0.012500
0 0.564063 0.964063 0.025000 0.009375
0 0.560937 0.968750 0.028125 0.012500
0 0.565625 0.979688 0.031250 0.012500
0 0.561719 0.996094 0.029687 0.007812
0 0.535937 0.969531 0.021875 0.010937
0 0.535156 0.980469 0.023438 0.010937
0 0.887500 0.303125 0.028125 0.009375
0 0.946094 0.385937 0.026562 0.009375
0 0.946875 0.964844 0.025000 0.010937
0 0.972656 0.965625 0.029687 0.012500
0 0.945312 0.975000 0.031250 0.009375
0 0.939844 0.992188 0.026562 0.009375
