0 0.402344 0.839063 0.023438 0.009375
0 0.405469 0.857812 0.023438 0.009375
0 0.405469 0.865625 0.026562 0.009375
0 0.405469 0.875000 0.026562 0.009375
0 0.403125 0.882812 0.025000 0.009375
0 0.400781 0.903125 0.026562 0.009375
0 0.400000 0.912500 0.028125 0.006250
0 0.401562 0.920312 0.031250 0.009375
0 0.400000 0.928906 0.031250 0.007812
0 0.397656 0.933594 0.032813 0.010937
0 0.385156 0.975000 0.023438 0.009375
0 0.385937 0.982812 0.025000 0.009375
0 0.383594 0.989844 0.023438 0.007812
0 0.381250 0.995313 0.028125 0.009375
0 0.408594 0.989062 0.020313 0.012500
0 0.407031 0.995313 0.026562 0.009375
0 0.429688 0.857812 0.021875 0.012500
0 0.425000 0.875000 0.025000 0.012500
0 0.424219 0.883594 0.020313 0.010937
0 0.425000 0.892969 0.025000 0.010937
0 0.425781 0.903125 0.026562 0.012500
0 0.471875 0.871875 0.025000 0.012500
0 0.468750 0.885156 0.031250 0.010937
0 0.470313 0.895312 0.025000 0.012500
0 0.470313 0.908594 0.028125 0.010937
0 0.469531 0.919531 0.026562 0.010937
0 0.467969 0.932813 0.023438 0.012500
0 0.468750 0.960156 0.015625 0.017188
0 0.461719 0.991406 0.026562 0.014063
0 0.441406 0.991406 0.017188 0.010937
0 0.496875 0.880469 0.021875 0.010937
0 0.497656 0.892188 0.023438 0.009375
0 0.496094 0.901563 0.023438 0.009375
0 0.498437 0.904687 0.025000 0.009375
0 0.498437 0.914062 0.025000 0.009375
0 0.497656 0.921875 0.023438 0.009375
0 0.495312 0.930469 0.025000 0.007812
0 0.492969 0.937500 0.020313 0.006250
0 0.492969 0.964063 0.023438 0.009375
0 0.492188 0.950781 0.025000 0.010937
0 0.488281 0.987500 0.026562 0.012500
0 0.531250 0.964844 0.015625 0.026562
0 0.534375 0.882031 0.025000 0.014063
0 0.572656 0.887500 0.017188 0.015625
0 0.566406 0.874219 0.017188 0.017188
0 0.581250 0.904687 0.018750 0.012500
0 0.583594 0.912500 0.020313 0.009375
0 0.627344 0.971875 0.023438 0.012500
0 0.571875 0.987500 0.021875 0.015625
0 0.632031 0.964063 0.023438 0.009375
0 0.630469 0.958594 0.023438 0.007812
0 0.632031 0.951562 0.020313 0.012500
0 0.700000 0.884375 0.025000 0.009375
0 0.700000 0.892969 0.021875 0.007812
0 0.696875 0.903125 0.028125 0.009375
0 0.696875 0.910156 0.025000 0.007812
0 0.697656 0.917188 0.026562 0.009375
0 0.695312 0.927344 0.021875 0.007812
0 0.695312 0.934375 0.025000 0.009375
0 0.694531 0.946094 0.023438 0.010937
0 0.692187 0.960938 0.021875 0.012500
0 0.753125 0.898438 0.021875 0.009375
0 0.750781 0.909375 0.023438 0.012500
0 0.747656 0.923438 0.020313 0.009375
0 0.744531 0.931250 0.020313 0.006250
0 0.744531 0.939844 0.023438 0.010937
0 0.743750 0.949219 0.021875 0.007812
0 0.746094 0.957812 0.023438 0.009375
0 0.744531 0.964844 0.017188 0.007812
0 0.743750 0.972656 0.018750 0.010937
0 0.742188 0.989844 0.025000 0.007812
0 0.846875 0.943750 0.021875 0.012500
0 0.845313 0.954688 0.025000 0.006250
0 0.839063 0.978906 0.021875 0.010937
0 0.841406 0.989844 0.023438 0.007812
0 0.901563 0.905469 0.025000 0.010937
0 0.895312 0.954688 0.025000 0.009375
0 0.893750 0.989062 0.021875 0.009375
0 0.892969 0.994531 0.023438 0.010937
0 0.961719 0.882812 0.029687 0.018750
0 0.952344 0.892969 0.020313 0.007812
0 0.953125 0.900781 0.021875 0.007812
0 0.953906 0.908594 0.023438 0.007812
0 0.953125 0.917188 0.028125 0.012500
0 0.951562 0.928906 0.021875 0.007812
0 0.950781 0.939844 0.020313 0.010937
0 0.949219 0.950000 0.023438 0.009375
0 0.950000 0.958594 0.021875 0.010937
0 0.950000 0.968750 0.021875 0.009375
0 0.951562 0.977344 0.021875 0.010937
0 0.949219 0.988281 0.026562 0.010937
0 0.993750 0.953125 0.012500 0.009375
