0 0.017969 0.291406 0.026562 0.014063
0 0.100000 0.259375 0.028125 0.015625
0 0.313281 0.238281 0.026562 0.014063
0 0.440625 0.212500 0.028125 0.015625
0 0.040625 0.078125 0.025000 0.009375
0 0.041406 0.069531 0.023438 0.007812
0 0.042188 0.060937 0.025000 0.009375
0 0.041406 0.050781 0.026562 0.010937
0 0.114062 0.065625 0.025000 0.009375
0 0.111719 0.054688 0.023438 0.009375
0 0.114062 0.047656 0.025000 0.007812
0 0.117188 0.037500 0.028125 0.006250
0 0.119531 0.027344 0.026562 0.010937
0 0.121094 0.017188 0.026562 0.009375
0 0.121094 0.005469 0.026562 0.007812
0 0.184375 0.003906 0.025000 0.004687
0 0.178906 0.017969 0.026562 0.007812
0 0.178125 0.029687 0.025000 0.009375
0 0.176563 0.039844 0.028125 0.007812
0 0.177344 0.060937 0.032813 0.018750
0 0.176563 0.051562 0.031250 0.012500
0 0.174219 0.070312 0.029687 0.012500
0 0.172656 0.078906 0.029687 0.010937
0 0.177344 0.098437 0.029687 0.012500
0 0.171094 0.117188 0.029687 0.012500
0 0.293750 0.045312 0.025000 0.009375
0 0.292187 0.055469 0.025000 0.010937
0 0.292969 0.076563 0.026562 0.012500
0 0.289844 0.085156 0.023438 0.010937
0 0.291406 0.097656 0.023438 0.010937
0 0.355469 0.057813 0.029687 0.012500
0 0.350000 0.085156 0.028125 0.010937
0 0.350000 0.096094 0.028125 0.010937
0 0.350781 0.107813 0.023438 0.009375
0 0.351562 0.117188 0.025000 0.009375
0 0.350000 0.136719 0.028125 0.010937
0 0.347656 0.147656 0.029687 0.007812
0 0.422656 0.010156 0.023438 0.014063
0 0.420312 0.024219 0.021875 0.010937
0 0.417969 0.037500 0.023438 0.009375
0 0.418750 0.048438 0.021875 0.012500
0 0.417969 0.060937 0.020313 0.012500
0 0.411719 0.079687 0.026562 0.012500
0 0.413281 0.094531 0.026562 0.010937
0 0.412500 0.126562 0.025000 0.015625
0 0.410156 0.136719 0.020313 0.014063
0 0.413281 0.149219 0.023438 0.014063
0 0.473438 0.050781 0.028125 0.014063
0 0.516406 0.075000 0.020313 0.018750
0 0.479687 0.150781 0.018750 0.020313
0 0.504687 0.146875 0.015625 0.018750
0 0.515625 0.131250 0.018750 0.018750
0 0.514844 0.057813 0.020313 0.012500
