0 0.437500 0.028125 0.028125 0.009375
0 0.515625 0.030469 0.028125 0.014063
0 0.875000 0.267188 0.025000 0.028125
0 0.818750 0.599219 0.034375 0.014063
0 0.821094 0.606250 0.032813 0.012500
0 0.821875 0.618750 0.034375 0.009375
0 0.825000 0.640625 0.025000 0.012500
0 0.806250 0.796875 0.025000 0.012500
0 0.806250 0.815625 0.025000 0.009375
0 0.800000 0.825000 0.025000 0.012500
0 0.798438 0.862500 0.025000 0.009375
0 0.803125 0.886719 0.028125 0.007812
0 0.971875 0.953125 0.031250 0.009375
0 0.026562 0.574219 0.031250 0.014063
