0 0.294531 0.420312 0.023438 0.012500
0 0.008594 0.448437 0.014063 0.018750
0 0.016406 0.442969 0.017188 0.017188
0 0.028906 0.441406 0.017188 0.017188
0 0.042969 0.441406 0.017188 0.020313
0 0.055469 0.440625 0.014063 0.021875
0 0.066406 0.439063 0.014063 0.018750
0 0.077344 0.439844 0.014063 0.017188
0 0.092188 0.444531 0.012500 0.017188
0 0.104688 0.446094 0.012500 0.017188
0 0.113281 0.452344 0.010937 0.014063
0 0.123438 0.458594 0.018750 0.014063
0 0.130469 0.468750 0.017188 0.012500
0 0.134375 0.479687 0.018750 0.012500
0 0.135156 0.488281 0.023438 0.007812
0 0.135156 0.498437 0.020313 0.009375
0 0.132812 0.507031 0.021875 0.007812
0 0.132031 0.516406 0.023438 0.007812
0 0.125781 0.522656 0.023438 0.007812
0 0.121094 0.532813 0.020313 0.009375
0 0.103906 0.546094 0.023438 0.010937
0 0.089844 0.560937 0.020313 0.012500
0 0.079687 0.567187 0.021875 0.012500
0 0.058594 0.574219 0.029687 0.020313
0 0.014063 0.585938 0.021875 0.021875
0 0.059375 0.482812 0.015625 0.015625
0 0.045312 0.484375 0.012500 0.015625
0 0.100000 0.554688 0.021875 0.012500
0 0.033594 0.483594 0.010937 0.017188
0 0.023438 0.487500 0.009375 0.015625
0 0.013281 0.491406 0.010937 0.017188
0 0.006250 0.496094 0.009375 0.014063
0 0.071094 0.512500 0.023438 0.015625
0 0.065625 0.518750 0.018750 0.015625
0 0.057813 0.525000 0.018750 0.015625
0 0.049219 0.531250 0.017188 0.015625
0 0.039062 0.535937 0.012500 0.015625
0 0.031250 0.542188 0.012500 0.015625
0 0.018750 0.542188 0.012500 0.015625
0 0.006250 0.542188 0.009375 0.015625
0 0.151562 0.777344 0.021875 0.010937
0 0.035156 0.813281 0.014063 0.017188
0 0.079687 0.818750 0.021875 0.009375
0 0.044531 0.856250 0.017188 0.021875
0 0.014063 0.814844 0.012500 0.020313
0 0.591406 0.794531 0.014063 0.017188
0 0.722656 0.904687 0.014063 0.021875
0 0.735156 0.906250 0.010937 0.018750
0 0.605469 0.987500 0.023438 0.025000
0 0.036719 0.160156 0.029687 0.020313
0 0.067969 0.217969 0.017188 0.020313
0 0.079687 0.223438 0.018750 0.021875
