0 0.137500 0.139063 0.031250 0.018750
0 0.138281 0.153125 0.029687 0.018750
0 0.139063 0.185938 0.031250 0.018750
0 0.138281 0.196094 0.032813 0.017188
0 0.135156 0.206250 0.032813 0.021875
0 0.138281 0.231250 0.032813 0.021875
0 0.140625 0.263281 0.031250 0.017188
0 0.139063 0.274219 0.034375 0.017188
0 0.138281 0.515625 0.020313 0.028125
0 0.092969 0.979688 0.017188 0.025000
0 0.115625 0.983594 0.018750 0.020313
0 0.141406 0.980469 0.017188 0.020313
0 0.117188 0.996094 0.021875 0.007812
0 0.785156 0.422656 0.020313 0.026562
0 0.678125 0.543750 0.018750 0.021875
0 0.822656 0.460938 0.017188 0.025000
0 0.847656 0.463281 0.017188 0.026562
0 0.941406 0.461719 0.020313 0.023438
0 0.821094 0.482031 0.020313 0.020313
0 0.728906 0.827344 0.017188 0.023438
0 0.726562 0.871875 0.015625 0.025000
0 0.739844 0.874219 0.010937 0.017188
0 0.736719 0.892188 0.014063 0.015625
0 0.751563 0.894531 0.015625 0.020313
0 0.777344 0.895312 0.014063 0.021875
0 0.812500 0.935937 0.015625 0.025000
0 0.778906 0.936719 0.014063 0.020313
0 0.765625 0.935937 0.012500 0.021875
0 0.752344 0.937500 0.014063 0.021875
0 0.728125 0.958594 0.015625 0.023438
0 0.740625 0.957031 0.012500 0.017188
0 0.753906 0.958594 0.014063 0.017188
0 0.776563 0.954688 0.015625 0.021875
0 0.790625 0.955469 0.012500 0.017188
0 0.840625 0.996094 0.012500 0.007812
0 0.802344 0.996875 0.010937 0.006250
0 0.792188 0.996094 0.009375 0.007812
0 0.777344 0.995313 0.017188 0.009375
0 0.729688 0.995313 0.018750 0.009375
