0 0.721094 0.121875 0.020313 0.025000
0 0.926562 0.016406 0.015625 0.010937
0 0.926562 0.006250 0.015625 0.009375
0 0.945312 0.111719 0.028125 0.017188
0 0.985938 0.125000 0.025000 0.012500
0 0.989062 0.144531 0.021875 0.014063
0 0.982031 0.160938 0.029687 0.015625
0 0.985938 0.214062 0.025000 0.012500
0 0.668750 0.296094 0.031250 0.017188
0 0.610156 0.373437 0.020313 0.025000
0 0.560937 0.526563 0.028125 0.018750
0 0.455469 0.544531 0.023438 0.014063
0 0.327344 0.452344 0.023438 0.017188
0 0.403906 0.446875 0.026562 0.021875
0 0.263281 0.339062 0.023438 0.015625
0 0.183594 0.664062 0.026562 0.015625
0 0.203906 0.704688 0.026562 0.015625
0 0.223438 0.746875 0.028125 0.012500
0 0.247656 0.789844 0.029687 0.017188
0 0.263281 0.822656 0.029687 0.014063
0 0.268750 0.660156 0.028125 0.017188
0 0.287500 0.660937 0.021875 0.018750
0 0.318750 0.721094 0.031250 0.014063
0 0.335156 0.753125 0.026562 0.012500
0 0.350000 0.787500 0.021875 0.018750
0 0.367969 0.820312 0.029687 0.015625
0 0.398438 0.715625 0.028125 0.018750
0 0.424219 0.755469 0.029687 0.014063
0 0.439063 0.789844 0.028125 0.014063
