0 0.430288 0.046875 0.038462 0.021635
0 0.585337 0.031250 0.021635 0.024038
0 0.626202 0.097356 0.040865 0.026442
0 0.342548 0.120192 0.021635 0.033654
0 0.539663 0.118990 0.016827 0.026442
0 0.567308 0.131010 0.019231 0.031250
0 0.236779 0.205529 0.026442 0.036058
0 0.287260 0.260817 0.036058 0.016827
0 0.289663 0.299279 0.036058 0.016827
0 0.288462 0.317308 0.038462 0.019231
0 0.271635 0.358173 0.038462 0.019231
0 0.271635 0.408654 0.033654 0.019231
0 0.269231 0.683894 0.038462 0.021635
0 0.207933 0.848558 0.031250 0.019231
0 0.197115 0.887019 0.043269 0.024038
0 0.912260 0.899038 0.036058 0.028846
0 0.770433 0.588942 0.040865 0.019231
0 0.776442 0.554087 0.033654 0.026442
0 0.927885 0.560096 0.043269 0.024038
0 0.939904 0.522837 0.028846 0.016827
0 0.929087 0.503606 0.036058 0.016827
0 0.793269 0.481971 0.038462 0.021635
0 0.942308 0.427885 0.033654 0.019231
0 0.943510 0.409856 0.031250 0.016827
0 0.806490 0.444712 0.036058 0.024038
0 0.828125 0.328125 0.040865 0.021635
0 0.818510 0.286058 0.031250 0.019231
0 0.798077 0.265625 0.033654 0.021635
0 0.789663 0.187500 0.040865 0.024038
0 0.421875 0.117788 0.021635 0.028846
0 0.217548 0.986779 0.036058 0.026442
0 0.991587 0.240385 0.016827 0.024038
