0 0.850000 0.330469 0.025000 0.017188
0 0.778125 0.705469 0.015625 0.060937
0 0.301563 0.954688 0.015625 0.021875
0 0.496875 0.500000 0.025000 0.012500
0 0.564063 0.607812 0.021875 0.006250
0 0.564844 0.614844 0.023438 0.007812
0 0.611719 0.487500 0.020313 0.009375
0 0.612500 0.496875 0.018750 0.009375
0 0.612500 0.506250 0.021875 0.009375
0 0.612500 0.527344 0.025000 0.010937
0 0.612500 0.535937 0.018750 0.006250
0 0.611719 0.543750 0.020313 0.009375
0 0.614844 0.551562 0.023438 0.009375
0 0.615625 0.560937 0.025000 0.006250
0 0.614062 0.568750 0.025000 0.006250
0 0.614062 0.578125 0.025000 0.009375
0 0.345313 0.691406 0.028125 0.014063
