0 0.015625 0.537260 0.026442 0.012019
0 0.093750 0.516827 0.038462 0.024038
0 0.133413 0.472356 0.036058 0.016827
0 0.246394 0.484375 0.031250 0.021635
0 0.066106 0.736779 0.031250 0.016827
0 0.067308 0.757212 0.033654 0.014423
0 0.066106 0.825721 0.031250 0.016827
0 0.143029 0.793269 0.031250 0.014423
0 0.144231 0.816106 0.038462 0.016827
0 0.159856 0.902644 0.036058 0.016827
0 0.183894 0.856971 0.031250 0.016827
0 0.140625 0.989183 0.021635 0.021635
0 0.276442 0.908654 0.028846 0.019231
0 0.114183 0.701923 0.026442 0.024038
0 0.396635 0.568510 0.028846 0.016827
