0 0.270313 0.300781 0.012500 0.020313
0 0.268750 0.325781 0.015625 0.023438
0 0.263281 0.360938 0.010937 0.021875
0 0.249219 0.401562 0.017188 0.021875
0 0.286719 0.303906 0.014063 0.017188
0 0.284375 0.327344 0.018750 0.020313
0 0.281250 0.355469 0.015625 0.020313
0 0.171094 0.420312 0.017188 0.015625
0 0.155469 0.440625 0.017188 0.021875
0 0.349219 0.391406 0.032813 0.017188
0 0.346875 0.403906 0.031250 0.010937
0 0.342969 0.411719 0.023438 0.010937
0 0.341406 0.420312 0.023438 0.009375
0 0.339844 0.426563 0.020313 0.009375
0 0.339844 0.438281 0.026562 0.014063
0 0.334375 0.457031 0.025000 0.010937
0 0.331250 0.468750 0.025000 0.012500
0 0.318750 0.485938 0.025000 0.012500
0 0.341406 0.488281 0.026562 0.014063
0 0.318750 0.507031 0.021875 0.010937
0 0.711719 0.807813 0.017188 0.025000
0 0.732812 0.857812 0.015625 0.025000
0 0.658594 0.914844 0.026562 0.014063
0 0.654687 0.931250 0.031250 0.012500
0 0.715625 0.948438 0.015625 0.018750
0 0.685156 0.959375 0.017188 0.025000
0 0.334375 0.908594 0.021875 0.017188
0 0.132812 0.885938 0.021875 0.015625
0 0.189844 0.918750 0.023438 0.015625
0 0.271094 0.949219 0.020313 0.017188
