0 0.428125 0.159375 0.031250 0.015625
0 0.743750 0.174219 0.031250 0.014063
0 0.785156 0.144531 0.026562 0.010937
0 0.885938 0.007031 0.012500 0.010937
0 0.878125 0.051562 0.012500 0.021875
0 0.656250 0.035156 0.028125 0.017188
0 0.632031 0.031250 0.026562 0.012500
0 0.627344 0.043750 0.029687 0.012500
0 0.622656 0.063281 0.026562 0.010937
0 0.621875 0.074219 0.031250 0.010937
0 0.623437 0.085938 0.028125 0.012500
0 0.563281 0.074219 0.029687 0.014063
0 0.557813 0.083594 0.021875 0.010937
0 0.558594 0.099219 0.035937 0.014063
0 0.131250 0.007031 0.028125 0.010937
0 0.131250 0.017188 0.025000 0.012500
0 0.124219 0.073438 0.032813 0.018750
0 0.193750 0.018750 0.034375 0.015625
0 0.219531 0.032031 0.026562 0.010937
0 0.217969 0.042188 0.026562 0.015625
0 0.221875 0.052344 0.028125 0.014063
0 0.192188 0.039844 0.021875 0.014063
0 0.190625 0.050781 0.025000 0.010937
0 0.216406 0.072656 0.026562 0.010937
0 0.188281 0.078906 0.029687 0.014063
