0 0.371094 0.031250 0.014063 0.018750
0 0.367969 0.050781 0.017188 0.014063
0 0.389062 0.033594 0.015625 0.017188
0 0.475000 0.033594 0.015625 0.020313
0 0.295312 0.351562 0.012500 0.015625
0 0.292187 0.389062 0.015625 0.025000
0 0.302344 0.391406 0.010937 0.017188
0 0.303125 0.407031 0.012500 0.017188
0 0.314063 0.407031 0.012500 0.017188
0 0.335156 0.410156 0.014063 0.017188
0 0.367188 0.446094 0.015625 0.020313
0 0.338281 0.444531 0.010937 0.017188
0 0.327344 0.445312 0.010937 0.018750
0 0.314844 0.445312 0.014063 0.018750
0 0.292187 0.465625 0.012500 0.021875
0 0.304688 0.463281 0.012500 0.017188
0 0.317188 0.463281 0.012500 0.017188
0 0.336719 0.462500 0.010937 0.018750
0 0.348438 0.464844 0.012500 0.020313
0 0.293750 0.500000 0.009375 0.012500
0 0.306250 0.501563 0.009375 0.015625
0 0.326562 0.503125 0.009375 0.018750
0 0.338281 0.503125 0.010937 0.018750
0 0.350781 0.500781 0.010937 0.017188
0 0.390625 0.503125 0.015625 0.021875
0 0.370312 0.516406 0.009375 0.020313
0 0.338281 0.519531 0.010937 0.017188
0 0.315625 0.517969 0.012500 0.017188
0 0.296875 0.519531 0.012500 0.017188
0 0.296094 0.557813 0.010937 0.018750
0 0.307812 0.557813 0.012500 0.015625
0 0.297656 0.612500 0.014063 0.021875
0 0.310156 0.685937 0.014063 0.018750
0 0.179688 0.742969 0.012500 0.017188
0 0.168750 0.742188 0.012500 0.018750
0 0.154688 0.740625 0.012500 0.018750
0 0.075000 0.780469 0.012500 0.020313
0 0.085156 0.780469 0.010937 0.020313
0 0.096094 0.782031 0.010937 0.017188
0 0.105469 0.782031 0.010937 0.017188
0 0.115625 0.781250 0.009375 0.018750
0 0.126562 0.783594 0.012500 0.017188
0 0.136719 0.782813 0.010937 0.015625
0 0.147656 0.782031 0.010937 0.017188
0 0.158594 0.781250 0.010937 0.015625
0 0.170313 0.782813 0.012500 0.018750
0 0.128906 0.801562 0.010937 0.012500
0 0.115625 0.800000 0.009375 0.015625
0 0.085156 0.800000 0.014063 0.015625
0 0.025000 0.753906 0.018750 0.007812
0 0.024219 0.768750 0.020313 0.009375
0 0.021094 0.785156 0.026562 0.010937
0 0.025781 0.830469 0.023438 0.010937
0 0.046875 0.842969 0.018750 0.023438
0 0.699219 0.479687 0.020313 0.021875
