0 0.627344 0.145313 0.020313 0.018750
0 0.718750 0.165625 0.021875 0.028125
0 0.667969 0.337500 0.035937 0.018750
0 0.809375 0.300000 0.028125 0.025000
0 0.271094 0.378125 0.035937 0.018750
0 0.333594 0.490625 0.026562 0.021875
0 0.410938 0.489844 0.031250 0.023438
0 0.564063 0.564844 0.028125 0.023438
0 0.456250 0.581250 0.025000 0.018750
0 0.192188 0.700000 0.028125 0.021875
0 0.214844 0.740625 0.029687 0.018750
0 0.231250 0.782813 0.028125 0.018750
0 0.259375 0.825000 0.028125 0.018750
0 0.268750 0.858594 0.031250 0.014063
0 0.325000 0.756250 0.025000 0.018750
0 0.340625 0.790625 0.025000 0.012500
0 0.356250 0.818750 0.028125 0.015625
0 0.376563 0.855469 0.028125 0.017188
0 0.403125 0.750000 0.028125 0.018750
0 0.428125 0.787500 0.034375 0.012500
0 0.442188 0.821875 0.031250 0.015625
0 0.977344 0.255469 0.023438 0.010937
0 0.978125 0.205469 0.034375 0.014063
0 0.980469 0.187500 0.026562 0.009375
0 0.978125 0.170313 0.025000 0.012500
0 0.934375 0.156250 0.028125 0.012500
0 0.865625 0.052344 0.025000 0.010937
0 0.865625 0.040625 0.025000 0.009375
0 0.865625 0.033594 0.025000 0.010937
0 0.865625 0.024219 0.025000 0.007812
0 0.868750 0.015625 0.028125 0.012500
0 0.928125 0.061719 0.028125 0.010937
0 0.921875 0.050000 0.028125 0.006250
0 0.921875 0.042188 0.028125 0.009375
0 0.924219 0.033594 0.032813 0.010937
0 0.915625 0.014063 0.025000 0.012500
