0 0.034375 0.068750 0.034375 0.018750
0 0.142969 0.018750 0.029687 0.015625
0 0.134375 0.005469 0.028125 0.007812
0 0.356250 0.333594 0.031250 0.020313
0 0.367188 0.345313 0.028125 0.012500
0 0.368750 0.356250 0.025000 0.015625
0 0.321094 0.371875 0.020313 0.025000
0 0.603125 0.250000 0.028125 0.028125
0 0.939844 0.925000 0.035937 0.021875
0 0.946875 0.949219 0.028125 0.014063
0 0.956250 0.970313 0.028125 0.015625
0 0.964063 0.987500 0.025000 0.015625
0 0.853125 0.993750 0.021875 0.009375
0 0.833594 0.995313 0.023438 0.009375
0 0.806250 0.993750 0.025000 0.009375
0 0.350000 0.449219 0.028125 0.032813
0 0.336719 0.415625 0.026562 0.040625
