0 0.675781 0.046875 0.020313 0.012500
0 0.708594 0.105469 0.014063 0.020313
0 0.719531 0.113281 0.010937 0.017188
0 0.932031 0.307031 0.020313 0.010937
0 0.308594 0.526563 0.029687 0.015625
0 0.699219 0.457813 0.026562 0.018750
0 0.721094 0.451562 0.020313 0.018750
0 0.739062 0.439063 0.021875 0.015625
0 0.746875 0.430469 0.021875 0.010937
0 0.760156 0.417969 0.023438 0.014063
0 0.765625 0.408594 0.025000 0.007812
0 0.771875 0.399219 0.021875 0.010937
0 0.770312 0.391406 0.021875 0.010937
0 0.775781 0.382812 0.023438 0.009375
0 0.774219 0.373437 0.026562 0.009375
0 0.774219 0.363281 0.023438 0.010937
0 0.772656 0.353125 0.017188 0.012500
0 0.765625 0.342969 0.015625 0.014063
0 0.754687 0.336719 0.015625 0.017188
0 0.742188 0.332031 0.009375 0.017188
0 0.733594 0.329688 0.010937 0.015625
0 0.719531 0.324219 0.010937 0.020313
0 0.707812 0.322656 0.009375 0.017188
0 0.697656 0.324219 0.010937 0.020313
0 0.683594 0.327344 0.014063 0.020313
0 0.670312 0.325781 0.009375 0.017188
0 0.658594 0.328906 0.014063 0.017188
0 0.647656 0.332813 0.014063 0.015625
0 0.637500 0.338281 0.018750 0.017188
0 0.585938 0.373437 0.025000 0.012500
0 0.580469 0.382031 0.023438 0.010937
0 0.575000 0.392188 0.018750 0.009375
0 0.571094 0.402344 0.023438 0.007812
0 0.565625 0.409375 0.021875 0.009375
0 0.567969 0.418750 0.020313 0.009375
0 0.568750 0.427344 0.021875 0.007812
0 0.699219 0.366406 0.014063 0.017188
0 0.685156 0.370312 0.010937 0.018750
0 0.675000 0.367188 0.009375 0.018750
0 0.665625 0.371875 0.012500 0.015625
0 0.656250 0.375000 0.009375 0.015625
0 0.646094 0.379688 0.014063 0.015625
0 0.639062 0.387500 0.018750 0.015625
0 0.632031 0.396094 0.014063 0.014063
0 0.629687 0.404687 0.018750 0.015625
0 0.690625 0.388281 0.015625 0.010937
0 0.646875 0.428906 0.015625 0.020313
0 0.659375 0.426563 0.012500 0.015625
0 0.670312 0.425781 0.012500 0.020313
0 0.680469 0.421094 0.014063 0.020313
0 0.689063 0.417969 0.015625 0.017188
0 0.698438 0.410938 0.018750 0.015625
0 0.703906 0.403906 0.017188 0.014063
0 0.710156 0.397656 0.017188 0.014063
0 0.716406 0.389062 0.023438 0.015625
0 0.654687 0.696094 0.012500 0.017188
0 0.676562 0.694531 0.009375 0.014063
0 0.685937 0.734375 0.015625 0.018750
0 0.721094 0.700781 0.020313 0.010937
0 0.790625 0.659375 0.025000 0.012500
0 0.259375 0.450781 0.015625 0.023438
