0 0.004687 0.204687 0.006250 0.015625
0 0.012500 0.204687 0.009375 0.015625
0 0.021094 0.204687 0.010937 0.018750
0 0.034375 0.207031 0.009375 0.017188
0 0.045312 0.207813 0.009375 0.018750
0 0.055469 0.208594 0.010937 0.020313
0 0.065625 0.208594 0.009375 0.020313
0 0.075781 0.210156 0.014063 0.020313
0 0.089844 0.210156 0.014063 0.023438
0 0.110937 0.211719 0.015625 0.020313
0 0.132031 0.212500 0.014063 0.021875
0 0.146094 0.211719 0.010937 0.020313
0 0.167969 0.215625 0.014063 0.021875
0 0.361719 0.216406 0.017188 0.020313
0 0.385937 0.210156 0.018750 0.020313
0 0.398438 0.203906 0.018750 0.020313
0 0.404687 0.199219 0.018750 0.017188
0 0.441406 0.181250 0.017188 0.021875
0 0.450000 0.174219 0.021875 0.020313
0 0.461719 0.167187 0.020313 0.015625
0 0.476562 0.157031 0.018750 0.020313
0 0.489844 0.150781 0.020313 0.020313
0 0.017969 0.248438 0.010937 0.021875
0 0.028125 0.247656 0.012500 0.020313
0 0.038281 0.247656 0.010937 0.023438
0 0.073438 0.250781 0.012500 0.020313
0 0.085156 0.250000 0.010937 0.021875
0 0.119531 0.252344 0.014063 0.020313
0 0.228125 0.259375 0.012500 0.018750
0 0.242188 0.258594 0.012500 0.020313
0 0.364844 0.260937 0.014063 0.018750
0 0.375781 0.260156 0.014063 0.020313
0 0.388281 0.256250 0.014063 0.021875
0 0.400000 0.253125 0.015625 0.018750
0 0.412500 0.247656 0.015625 0.020313
0 0.432031 0.238281 0.020313 0.020313
0 0.480469 0.213281 0.020313 0.017188
0 0.603125 0.139063 0.018750 0.018750
0 0.612500 0.132031 0.018750 0.020313
0 0.621094 0.128125 0.020313 0.021875
0 0.631250 0.123438 0.021875 0.021875
0 0.611719 0.289844 0.023438 0.010937
0 0.611719 0.298438 0.026562 0.009375
0 0.610938 0.307031 0.025000 0.010937
0 0.603906 0.332813 0.026562 0.012500
0 0.603906 0.346875 0.026562 0.012500
0 0.602344 0.357031 0.023438 0.010937
0 0.601562 0.374219 0.025000 0.010937
0 0.307812 0.410156 0.025000 0.010937
0 0.261719 0.362500 0.026562 0.012500
0 0.258594 0.380469 0.023438 0.010937
0 0.259375 0.390625 0.025000 0.009375
0 0.256250 0.405469 0.025000 0.010937
0 0.121094 0.540625 0.014063 0.018750
0 0.107031 0.539062 0.010937 0.018750
0 0.079687 0.538281 0.012500 0.017188
0 0.067187 0.537500 0.012500 0.015625
0 0.054688 0.536719 0.012500 0.017188
0 0.021875 0.535937 0.012500 0.018750
0 0.004687 0.536719 0.006250 0.017188
0 0.078125 0.583594 0.012500 0.023438
0 0.089844 0.582812 0.014063 0.021875
0 0.101562 0.582812 0.009375 0.021875
0 0.113281 0.582812 0.010937 0.018750
0 0.134375 0.585938 0.009375 0.021875
0 0.123438 0.582812 0.009375 0.021875
0 0.024219 0.612500 0.023438 0.009375
0 0.037500 0.671875 0.012500 0.018750
0 0.050000 0.671875 0.009375 0.015625
0 0.071094 0.675000 0.014063 0.018750
0 0.084375 0.675000 0.009375 0.018750
0 0.094531 0.676562 0.010937 0.018750
0 0.126562 0.718750 0.015625 0.018750
0 0.114844 0.718750 0.010937 0.018750
0 0.094531 0.717187 0.010937 0.018750
0 0.080469 0.716406 0.014063 0.017188
0 0.064062 0.714844 0.012500 0.020313
0 0.051562 0.714063 0.009375 0.021875
0 0.035156 0.711719 0.014063 0.020313
0 0.010156 0.712500 0.010937 0.021875
0 0.810156 0.246094 0.017188 0.020313
0 0.845313 0.254688 0.015625 0.021875
0 0.867969 0.258594 0.014063 0.017188
0 0.900000 0.265625 0.015625 0.025000
0 0.869531 0.485938 0.023438 0.018750
0 0.945312 0.420312 0.025000 0.015625
0 0.410156 0.931250 0.020313 0.025000
