0 0.103125 0.198437 0.028125 0.015625
0 0.530469 0.048438 0.026562 0.015625
0 0.600781 0.049219 0.029687 0.014063
0 0.724219 0.034375 0.029687 0.012500
0 0.660937 0.065625 0.028125 0.018750
0 0.759375 0.128125 0.028125 0.012500
0 0.732031 0.132812 0.026562 0.018750
0 0.658594 0.179688 0.032813 0.021875
0 0.692187 0.239063 0.031250 0.018750
0 0.728125 0.264062 0.012500 0.025000
0 0.742188 0.277344 0.012500 0.017188
0 0.810156 0.270313 0.014063 0.021875
0 0.824219 0.274219 0.014063 0.023438
0 0.843750 0.277344 0.015625 0.023438
0 0.857031 0.259375 0.017188 0.025000
0 0.480469 0.274219 0.017188 0.023438
0 0.440625 0.267188 0.012500 0.025000
0 0.395313 0.267188 0.012500 0.018750
0 0.340625 0.275000 0.034375 0.015625
0 0.341406 0.285938 0.032813 0.015625
0 0.342969 0.314063 0.026562 0.012500
0 0.337500 0.346094 0.021875 0.014063
0 0.335938 0.375000 0.025000 0.012500
0 0.339844 0.388281 0.017188 0.010937
0 0.521875 0.314844 0.028125 0.014063
0 0.519531 0.336719 0.032813 0.014063
0 0.517188 0.347656 0.028125 0.010937
0 0.513281 0.385937 0.032813 0.015625
0 0.523438 0.408594 0.031250 0.014063
0 0.189062 0.456250 0.018750 0.018750
0 0.136719 0.450781 0.010937 0.017188
0 0.125000 0.449219 0.012500 0.017188
0 0.105469 0.448437 0.010937 0.018750
0 0.089844 0.449219 0.014063 0.020313
0 0.066406 0.491406 0.026562 0.014063
0 0.113281 0.515625 0.014063 0.018750
0 0.194531 0.520312 0.017188 0.018750
0 0.208594 0.522656 0.014063 0.020313
0 0.227344 0.523438 0.014063 0.021875
0 0.242969 0.524219 0.014063 0.020313
0 0.663281 0.478906 0.017188 0.023438
0 0.607812 0.546094 0.015625 0.023438
0 0.756250 0.554688 0.012500 0.025000
0 0.371875 0.578906 0.028125 0.010937
0 0.357031 0.599219 0.023438 0.010937
0 0.368750 0.608594 0.025000 0.010937
0 0.400781 0.619531 0.014063 0.020313
0 0.457813 0.629687 0.028125 0.012500
0 0.460156 0.657031 0.026562 0.010937
0 0.459375 0.668750 0.034375 0.012500
0 0.357031 0.664062 0.029687 0.012500
0 0.371875 0.675000 0.028125 0.009375
0 0.442188 0.750781 0.031250 0.014063
0 0.367188 0.745313 0.028125 0.012500
0 0.339844 0.786719 0.029687 0.010937
0 0.342969 0.807813 0.026562 0.012500
0 0.441406 0.779687 0.032813 0.012500
0 0.103125 0.830469 0.034375 0.017188
0 0.721094 0.825781 0.014063 0.023438
0 0.707812 0.968750 0.028125 0.012500
0 0.716406 0.980469 0.026562 0.010937
0 0.966406 0.560156 0.014063 0.020313
0 0.993750 0.560937 0.012500 0.021875
0 0.878906 0.824219 0.017188 0.020313
0 0.959375 0.849219 0.025000 0.026562
