0 0.465625 0.364844 0.031250 0.014063
0 0.464844 0.378125 0.029687 0.012500
0 0.508594 0.453125 0.017188 0.025000
0 0.518750 0.460938 0.018750 0.021875
0 0.328906 0.857812 0.026562 0.012500
0 0.329688 0.844531 0.031250 0.014063
0 0.331250 0.832812 0.028125 0.012500
0 0.337500 0.821094 0.031250 0.010937
0 0.342969 0.808594 0.026562 0.010937
0 0.355469 0.798438 0.035937 0.018750
0 0.430469 0.746094 0.026562 0.020313
0 0.442969 0.737500 0.023438 0.021875
0 0.459375 0.738281 0.018750 0.017188
0 0.475000 0.736719 0.018750 0.023438
0 0.490625 0.732812 0.021875 0.021875
0 0.504687 0.733594 0.021875 0.023438
0 0.521094 0.734375 0.020313 0.025000
0 0.550781 0.742188 0.014063 0.021875
0 0.563281 0.751563 0.014063 0.021875
0 0.576562 0.758594 0.021875 0.020313
0 0.582812 0.771094 0.021875 0.017188
0 0.587500 0.784375 0.025000 0.015625
0 0.593750 0.794531 0.028125 0.017188
0 0.593750 0.807813 0.028125 0.015625
0 0.585156 0.830469 0.029687 0.010937
0 0.579688 0.842187 0.025000 0.012500
0 0.571875 0.852344 0.025000 0.014063
0 0.563281 0.862500 0.026562 0.012500
0 0.546094 0.878125 0.023438 0.015625
0 0.540625 0.888281 0.025000 0.017188
0 0.524219 0.896094 0.026562 0.017188
0 0.456250 0.920312 0.021875 0.021875
0 0.442969 0.921875 0.020313 0.025000
0 0.496094 0.789844 0.020313 0.020313
0 0.480469 0.790625 0.014063 0.021875
0 0.468750 0.789062 0.015625 0.021875
0 0.453125 0.795312 0.015625 0.021875
0 0.442969 0.799219 0.014063 0.020313
0 0.428906 0.805469 0.017188 0.020313
0 0.422656 0.817187 0.020313 0.025000
0 0.409375 0.837500 0.028125 0.021875
0 0.432031 0.867188 0.020313 0.021875
0 0.449219 0.866406 0.014063 0.023438
0 0.475000 0.858594 0.015625 0.020313
0 0.498437 0.843750 0.021875 0.021875
0 0.509375 0.836719 0.021875 0.020313
0 0.515625 0.828906 0.021875 0.020313
0 0.525000 0.821094 0.021875 0.017188
0 0.548438 0.825781 0.028125 0.029687
