0 0.364844 0.437500 0.020313 0.028125
0 0.341406 0.650000 0.020313 0.031250
0 0.535156 0.897656 0.014063 0.020313
0 0.550000 0.898438 0.015625 0.018750
0 0.583594 0.896875 0.017188 0.025000
0 0.633594 0.900000 0.017188 0.021875
0 0.521094 0.942187 0.017188 0.021875
0 0.535937 0.945312 0.012500 0.025000
0 0.575000 0.946875 0.015625 0.025000
0 0.591406 0.948438 0.014063 0.021875
0 0.602344 0.947656 0.014063 0.023438
0 0.614062 0.950000 0.015625 0.021875
0 0.628906 0.953906 0.014063 0.020313
0 0.640625 0.953125 0.012500 0.025000
0 0.652344 0.952344 0.017188 0.026562
0 0.675000 0.953125 0.015625 0.025000
0 0.689844 0.954688 0.010937 0.021875
0 0.717969 0.957812 0.014063 0.025000
0 0.735156 0.957812 0.017188 0.028125
