0 0.064062 0.417969 0.025000 0.014063
0 0.437500 0.468750 0.025000 0.015625
0 0.871875 0.278906 0.025000 0.017188
0 0.984375 0.242188 0.031250 0.018750
0 0.793750 0.386719 0.028125 0.020313
0 0.782813 0.403906 0.025000 0.017188
0 0.674219 0.632812 0.020313 0.009375
0 0.667188 0.653125 0.021875 0.012500
0 0.662500 0.668750 0.015625 0.012500
0 0.661719 0.678906 0.020313 0.010937
0 0.636719 0.751563 0.017188 0.012500
0 0.628125 0.776563 0.021875 0.015625
0 0.625000 0.788281 0.018750 0.010937
0 0.623437 0.811719 0.021875 0.007812
0 0.624219 0.820312 0.026562 0.009375
0 0.640625 0.931250 0.021875 0.012500
0 0.643750 0.942187 0.018750 0.012500
0 0.649219 0.949219 0.023438 0.010937
0 0.655469 0.964844 0.020313 0.014063
0 0.663281 0.973437 0.014063 0.012500
0 0.712500 0.713281 0.025000 0.014063
0 0.704688 0.729688 0.021875 0.012500
0 0.698438 0.738281 0.018750 0.007812
0 0.696094 0.746094 0.017188 0.010937
0 0.693750 0.753125 0.015625 0.009375
0 0.689063 0.764844 0.021875 0.010937
0 0.682813 0.773438 0.021875 0.012500
0 0.679688 0.787500 0.018750 0.012500
0 0.679688 0.813281 0.025000 0.007812
0 0.684375 0.824219 0.025000 0.010937
0 0.682813 0.847656 0.021875 0.010937
0 0.686719 0.865625 0.023438 0.009375
0 0.685156 0.875000 0.023438 0.009375
0 0.686719 0.885938 0.020313 0.009375
0 0.699219 0.929688 0.023438 0.012500
0 0.707812 0.941406 0.018750 0.010937
0 0.717969 0.960156 0.023438 0.014063
0 0.725000 0.971875 0.018750 0.009375
0 0.734375 0.984375 0.028125 0.015625
0 0.788281 0.656250 0.014063 0.025000
0 0.803125 0.659375 0.012500 0.021875
0 0.907031 0.608594 0.017188 0.023438
0 0.932813 0.651563 0.015625 0.018750
0 0.944531 0.652344 0.014063 0.017188
