0 0.203906 0.033594 0.035937 0.029687
0 0.085156 0.176563 0.032813 0.012500
0 0.200000 0.167969 0.021875 0.014063
0 0.282813 0.202344 0.028125 0.014063
0 0.076563 0.421094 0.028125 0.014063
0 0.240625 0.395313 0.028125 0.015625
0 0.092188 0.435156 0.031250 0.010937
0 0.107031 0.532813 0.032813 0.015625
0 0.318750 0.828125 0.025000 0.025000
0 0.399219 0.786719 0.023438 0.023438
0 0.403906 0.842969 0.023438 0.023438
0 0.425000 0.876563 0.028125 0.025000
0 0.678906 0.865625 0.023438 0.015625
0 0.691406 0.875781 0.023438 0.014063
