0 0.458594 0.115625 0.029687 0.009375
0 0.636719 0.309375 0.023438 0.015625
0 0.546875 0.349219 0.025000 0.014063
0 0.543750 0.367188 0.021875 0.009375
0 0.803125 0.465625 0.021875 0.025000
0 0.896875 0.237500 0.021875 0.015625
0 0.483594 0.739062 0.010937 0.021875
0 0.471875 0.740625 0.009375 0.021875
0 0.460938 0.740625 0.012500 0.018750
0 0.442969 0.739844 0.014063 0.023438
0 0.428125 0.739844 0.015625 0.023438
0 0.434375 0.775000 0.012500 0.021875
0 0.459375 0.771875 0.015625 0.018750
0 0.471094 0.773438 0.010937 0.015625
0 0.481250 0.774219 0.009375 0.017188
0 0.354687 0.871875 0.009375 0.018750
0 0.335938 0.856250 0.012500 0.018750
0 0.321875 0.858594 0.009375 0.017188
0 0.303125 0.856250 0.009375 0.015625
0 0.331250 0.911719 0.009375 0.020313
0 0.360938 0.908594 0.012500 0.020313
0 0.359375 0.928125 0.021875 0.009375
0 0.371875 0.934375 0.021875 0.009375
0 0.371875 0.942969 0.021875 0.007812
0 0.290625 0.921875 0.021875 0.015625
0 0.318750 0.914844 0.009375 0.017188
0 0.306250 0.907813 0.012500 0.018750
0 0.306250 0.934375 0.015625 0.015625
0 0.283594 0.931250 0.020313 0.006250
0 0.284375 0.939844 0.021875 0.007812
0 0.283594 0.946875 0.020313 0.006250
0 0.284375 0.955469 0.021875 0.007812
0 0.283594 0.965625 0.020313 0.009375
0 0.281250 0.978125 0.021875 0.006250
0 0.280469 0.987500 0.023438 0.006250
0 0.278125 0.996875 0.025000 0.006250
0 0.325000 0.990625 0.025000 0.009375
0 0.233594 0.942969 0.020313 0.014063
0 0.179688 0.992188 0.021875 0.009375
0 0.090625 0.934375 0.021875 0.009375
0 0.089063 0.943750 0.021875 0.009375
0 0.083594 0.958594 0.023438 0.007812
0 0.081250 0.965625 0.018750 0.006250
0 0.078125 0.975000 0.018750 0.009375
0 0.081250 0.984375 0.018750 0.006250
0 0.080469 0.990625 0.020313 0.006250
0 0.081250 0.996875 0.018750 0.003125
0 0.037500 0.921875 0.021875 0.006250
0 0.036719 0.931250 0.020313 0.006250
0 0.036719 0.939844 0.023438 0.007812
0 0.034375 0.948438 0.021875 0.006250
0 0.034375 0.964844 0.021875 0.007812
0 0.036719 0.971875 0.020313 0.009375
0 0.033594 0.980469 0.020313 0.014063
0 0.031250 0.996875 0.018750 0.006250
0 0.227344 0.992969 0.023438 0.010937
0 0.290625 0.882031 0.018750 0.020313
0 0.946875 0.937500 0.025000 0.021875
0 0.930469 0.941406 0.020313 0.014063
0 0.821875 0.975781 0.025000 0.014063
