0 0.212500 0.581250 0.028125 0.012500
0 0.223438 0.621875 0.031250 0.012500
0 0.326562 0.614062 0.015625 0.012500
0 0.743750 0.598437 0.028125 0.015625
0 0.901563 0.771875 0.015625 0.025000
0 0.995313 0.777344 0.009375 0.023438
0 0.603906 0.756250 0.017188 0.021875
0 0.575781 0.753906 0.017188 0.017188
0 0.263281 0.740625 0.017188 0.021875
0 0.235937 0.739844 0.015625 0.020313
0 0.142969 0.734375 0.014063 0.025000
0 0.128125 0.732031 0.018750 0.020313
0 0.394531 0.847656 0.026562 0.014063
0 0.394531 0.861719 0.023438 0.014063
0 0.465625 0.835156 0.037500 0.014063
