0 0.256250 0.052344 0.015625 0.026562
0 0.283594 0.054688 0.017188 0.021875
0 0.296875 0.054688 0.009375 0.025000
0 0.309375 0.056250 0.015625 0.025000
0 0.327344 0.055469 0.017188 0.023438
0 0.343750 0.054688 0.009375 0.021875
0 0.356250 0.057813 0.012500 0.025000
0 0.305469 0.109375 0.026562 0.012500
0 0.303125 0.120313 0.025000 0.009375
0 0.302344 0.130469 0.020313 0.007812
0 0.303125 0.139063 0.025000 0.009375
0 0.304688 0.175000 0.025000 0.009375
0 0.396094 0.127344 0.026562 0.010937
0 0.395313 0.140625 0.028125 0.009375
0 0.396875 0.156250 0.028125 0.009375
0 0.396875 0.184375 0.028125 0.018750
0 0.233594 0.139063 0.026562 0.009375
0 0.234375 0.174219 0.031250 0.014063
0 0.233594 0.192188 0.032813 0.015625
0 0.228125 0.209375 0.028125 0.009375
0 0.270313 0.237500 0.018750 0.025000
0 0.615625 0.237500 0.028125 0.018750
0 0.965625 0.231250 0.021875 0.018750
0 0.752344 0.690625 0.026562 0.018750
0 0.696875 0.612500 0.021875 0.009375
0 0.698438 0.621875 0.025000 0.015625
0 0.696094 0.675000 0.029687 0.012500
0 0.715625 0.737500 0.018750 0.025000
0 0.693750 0.720313 0.018750 0.021875
0 0.664844 0.723437 0.017188 0.025000
0 0.611719 0.620313 0.014063 0.021875
0 0.596875 0.623437 0.018750 0.025000
0 0.584375 0.626563 0.018750 0.021875
0 0.561719 0.626563 0.017188 0.021875
0 0.537500 0.630469 0.018750 0.023438
0 0.503125 0.636719 0.015625 0.020313
0 0.481250 0.639062 0.018750 0.025000
0 0.595313 0.671875 0.015625 0.025000
0 0.580469 0.671875 0.014063 0.025000
0 0.568750 0.674219 0.012500 0.026562
0 0.555469 0.675000 0.010937 0.021875
0 0.530469 0.677344 0.020313 0.023438
0 0.353125 0.430469 0.015625 0.026562
0 0.337500 0.430469 0.015625 0.026562
0 0.292187 0.433594 0.015625 0.026562
0 0.281250 0.436719 0.015625 0.023438
0 0.289844 0.285938 0.029687 0.012500
0 0.243750 0.293750 0.025000 0.009375
0 0.254688 0.302344 0.028125 0.010937
0 0.225000 0.307812 0.028125 0.009375
0 0.209375 0.299219 0.018750 0.010937
0 0.193750 0.317188 0.025000 0.018750
0 0.109375 0.246094 0.015625 0.023438
0 0.125000 0.259375 0.018750 0.021875
0 0.059375 0.246094 0.025000 0.014063
0 0.121875 0.328125 0.018750 0.025000
0 0.105469 0.331250 0.014063 0.025000
0 0.134375 0.387500 0.018750 0.021875
0 0.121094 0.428125 0.020313 0.025000
0 0.123438 0.478125 0.015625 0.021875
0 0.125000 0.537500 0.015625 0.025000
0 0.174219 0.537500 0.017188 0.025000
0 0.014844 0.346875 0.026562 0.009375
0 0.014844 0.334375 0.026562 0.015625
0 0.014844 0.361719 0.017188 0.010937
0 0.048438 0.406250 0.018750 0.018750
0 0.036719 0.412500 0.020313 0.015625
0 0.028125 0.423438 0.021875 0.018750
0 0.011719 0.484375 0.020313 0.018750
0 0.134375 0.603125 0.018750 0.021875
0 0.140625 0.678125 0.025000 0.025000
0 0.224219 0.735938 0.020313 0.021875
0 0.254688 0.800000 0.021875 0.025000
0 0.510938 0.024219 0.018750 0.017188
