0 0.632812 0.119531 0.031250 0.017188
0 0.126562 0.115625 0.031250 0.015625
0 0.355469 0.209375 0.020313 0.021875
0 0.384375 0.264062 0.021875 0.025000
0 0.459375 0.380469 0.021875 0.023438
0 0.510156 0.471875 0.020313 0.028125
0 0.567187 0.552344 0.018750 0.020313
0 0.636719 0.647656 0.026562 0.026562
0 0.682813 0.531250 0.025000 0.028125
0 0.700781 0.528906 0.017188 0.023438
0 0.812500 0.533594 0.021875 0.032813
0 0.857031 0.537500 0.023438 0.031250
0 0.870313 0.537500 0.012500 0.028125
0 0.878906 0.538281 0.017188 0.026562
0 0.892969 0.540625 0.014063 0.028125
0 0.910937 0.542188 0.018750 0.028125
0 0.935937 0.550781 0.018750 0.026562
0 0.928906 0.714063 0.026562 0.031250
0 0.919531 0.925000 0.029687 0.021875
