0 0.325721 0.568510 0.021635 0.031250
0 0.388221 0.568510 0.021635 0.040865
0 0.412260 0.580529 0.016827 0.031250
0 0.427885 0.580529 0.019231 0.031250
0 0.443510 0.581731 0.021635 0.033654
0 0.471154 0.584135 0.019231 0.033654
0 0.504808 0.599760 0.024038 0.036058
0 0.409856 0.721154 0.026442 0.019231
0 0.491587 0.835337 0.026442 0.031250
0 0.709135 0.633413 0.019231 0.021635
0 0.737981 0.641827 0.019231 0.028846
0 0.800481 0.647837 0.024038 0.031250
0 0.834135 0.968750 0.038462 0.024038
0 0.834135 0.986779 0.033654 0.016827
0 0.158654 0.847356 0.033654 0.026442
0 0.131010 0.569712 0.031250 0.038462
0 0.157452 0.563702 0.026442 0.040865
0 0.417067 0.675481 0.021635 0.028846
0 0.411058 0.782452 0.033654 0.016827
