0 0.414844 0.193750 0.051562 0.021875
0 0.640625 0.028906 0.028125 0.020313
0 0.459375 0.195312 0.028125 0.018750
0 0.595313 0.222656 0.031250 0.017188
0 0.932031 0.202344 0.023438 0.032813
0 0.965625 0.274219 0.025000 0.026562
0 0.992188 0.278906 0.015625 0.020313
0 0.739844 0.347656 0.026562 0.014063
0 0.738281 0.389062 0.020313 0.018750
0 0.659375 0.428125 0.018750 0.028125
0 0.615625 0.417969 0.015625 0.023438
0 0.566406 0.296094 0.029687 0.017188
0 0.550000 0.335156 0.028125 0.017188
0 0.545312 0.346875 0.037500 0.015625
0 0.549219 0.372656 0.032813 0.017188
0 0.383594 0.235937 0.020313 0.028125
0 0.328906 0.228125 0.026562 0.025000
0 0.242188 0.229687 0.018750 0.021875
0 0.145313 0.217969 0.018750 0.026562
0 0.107031 0.217969 0.023438 0.029687
0 0.034375 0.507031 0.025000 0.026562
0 0.060937 0.551562 0.034375 0.015625
0 0.022656 0.571094 0.020313 0.026562
0 0.007031 0.573438 0.010937 0.031250
0 0.143750 0.499219 0.028125 0.023438
0 0.211719 0.460156 0.029687 0.029687
0 0.289062 0.448437 0.025000 0.015625
0 0.305469 0.468750 0.035937 0.018750
0 0.335938 0.497656 0.028125 0.017188
0 0.167187 0.597656 0.031250 0.017188
0 0.169531 0.611719 0.032813 0.017188
0 0.172656 0.662500 0.029687 0.015625
0 0.184375 0.671094 0.028125 0.017188
0 0.190625 0.702344 0.034375 0.020313
0 0.177344 0.778125 0.020313 0.009375
0 0.171875 0.803125 0.028125 0.015625
0 0.160938 0.848437 0.034375 0.015625
0 0.155469 0.873437 0.026562 0.012500
0 0.349219 0.575781 0.029687 0.026562
0 0.335156 0.582031 0.029687 0.020313
0 0.329688 0.596875 0.034375 0.021875
0 0.300781 0.633594 0.032813 0.023438
0 0.279687 0.657031 0.021875 0.020313
0 0.275781 0.669531 0.023438 0.020313
0 0.218750 0.546875 0.015625 0.018750
0 0.271094 0.752344 0.029687 0.014063
0 0.267188 0.767188 0.025000 0.018750
0 0.262500 0.817187 0.028125 0.018750
0 0.264844 0.827344 0.026562 0.010937
0 0.259375 0.854688 0.031250 0.015625
0 0.785156 0.590625 0.029687 0.021875
0 0.815625 0.602344 0.018750 0.020313
0 0.916406 0.713281 0.020313 0.020313
0 0.930469 0.719531 0.026562 0.020313
0 0.940625 0.728906 0.028125 0.026562
0 0.944531 0.817187 0.029687 0.021875
0 0.887500 0.778125 0.025000 0.018750
0 0.877344 0.770312 0.020313 0.018750
0 0.855469 0.758594 0.023438 0.020313
0 0.842187 0.748437 0.018750 0.018750
0 0.768750 0.761719 0.028125 0.026562
0 0.689063 0.722656 0.025000 0.026562
0 0.641406 0.662500 0.023438 0.021875
0 0.677344 0.635156 0.029687 0.020313
0 0.728125 0.592969 0.018750 0.020313
0 0.628906 0.878906 0.029687 0.014063
0 0.644531 0.916406 0.029687 0.017188
0 0.676562 0.955469 0.028125 0.017188
0 0.684375 0.974219 0.028125 0.014063
0 0.690625 0.989062 0.028125 0.012500
0 0.541406 0.870313 0.017188 0.015625
0 0.531250 0.877344 0.018750 0.023438
0 0.503125 0.896094 0.015625 0.023438
0 0.461719 0.910156 0.020313 0.023438
0 0.446094 0.948438 0.029687 0.015625
0 0.457031 0.959375 0.023438 0.015625
0 0.458594 0.970313 0.023438 0.018750
