0 0.337500 0.110156 0.018750 0.014063
0 0.317188 0.107813 0.018750 0.012500
0 0.313281 0.116406 0.026562 0.010937
0 0.311719 0.126562 0.020313 0.006250
0 0.311719 0.132812 0.026562 0.006250
0 0.310937 0.139844 0.025000 0.007812
0 0.312500 0.147656 0.018750 0.007812
0 0.263281 0.138281 0.023438 0.010937
0 0.262500 0.146094 0.021875 0.010937
0 0.260156 0.160938 0.023438 0.012500
0 0.437500 0.196875 0.018750 0.009375
0 0.361719 0.217969 0.026562 0.010937
0 0.407813 0.221094 0.031250 0.017188
0 0.521094 0.024219 0.017188 0.020313
0 0.514062 0.083594 0.018750 0.023438
0 0.511719 0.103906 0.014063 0.017188
0 0.507031 0.124219 0.014063 0.020313
0 0.546094 0.053125 0.014063 0.015625
0 0.566406 0.091406 0.023438 0.014063
0 0.767969 0.193750 0.014063 0.021875
0 0.780469 0.193750 0.010937 0.028125
0 0.792188 0.199219 0.012500 0.020313
0 0.834375 0.192969 0.012500 0.020313
0 0.953125 0.175000 0.012500 0.021875
0 0.964063 0.177344 0.012500 0.020313
0 0.776563 0.317969 0.021875 0.026562
0 0.667188 0.236719 0.028125 0.010937
0 0.718750 0.239063 0.018750 0.009375
0 0.598437 0.233594 0.018750 0.010937
0 0.763281 0.492969 0.017188 0.023438
0 0.759375 0.535937 0.015625 0.018750
0 0.776563 0.359375 0.018750 0.025000
0 0.682813 0.331250 0.028125 0.018750
0 0.685937 0.348438 0.021875 0.012500
0 0.685156 0.355469 0.023438 0.010937
0 0.684375 0.364844 0.028125 0.014063
0 0.682813 0.399219 0.025000 0.007812
0 0.684375 0.407813 0.025000 0.006250
0 0.552344 0.367188 0.020313 0.012500
0 0.511719 0.365625 0.020313 0.012500
0 0.446094 0.362500 0.026562 0.009375
0 0.895312 0.260937 0.015625 0.018750
0 0.932813 0.477344 0.015625 0.020313
