0 0.250000 0.134615 0.038462 0.028846
0 0.960337 0.243990 0.026442 0.031250
0 0.912260 0.265625 0.031250 0.036058
0 0.974760 0.233173 0.026442 0.024038
0 0.890625 0.272837 0.031250 0.031250
0 0.554087 0.366587 0.036058 0.021635
0 0.556490 0.385817 0.031250 0.016827
0 0.584135 0.487981 0.028846 0.028846
0 0.324519 0.644231 0.038462 0.028846
0 0.299279 0.677885 0.036058 0.024038
0 0.288462 0.692308 0.043269 0.024038
0 0.948317 0.873798 0.045673 0.021635
0 0.086538 0.176683 0.028846 0.026442
0 0.009615 0.106971 0.014423 0.021635
