0 0.140625 0.026442 0.016827 0.024038
0 0.152644 0.316106 0.021635 0.016827
0 0.152644 0.332933 0.021635 0.016827
0 0.153846 0.384615 0.028846 0.014423
0 0.185096 0.319712 0.024038 0.014423
0 0.186298 0.334135 0.021635 0.009615
0 0.186298 0.347356 0.021635 0.012019
0 0.734375 0.164663 0.016827 0.021635
0 0.650240 0.290865 0.021635 0.014423
0 0.645433 0.304087 0.021635 0.012019
0 0.639423 0.319712 0.024038 0.014423
0 0.632212 0.335337 0.024038 0.012019
0 0.628606 0.349760 0.021635 0.012019
0 0.625000 0.365385 0.033654 0.009615
0 0.709135 0.360577 0.024038 0.014423
0 0.710337 0.372596 0.021635 0.009615
0 0.733173 0.391827 0.024038 0.014423
0 0.699519 0.395433 0.024038 0.012019
0 0.693510 0.408654 0.031250 0.009615
0 0.688702 0.419471 0.040865 0.012019
0 0.106971 0.521635 0.021635 0.014423
0 0.098558 0.568510 0.024038 0.012019
0 0.193510 0.516827 0.026442 0.014423
0 0.173077 0.536058 0.033654 0.014423
0 0.361779 0.622596 0.012019 0.024038
0 0.358173 0.644231 0.019231 0.024038
0 0.349760 0.707933 0.016827 0.021635
0 0.435096 0.739183 0.024038 0.012019
0 0.443510 0.725962 0.016827 0.009615
0 0.427885 0.772837 0.028846 0.012019
0 0.426683 0.787260 0.021635 0.012019
0 0.382212 0.832933 0.019231 0.026442
0 0.335337 0.862981 0.016827 0.024038
0 0.568510 0.921875 0.016827 0.021635
0 0.616587 0.920673 0.016827 0.024038
0 0.763221 0.929087 0.021635 0.021635
0 0.783654 0.927885 0.019231 0.028846
0 0.866587 0.935096 0.016827 0.024038
0 0.570913 0.520433 0.016827 0.021635
0 0.675481 0.538462 0.014423 0.019231
0 0.710337 0.537260 0.016827 0.021635
0 0.917067 0.573317 0.016827 0.021635
0 0.070913 0.530048 0.031250 0.012019
0 0.068510 0.552885 0.031250 0.014423
0 0.177885 0.570913 0.033654 0.012019
0 0.115385 0.852163 0.014423 0.026442
0 0.099760 0.853365 0.016827 0.028846
0 0.810096 0.400240 0.038462 0.016827
0 0.007212 0.501202 0.009615 0.016827
0 0.007212 0.524038 0.009615 0.014423
0 0.007212 0.537260 0.009615 0.012019
0 0.368990 0.532452 0.012019 0.026442
0 0.502404 0.990385 0.019231 0.019231
0 0.596154 0.302885 0.019231 0.019231
