0 0.414844 0.153906 0.029687 0.010937
0 0.545312 0.162500 0.028125 0.012500
0 0.567969 0.177344 0.029687 0.010937
0 0.833594 0.177344 0.035937 0.014063
0 0.531250 0.329688 0.012500 0.021875
0 0.624219 0.335938 0.017188 0.021875
0 0.652344 0.335156 0.014063 0.020313
0 0.515625 0.328906 0.018750 0.020313
0 0.187500 0.302344 0.025000 0.023438
0 0.171094 0.300000 0.023438 0.021875
0 0.153906 0.300781 0.017188 0.017188
0 0.144531 0.298438 0.017188 0.015625
0 0.127344 0.299219 0.023438 0.023438
0 0.080469 0.296875 0.023438 0.025000
0 0.032813 0.340625 0.018750 0.021875
0 0.040625 0.483594 0.031250 0.014063
0 0.262500 0.554688 0.034375 0.015625
0 0.300781 0.558594 0.026562 0.010937
0 0.711719 0.357031 0.017188 0.010937
0 0.965625 0.350781 0.015625 0.020313
0 0.992188 0.350781 0.012500 0.023438
0 0.855469 0.431250 0.032813 0.015625
0 0.789062 0.406250 0.018750 0.009375
0 0.782813 0.444531 0.031250 0.017188
0 0.782813 0.459375 0.028125 0.012500
0 0.155469 0.840625 0.026562 0.012500
0 0.153906 0.853125 0.026562 0.012500
0 0.182031 0.842969 0.026562 0.010937
0 0.179688 0.853906 0.025000 0.010937
0 0.180469 0.864062 0.029687 0.009375
0 0.556250 0.835156 0.025000 0.010937
0 0.554688 0.842969 0.028125 0.014063
0 0.549219 0.860938 0.029687 0.012500
0 0.543750 0.871094 0.028125 0.010937
0 0.539844 0.881250 0.032813 0.015625
0 0.614062 0.877344 0.031250 0.014063
0 0.610156 0.885938 0.029687 0.012500
0 0.631250 0.901563 0.025000 0.012500
0 0.692969 0.907813 0.032813 0.015625
0 0.603906 0.903906 0.029687 0.014063
0 0.599219 0.915625 0.029687 0.012500
0 0.596094 0.925000 0.039062 0.012500
