0 0.952344 0.299219 0.026562 0.023438
0 0.897656 0.339062 0.023438 0.018750
0 0.890625 0.348438 0.018750 0.018750
0 0.883594 0.356250 0.023438 0.021875
0 0.873437 0.365625 0.025000 0.018750
0 0.860156 0.372656 0.023438 0.020313
0 0.848437 0.378906 0.021875 0.017188
0 0.840625 0.388281 0.028125 0.020313
0 0.827344 0.392969 0.026562 0.023438
0 0.818750 0.404687 0.025000 0.018750
0 0.807813 0.416406 0.028125 0.023438
0 0.799219 0.423438 0.026562 0.021875
0 0.790625 0.430469 0.028125 0.020313
0 0.775781 0.437500 0.026562 0.021875
0 0.765625 0.445312 0.025000 0.018750
0 0.757812 0.451562 0.021875 0.021875
0 0.747656 0.460156 0.026562 0.020313
0 0.738281 0.468750 0.029687 0.021875
0 0.727344 0.475000 0.026562 0.021875
0 0.718750 0.484375 0.025000 0.021875
0 0.707031 0.493750 0.026562 0.021875
0 0.697656 0.499219 0.026562 0.020313
0 0.688281 0.507031 0.026562 0.020313
0 0.728125 0.589063 0.015625 0.021875
0 0.739844 0.578125 0.023438 0.021875
0 0.638281 0.587500 0.029687 0.018750
0 0.744531 0.600000 0.017188 0.015625
0 0.849219 0.486719 0.020313 0.026562
0 0.863281 0.478906 0.014063 0.020313
0 0.872656 0.471875 0.014063 0.018750
0 0.884375 0.465625 0.015625 0.021875
0 0.894531 0.457031 0.017188 0.023438
0 0.903906 0.447656 0.014063 0.020313
0 0.913281 0.439844 0.014063 0.023438
0 0.923438 0.431250 0.015625 0.025000
0 0.934375 0.425781 0.012500 0.020313
0 0.944531 0.418750 0.017188 0.021875
0 0.951562 0.407813 0.015625 0.018750
0 0.961719 0.397656 0.017188 0.020313
0 0.970313 0.388281 0.015625 0.023438
0 0.982031 0.382812 0.017188 0.021875
0 0.848437 0.518750 0.012500 0.025000
0 0.857812 0.507031 0.012500 0.020313
0 0.870313 0.500781 0.018750 0.020313
0 0.882031 0.495312 0.017188 0.018750
0 0.892188 0.486719 0.015625 0.020313
0 0.902344 0.476562 0.014063 0.018750
0 0.911719 0.473438 0.017188 0.018750
0 0.922656 0.467187 0.017188 0.018750
0 0.932031 0.455469 0.023438 0.020313
0 0.945312 0.449219 0.018750 0.023438
0 0.951562 0.439063 0.015625 0.021875
0 0.962500 0.435156 0.015625 0.020313
0 0.971875 0.422656 0.015625 0.023438
0 0.981250 0.415625 0.015625 0.025000
0 0.989844 0.405469 0.017188 0.020313
0 0.995313 0.394531 0.009375 0.020313
0 0.606250 0.637500 0.028125 0.021875
0 0.303125 0.853906 0.028125 0.020313
0 0.291406 0.863281 0.026562 0.017188
0 0.314844 0.877344 0.026562 0.020313
0 0.278906 0.872656 0.026562 0.020313
0 0.264062 0.882031 0.025000 0.017188
0 0.254688 0.891406 0.025000 0.017188
0 0.244531 0.900781 0.029687 0.023438
0 0.229687 0.910156 0.025000 0.020313
0 0.210938 0.925781 0.025000 0.017188
0 0.197656 0.939844 0.023438 0.020313
0 0.185938 0.948438 0.025000 0.021875
0 0.119531 0.960938 0.032813 0.018750
0 0.013281 0.970313 0.023438 0.015625
0 0.032813 0.988281 0.034375 0.020313
0 0.175781 0.979688 0.032813 0.018750
0 0.196094 0.970313 0.023438 0.015625
0 0.208594 0.963281 0.026562 0.014063
0 0.216406 0.953125 0.026562 0.018750
0 0.227344 0.943750 0.032813 0.018750
0 0.263281 0.921094 0.029687 0.020313
0 0.273438 0.909375 0.021875 0.015625
0 0.287500 0.897656 0.028125 0.020313
0 0.301563 0.886719 0.028125 0.020313
