0 0.018029 0.622596 0.021635 0.028846
0 0.052885 0.621394 0.019231 0.026442
0 0.159856 0.628606 0.021635 0.026442
0 0.197115 0.634615 0.019231 0.028846
0 0.221154 0.637019 0.019231 0.028846
0 0.323317 0.638221 0.021635 0.026442
0 0.385817 0.643029 0.021635 0.026442
0 0.451923 0.645433 0.024038 0.026442
0 0.531250 0.649038 0.019231 0.028846
0 0.564904 0.609375 0.033654 0.016827
0 0.562500 0.586538 0.033654 0.019231
0 0.539663 0.475962 0.031250 0.014423
0 0.627404 0.463942 0.038462 0.014423
0 0.762019 0.413462 0.038462 0.014423
0 0.784856 0.469952 0.031250 0.016827
0 0.751202 0.490385 0.031250 0.019231
0 0.677885 0.603365 0.038462 0.019231
0 0.870192 0.497596 0.043269 0.019231
0 0.947115 0.479567 0.038462 0.016827
0 0.937500 0.500000 0.043269 0.019231
