0 0.760938 0.295312 0.025000 0.015625
0 0.553906 0.114062 0.026562 0.015625
0 0.647656 0.594531 0.020313 0.017188
0 0.340625 0.827344 0.025000 0.020313
0 0.969531 0.706250 0.023438 0.015625
0 0.960938 0.714844 0.021875 0.014063
0 0.942969 0.729688 0.017188 0.012500
0 0.836719 0.864844 0.017188 0.017188
0 0.864844 0.881250 0.020313 0.018750
0 0.900781 0.901563 0.014063 0.018750
0 0.910937 0.908594 0.015625 0.020313
0 0.917969 0.916406 0.017188 0.020313
0 0.928125 0.920312 0.015625 0.021875
0 0.936719 0.927344 0.014063 0.020313
0 0.964844 0.943750 0.017188 0.018750
0 0.975781 0.950000 0.020313 0.025000
0 0.831250 0.910156 0.021875 0.017188
0 0.850000 0.919531 0.015625 0.020313
0 0.891406 0.944531 0.023438 0.026562
0 0.908594 0.959375 0.017188 0.018750
0 0.916406 0.965625 0.017188 0.021875
0 0.925000 0.975000 0.015625 0.021875
0 0.931250 0.981250 0.015625 0.018750
