0 0.909375 0.639062 0.021875 0.015625
0 0.300000 0.722656 0.012500 0.014063
0 0.042969 0.706250 0.014063 0.012500
0 0.103906 0.710938 0.014063 0.015625
0 0.520312 0.923438 0.015625 0.018750
0 0.526563 0.828125 0.015625 0.015625
0 0.700000 0.782813 0.021875 0.012500
0 0.698438 0.810937 0.021875 0.012500
0 0.696875 0.913281 0.015625 0.017188
0 0.667188 0.913281 0.012500 0.017188
0 0.642188 0.916406 0.015625 0.017188
0 0.628125 0.915625 0.009375 0.015625
0 0.599219 0.918750 0.014063 0.018750
0 0.956250 0.696875 0.018750 0.012500
0 0.989844 0.702344 0.017188 0.010937
0 0.981250 0.710938 0.018750 0.009375
0 0.982031 0.720313 0.020313 0.009375
0 0.980469 0.728125 0.017188 0.006250
0 0.981250 0.735938 0.018750 0.009375
0 0.982031 0.743750 0.017188 0.009375
0 0.979688 0.751563 0.018750 0.006250
0 0.982031 0.757812 0.017188 0.009375
0 0.979688 0.767969 0.018750 0.007812
0 0.979688 0.775000 0.018750 0.006250
0 0.978125 0.781250 0.018750 0.006250
0 0.978125 0.789062 0.021875 0.009375
0 0.968750 0.823438 0.021875 0.009375
0 0.976562 0.837500 0.028125 0.009375
0 0.975781 0.846094 0.020313 0.010937
