0 0.828125 0.337500 0.031250 0.025000
0 0.814063 0.345313 0.028125 0.025000
0 0.840625 0.359375 0.025000 0.018750
0 0.825000 0.370312 0.021875 0.021875
0 0.804688 0.354687 0.025000 0.021875
0 0.787500 0.364844 0.025000 0.020313
0 0.809375 0.379688 0.025000 0.025000
0 0.777344 0.375000 0.029687 0.021875
0 0.796875 0.390625 0.028125 0.021875
0 0.767969 0.384375 0.026562 0.021875
0 0.753125 0.396094 0.028125 0.023438
0 0.775000 0.410938 0.025000 0.025000
0 0.734375 0.411719 0.028125 0.020313
0 0.749219 0.427344 0.026562 0.020313
0 0.718750 0.424219 0.028125 0.020313
0 0.743750 0.437500 0.028125 0.025000
0 0.708594 0.431250 0.029687 0.025000
0 0.733594 0.450000 0.032813 0.025000
0 0.715625 0.457813 0.028125 0.021875
0 0.698438 0.465625 0.031250 0.021875
0 0.636719 0.506250 0.029687 0.021875
0 0.575000 0.546094 0.028125 0.026562
0 0.565625 0.553125 0.025000 0.025000
0 0.556250 0.562500 0.025000 0.025000
0 0.546875 0.568750 0.025000 0.021875
0 0.534375 0.571875 0.025000 0.025000
0 0.527344 0.582812 0.023438 0.021875
0 0.518750 0.589063 0.028125 0.018750
0 0.512500 0.596875 0.025000 0.021875
0 0.500000 0.603125 0.025000 0.021875
0 0.492188 0.611719 0.028125 0.023438
0 0.484375 0.620313 0.025000 0.021875
0 0.475000 0.627344 0.025000 0.023438
0 0.464844 0.631250 0.026562 0.018750
0 0.456250 0.637500 0.028125 0.021875
0 0.446875 0.645312 0.025000 0.025000
0 0.439063 0.652344 0.028125 0.023438
0 0.428125 0.659375 0.025000 0.018750
0 0.421094 0.668750 0.029687 0.025000
0 0.408594 0.675000 0.026562 0.021875
0 0.403125 0.683594 0.028125 0.023438
0 0.392188 0.687500 0.021875 0.021875
0 0.385937 0.696094 0.025000 0.020313
0 0.377344 0.703125 0.026562 0.021875
0 0.368750 0.712500 0.028125 0.021875
0 0.358594 0.717969 0.026562 0.020313
0 0.350000 0.723437 0.021875 0.021875
0 0.342969 0.731250 0.026562 0.021875
0 0.331250 0.742188 0.025000 0.021875
0 0.321875 0.746875 0.025000 0.021875
0 0.312500 0.753125 0.025000 0.021875
0 0.302344 0.760938 0.026562 0.021875
0 0.296875 0.767969 0.031250 0.023438
0 0.286719 0.777344 0.026562 0.023438
0 0.278125 0.781250 0.025000 0.021875
0 0.268750 0.789844 0.025000 0.020313
0 0.259375 0.798438 0.025000 0.021875
0 0.259375 0.806250 0.034375 0.028125
0 0.240625 0.821094 0.025000 0.023438
0 0.617188 0.589844 0.025000 0.020313
0 0.602344 0.596875 0.026562 0.021875
0 0.596094 0.605469 0.023438 0.014063
0 0.581250 0.609375 0.025000 0.018750
0 0.573438 0.615625 0.025000 0.018750
0 0.567969 0.625000 0.023438 0.018750
0 0.559375 0.633594 0.028125 0.020313
0 0.550000 0.640625 0.028125 0.018750
0 0.542188 0.645312 0.025000 0.021875
0 0.533594 0.653125 0.023438 0.018750
0 0.524219 0.658594 0.023438 0.017188
0 0.512500 0.667188 0.025000 0.018750
0 0.509375 0.675000 0.028125 0.018750
0 0.496875 0.684375 0.025000 0.015625
0 0.486719 0.689063 0.026562 0.018750
0 0.475000 0.696094 0.031250 0.020313
0 0.468750 0.705469 0.025000 0.020313
0 0.461719 0.711719 0.026562 0.017188
0 0.452344 0.717969 0.023438 0.017188
0 0.443750 0.725000 0.025000 0.015625
0 0.434375 0.733594 0.025000 0.017188
0 0.426563 0.737500 0.021875 0.018750
0 0.415625 0.743750 0.021875 0.015625
0 0.403125 0.752344 0.028125 0.020313
0 0.398438 0.759375 0.028125 0.021875
0 0.387500 0.767188 0.025000 0.018750
0 0.377344 0.773438 0.020313 0.012500
0 0.368750 0.780469 0.025000 0.017188
0 0.362500 0.787500 0.025000 0.018750
0 0.353125 0.796875 0.025000 0.015625
0 0.343750 0.803125 0.025000 0.018750
0 0.336719 0.811719 0.023438 0.017188
0 0.328125 0.818750 0.021875 0.015625
0 0.317969 0.825000 0.026562 0.018750
0 0.309375 0.831250 0.025000 0.015625
0 0.301563 0.839844 0.021875 0.017188
0 0.290625 0.846875 0.025000 0.018750
0 0.281250 0.855469 0.025000 0.017188
0 0.636719 0.607812 0.023438 0.025000
0 0.624219 0.611719 0.020313 0.020313
0 0.614062 0.620313 0.025000 0.018750
0 0.599219 0.634375 0.032813 0.025000
0 0.589063 0.642969 0.025000 0.020313
0 0.575000 0.649219 0.025000 0.020313
0 0.571875 0.653125 0.025000 0.018750
0 0.562500 0.662500 0.025000 0.021875
0 0.549219 0.667969 0.023438 0.020313
0 0.546875 0.675000 0.025000 0.018750
0 0.535937 0.686719 0.025000 0.020313
0 0.528125 0.691406 0.025000 0.020313
0 0.517969 0.698438 0.023438 0.018750
0 0.507812 0.703906 0.021875 0.017188
0 0.500000 0.710156 0.025000 0.020313
0 0.489063 0.718750 0.018750 0.015625
0 0.481250 0.726562 0.021875 0.018750
0 0.472656 0.734375 0.026562 0.018750
0 0.467187 0.742969 0.025000 0.020313
0 0.453906 0.750000 0.023438 0.021875
0 0.446094 0.756250 0.023438 0.021875
0 0.432812 0.760938 0.028125 0.025000
0 0.425781 0.767969 0.023438 0.014063
0 0.422656 0.778125 0.023438 0.021875
0 0.410938 0.782031 0.025000 0.017188
0 0.401562 0.792188 0.021875 0.015625
0 0.389844 0.795312 0.023438 0.015625
0 0.385156 0.804688 0.026562 0.018750
0 0.373437 0.810156 0.021875 0.017188
0 0.366406 0.821094 0.023438 0.014063
0 0.355469 0.825781 0.026562 0.017188
0 0.348438 0.835156 0.025000 0.020313
0 0.339844 0.840625 0.020313 0.015625
0 0.332031 0.849219 0.020313 0.014063
0 0.320312 0.853125 0.025000 0.018750
0 0.312500 0.860938 0.021875 0.012500
0 0.303906 0.868750 0.023438 0.018750
0 0.594531 0.689063 0.026562 0.021875
0 0.160938 0.880469 0.021875 0.017188
0 0.150000 0.887500 0.025000 0.021875
0 0.142187 0.894531 0.031250 0.023438
0 0.131250 0.901563 0.025000 0.018750
0 0.121094 0.910156 0.026562 0.023438
0 0.114062 0.917188 0.025000 0.018750
0 0.103906 0.921875 0.026562 0.021875
0 0.095312 0.929688 0.025000 0.021875
0 0.086719 0.934375 0.029687 0.021875
0 0.075781 0.942969 0.020313 0.017188
0 0.071875 0.950000 0.028125 0.021875
0 0.064062 0.957812 0.031250 0.021875
0 0.050781 0.964063 0.023438 0.018750
0 0.042969 0.972656 0.029687 0.026562
0 0.029687 0.978125 0.028125 0.021875
0 0.021875 0.985156 0.025000 0.014063
0 0.017188 0.992188 0.025000 0.015625
0 0.208594 0.917188 0.023438 0.021875
0 0.197656 0.922656 0.020313 0.017188
0 0.185938 0.928125 0.021875 0.018750
0 0.178125 0.934375 0.025000 0.018750
0 0.167969 0.942969 0.020313 0.014063
0 0.162500 0.950000 0.021875 0.015625
0 0.153125 0.955469 0.021875 0.017188
0 0.139844 0.961719 0.023438 0.017188
0 0.132812 0.971875 0.025000 0.018750
0 0.122656 0.978906 0.023438 0.020313
0 0.117188 0.985938 0.021875 0.018750
0 0.107031 0.992188 0.020313 0.015625
0 0.093750 0.996094 0.018750 0.007812
0 0.228906 0.932031 0.023438 0.020313
0 0.221094 0.939844 0.023438 0.020313
0 0.210938 0.944531 0.028125 0.023438
0 0.199219 0.951562 0.026562 0.021875
0 0.190625 0.958594 0.025000 0.023438
0 0.185156 0.966406 0.023438 0.020313
0 0.170313 0.971875 0.021875 0.015625
0 0.162500 0.979688 0.028125 0.021875
0 0.157031 0.988281 0.020313 0.014063
0 0.146875 0.993750 0.021875 0.012500
0 0.132031 0.996094 0.017188 0.007812
0 0.780469 0.065625 0.032813 0.028125
0 0.611719 0.196094 0.029687 0.023438
