0 0.068510 0.692308 0.026442 0.033654
0 0.180288 0.707933 0.028846 0.036058
0 0.554087 0.209135 0.045673 0.024038
0 0.561298 0.304087 0.040865 0.016827
0 0.552885 0.353365 0.043269 0.019231
0 0.556490 0.443510 0.045673 0.021635
0 0.676683 0.709135 0.031250 0.028846
0 0.784856 0.766827 0.040865 0.033654
0 0.838942 0.788462 0.028846 0.028846
0 0.854567 0.796875 0.031250 0.040865
0 0.902644 0.811298 0.021635 0.036058
0 0.957933 0.792067 0.026442 0.040865
0 0.943510 0.825721 0.031250 0.026442
0 0.555288 0.598558 0.019231 0.024038
0 0.574519 0.597356 0.024038 0.031250
