0 0.133594 0.111719 0.014063 0.023438
0 0.146094 0.110937 0.014063 0.018750
0 0.159375 0.111719 0.015625 0.020313
0 0.149219 0.156250 0.014063 0.021875
0 0.137500 0.155469 0.012500 0.020313
0 0.125000 0.155469 0.009375 0.020313
0 0.114844 0.157031 0.010937 0.020313
0 0.105469 0.158594 0.010937 0.020313
0 0.092969 0.157031 0.010937 0.020313
0 0.082031 0.157031 0.010937 0.020313
0 0.070312 0.157031 0.012500 0.020313
0 0.057031 0.154688 0.014063 0.018750
0 0.043750 0.156250 0.012500 0.021875
0 0.056250 0.178906 0.015625 0.020313
0 0.091406 0.177344 0.014063 0.023438
0 0.106250 0.178125 0.015625 0.018750
0 0.013281 0.227344 0.017188 0.032813
0 0.242969 0.479687 0.014063 0.018750
0 0.217969 0.476562 0.014063 0.025000
0 0.305469 0.049219 0.014063 0.020313
0 0.424219 0.039062 0.017188 0.018750
0 0.291406 0.100000 0.020313 0.009375
