0 0.161719 0.258594 0.023438 0.020313
0 0.946094 0.166406 0.029687 0.023438
0 0.187500 0.592969 0.025000 0.029687
0 0.377344 0.561719 0.026562 0.020313
0 0.197656 0.641406 0.032813 0.017188
0 0.128125 0.651563 0.031250 0.015625
0 0.057813 0.620313 0.021875 0.025000
0 0.072656 0.660937 0.026562 0.012500
0 0.083594 0.699219 0.032813 0.014063
0 0.147656 0.689844 0.029687 0.010937
0 0.502344 0.360156 0.026562 0.010937
0 0.735938 0.369531 0.025000 0.007812
0 0.737500 0.378125 0.031250 0.012500
0 0.735938 0.390625 0.028125 0.009375
