0 0.870192 0.424279 0.033654 0.016827
0 0.576923 0.287260 0.019231 0.026442
0 0.504808 0.292067 0.019231 0.021635
0 0.462740 0.288462 0.021635 0.028846
0 0.421875 0.187500 0.021635 0.024038
0 0.039663 0.502404 0.016827 0.028846
0 0.061298 0.790865 0.036058 0.028846
0 0.132212 0.731971 0.028846 0.021635
0 0.210337 0.724760 0.031250 0.031250
0 0.256010 0.746394 0.021635 0.021635
0 0.074519 0.913462 0.024038 0.024038
0 0.193510 0.959135 0.031250 0.033654
0 0.293269 0.945913 0.024038 0.026442
0 0.308894 0.956731 0.021635 0.024038
0 0.341346 0.972356 0.024038 0.031250
0 0.358173 0.980769 0.024038 0.024038
0 0.424279 0.953125 0.031250 0.021635
0 0.409856 0.905048 0.031250 0.036058
0 0.427885 0.914663 0.024038 0.021635
0 0.015625 0.832933 0.026442 0.026442
0 0.527644 0.974760 0.026442 0.021635
