0 0.113281 0.085938 0.020313 0.028125
0 0.803125 0.034375 0.012500 0.025000
0 0.828125 0.035156 0.015625 0.023438
0 0.928125 0.037500 0.015625 0.025000
0 0.804688 0.059375 0.012500 0.018750
0 0.717187 0.403906 0.015625 0.020313
0 0.711719 0.449219 0.014063 0.026562
0 0.725000 0.450781 0.012500 0.017188
0 0.725781 0.471094 0.014063 0.020313
0 0.739844 0.474219 0.014063 0.023438
0 0.737500 0.515625 0.012500 0.018750
0 0.752344 0.515625 0.014063 0.018750
0 0.765625 0.516406 0.012500 0.020313
0 0.801562 0.514844 0.015625 0.023438
0 0.711719 0.539062 0.010937 0.021875
0 0.725000 0.535156 0.012500 0.020313
0 0.740625 0.537500 0.015625 0.021875
0 0.765625 0.534375 0.012500 0.018750
0 0.780469 0.535156 0.014063 0.020313
0 0.715625 0.580469 0.012500 0.020313
0 0.729688 0.581250 0.012500 0.021875
0 0.753906 0.583594 0.010937 0.020313
0 0.766406 0.582812 0.010937 0.018750
0 0.778906 0.581250 0.014063 0.021875
0 0.791406 0.581250 0.010937 0.021875
0 0.828125 0.582812 0.015625 0.021875
0 0.806250 0.603125 0.015625 0.021875
0 0.766406 0.601562 0.014063 0.018750
0 0.741406 0.603125 0.014063 0.021875
0 0.717187 0.603906 0.015625 0.023438
0 0.716406 0.649219 0.017188 0.026562
0 0.732031 0.649219 0.014063 0.023438
0 0.718750 0.713281 0.015625 0.023438
0 0.735156 0.800000 0.020313 0.025000
0 0.579688 0.864062 0.012500 0.018750
0 0.563281 0.864844 0.010937 0.017188
0 0.550000 0.864062 0.012500 0.018750
0 0.566406 0.911719 0.017188 0.023438
0 0.553906 0.910156 0.014063 0.020313
0 0.542188 0.912500 0.012500 0.018750
0 0.529687 0.914844 0.009375 0.020313
0 0.517969 0.914844 0.010937 0.020313
0 0.504687 0.914844 0.015625 0.020313
0 0.492188 0.913281 0.009375 0.020313
0 0.482031 0.915625 0.014063 0.021875
0 0.467969 0.912500 0.014063 0.018750
0 0.453906 0.913281 0.010937 0.020313
0 0.467969 0.935937 0.014063 0.018750
0 0.505469 0.935937 0.017188 0.021875
0 0.521875 0.937500 0.015625 0.018750
0 0.200781 0.468750 0.014063 0.021875
0 0.089063 0.493750 0.012500 0.018750
0 0.115625 0.508594 0.012500 0.020313
0 0.118750 0.562500 0.015625 0.025000
0 0.090625 0.564063 0.012500 0.018750
0 0.067187 0.559375 0.015625 0.018750
0 0.092969 0.589063 0.014063 0.021875
0 0.202344 0.664062 0.017188 0.021875
0 0.206250 0.782813 0.018750 0.025000
0 0.350000 0.865625 0.025000 0.012500
0 0.393750 0.881250 0.025000 0.012500
0 0.396094 0.898438 0.023438 0.012500
0 0.392969 0.921094 0.029687 0.014063
0 0.112500 0.876563 0.012500 0.021875
0 0.395313 0.973437 0.028125 0.015625
0 0.420312 0.986719 0.015625 0.023438
0 0.273438 0.753125 0.025000 0.009375
0 0.272656 0.742188 0.026562 0.009375
0 0.270313 0.732031 0.025000 0.007812
0 0.270313 0.723437 0.025000 0.012500
0 0.273438 0.711719 0.025000 0.007812
0 0.267969 0.677344 0.023438 0.010937
0 0.269531 0.667188 0.023438 0.009375
0 0.268750 0.657031 0.025000 0.007812
0 0.267969 0.646875 0.023438 0.009375
0 0.267188 0.637500 0.021875 0.006250
0 0.271094 0.628125 0.023438 0.009375
0 0.271094 0.618750 0.023438 0.006250
0 0.270313 0.609375 0.021875 0.006250
0 0.269531 0.600781 0.023438 0.007812
0 0.267969 0.591406 0.023438 0.010937
0 0.268750 0.581250 0.025000 0.009375
0 0.270313 0.571875 0.025000 0.009375
0 0.337500 0.770312 0.025000 0.009375
0 0.335156 0.761719 0.026562 0.007812
0 0.332813 0.752344 0.028125 0.007812
0 0.332031 0.742188 0.026562 0.006250
0 0.329688 0.731250 0.028125 0.009375
0 0.329688 0.721094 0.028125 0.010937
0 0.328125 0.714844 0.025000 0.007812
0 0.328125 0.705469 0.021875 0.007812
0 0.329688 0.694531 0.021875 0.007812
0 0.329688 0.685937 0.025000 0.012500
