0 0.940625 0.149219 0.028125 0.020313
0 0.485938 0.193750 0.031250 0.018750
0 0.559375 0.325000 0.028125 0.015625
0 0.646094 0.317969 0.032813 0.020313
0 0.701562 0.427344 0.025000 0.010937
0 0.718750 0.440625 0.028125 0.018750
0 0.840625 0.405469 0.037500 0.023438
0 0.399219 0.562500 0.032813 0.018750
0 0.424219 0.610938 0.032813 0.018750
0 0.443750 0.653125 0.025000 0.018750
0 0.474219 0.703125 0.032813 0.018750
0 0.492969 0.740625 0.032813 0.015625
0 0.549219 0.625000 0.032813 0.018750
0 0.571094 0.661719 0.026562 0.014063
0 0.589844 0.700000 0.035937 0.018750
0 0.611719 0.737500 0.029687 0.012500
0 0.646094 0.620313 0.032813 0.018750
0 0.670312 0.662500 0.034375 0.018750
0 0.689063 0.703125 0.037500 0.018750
