0 0.571875 0.370312 0.034375 0.021875
0 0.158594 0.565625 0.029687 0.009375
0 0.293750 0.561719 0.025000 0.010937
0 0.293750 0.571094 0.021875 0.010937
0 0.292969 0.579688 0.023438 0.009375
0 0.293750 0.604688 0.028125 0.012500
0 0.293750 0.614844 0.025000 0.007812
0 0.293750 0.625000 0.025000 0.009375
0 0.296094 0.636719 0.023438 0.010937
0 0.293750 0.643750 0.021875 0.009375
0 0.293750 0.652344 0.021875 0.007812
0 0.296094 0.659375 0.029687 0.009375
0 0.300000 0.667969 0.021875 0.010937
0 0.234375 0.698438 0.028125 0.012500
0 0.234375 0.708594 0.025000 0.007812
0 0.483594 0.812500 0.023438 0.059375
0 0.329688 0.170313 0.021875 0.031250
