0 0.649219 0.003125 0.017188 0.003125
0 0.639844 0.007812 0.014063 0.012500
0 0.633594 0.013281 0.017188 0.023438
0 0.622656 0.017969 0.010937 0.023438
0 0.614844 0.022656 0.017188 0.023438
0 0.606250 0.028906 0.015625 0.017188
0 0.598437 0.035156 0.015625 0.020313
0 0.588281 0.042188 0.014063 0.015625
0 0.580469 0.046094 0.014063 0.017188
0 0.482812 0.102344 0.015625 0.026562
0 0.471094 0.108594 0.014063 0.023438
0 0.563281 0.039062 0.020313 0.021875
0 0.571094 0.027344 0.014063 0.017188
0 0.584375 0.023438 0.015625 0.021875
0 0.595313 0.010156 0.015625 0.014063
0 0.607812 0.007031 0.015625 0.010937
0 0.500781 0.006250 0.020313 0.009375
0 0.486719 0.009375 0.020313 0.015625
0 0.482812 0.015625 0.028125 0.018750
0 0.472656 0.021094 0.020313 0.017188
0 0.463281 0.027344 0.023438 0.010937
0 0.455469 0.032813 0.014063 0.015625
0 0.445312 0.040625 0.012500 0.015625
0 0.432031 0.045312 0.014063 0.012500
0 0.408594 0.075000 0.026562 0.018750
0 0.125781 0.330469 0.020313 0.014063
0 0.117188 0.336719 0.025000 0.017188
0 0.107031 0.344531 0.017188 0.014063
0 0.095312 0.353906 0.021875 0.017188
0 0.084375 0.358594 0.015625 0.014063
0 0.076563 0.369531 0.025000 0.017188
0 0.067969 0.377344 0.020313 0.017188
0 0.052344 0.387500 0.017188 0.018750
0 0.039062 0.396094 0.021875 0.014063
0 0.030469 0.406250 0.017188 0.015625
0 0.019531 0.431250 0.020313 0.018750
0 0.048438 0.418750 0.015625 0.018750
0 0.053125 0.408594 0.015625 0.014063
0 0.064844 0.403125 0.017188 0.015625
0 0.079687 0.387500 0.018750 0.015625
0 0.091406 0.382812 0.023438 0.018750
0 0.100000 0.371875 0.021875 0.015625
0 0.110937 0.365625 0.021875 0.015625
0 0.120313 0.357031 0.021875 0.014063
0 0.135937 0.347656 0.025000 0.020313
0 0.211719 0.333594 0.023438 0.017188
0 0.079687 0.332031 0.018750 0.014063
