0 0.088281 0.291406 0.020313 0.010937
0 0.030469 0.305469 0.014063 0.010937
0 0.089063 0.309375 0.018750 0.012500
0 0.042969 0.322656 0.010937 0.014063
0 0.463281 0.294531 0.023438 0.017188
0 0.989062 0.442969 0.009375 0.017188
0 0.850000 0.438281 0.012500 0.020313
0 0.614062 0.425781 0.012500 0.017188
0 0.592969 0.423438 0.010937 0.018750
0 0.342187 0.410938 0.012500 0.015625
0 0.321094 0.410938 0.014063 0.015625
0 0.247656 0.405469 0.014063 0.020313
0 0.235937 0.405469 0.012500 0.017188
0 0.450781 0.468750 0.020313 0.009375
0 0.526563 0.474219 0.021875 0.010937
0 0.503125 0.478125 0.015625 0.009375
0 0.502344 0.488281 0.023438 0.010937
0 0.449219 0.500781 0.023438 0.007812
0 0.450000 0.509375 0.021875 0.009375
0 0.331250 0.717969 0.012500 0.014063
0 0.277344 0.801562 0.020313 0.012500
0 0.275781 0.810156 0.020313 0.010937
0 0.271094 0.819531 0.020313 0.010937
0 0.266406 0.832031 0.020313 0.010937
0 0.260937 0.839063 0.018750 0.009375
0 0.259375 0.848437 0.021875 0.009375
0 0.319531 0.844531 0.020313 0.014063
0 0.311719 0.853125 0.023438 0.012500
0 0.329688 0.863281 0.018750 0.010937
0 0.380469 0.871875 0.023438 0.012500
0 0.307031 0.867969 0.020313 0.010937
0 0.305469 0.875000 0.017188 0.009375
0 0.302344 0.883594 0.026562 0.010937
0 0.449219 0.984375 0.017188 0.015625
0 0.314844 0.960156 0.017188 0.023438
0 0.288281 0.961719 0.010937 0.014063
0 0.225000 0.947656 0.012500 0.017188
0 0.069531 0.591406 0.023438 0.014063
0 0.039062 0.587500 0.025000 0.009375
