0 0.954327 0.210337 0.038462 0.021635
0 0.955529 0.170673 0.045673 0.024038
0 0.962740 0.122596 0.045673 0.024038
0 0.971154 0.084135 0.043269 0.019231
0 0.961538 0.069712 0.048077 0.024038
0 0.819712 0.427885 0.019231 0.038462
0 0.795673 0.429087 0.024038 0.036058
0 0.771635 0.429087 0.024038 0.036058
0 0.629808 0.418269 0.024038 0.038462
0 0.561298 0.382212 0.036058 0.019231
0 0.748798 0.421875 0.021635 0.040865
0 0.662260 0.323317 0.021635 0.040865
0 0.355769 0.334135 0.024038 0.033654
0 0.597356 0.318510 0.021635 0.036058
0 0.289663 0.349760 0.026442 0.031250
0 0.365385 0.389423 0.043269 0.024038
0 0.294471 0.444712 0.021635 0.028846
0 0.645433 0.320913 0.021635 0.036058
0 0.308894 0.336538 0.021635 0.028846
0 0.616587 0.318510 0.021635 0.031250
0 0.960337 0.844952 0.040865 0.016827
0 0.959135 0.816106 0.038462 0.021635
0 0.289663 0.987981 0.040865 0.024038
0 0.980769 0.539663 0.038462 0.021635
0 0.451923 0.973558 0.038462 0.024038
0 0.491587 0.921875 0.031250 0.021635
0 0.302885 0.968750 0.048077 0.038462
0 0.981971 0.639423 0.036058 0.019231
0 0.308894 0.472356 0.026442 0.026442
0 0.419471 0.433894 0.021635 0.026442
0 0.396635 0.441106 0.028846 0.031250
0 0.375000 0.453125 0.019231 0.021635
