0 0.790625 0.753125 0.025000 0.009375
0 0.667188 0.711719 0.021875 0.010937
0 0.667188 0.720313 0.025000 0.009375
0 0.704688 0.759375 0.021875 0.009375
0 0.706250 0.768750 0.025000 0.009375
0 0.676562 0.768750 0.025000 0.006250
0 0.684375 0.778125 0.021875 0.009375
0 0.706250 0.785937 0.021875 0.006250
0 0.678125 0.793750 0.015625 0.009375
0 0.690625 0.792969 0.015625 0.007812
0 0.687500 0.807813 0.025000 0.009375
0 0.686719 0.818750 0.026562 0.009375
0 0.696875 0.875000 0.031250 0.012500
0 0.774219 0.881250 0.020313 0.009375
0 0.743750 0.925000 0.021875 0.028125
0 0.809375 0.930469 0.025000 0.010937
0 0.830469 0.681250 0.029687 0.009375
