0 0.361719 0.039844 0.010937 0.020313
0 0.382031 0.040625 0.014063 0.018750
0 0.435156 0.042188 0.014063 0.018750
0 0.516406 0.050000 0.017188 0.021875
0 0.546875 0.050000 0.018750 0.018750
0 0.642969 0.021094 0.017188 0.010937
0 0.699219 0.030469 0.017188 0.010937
0 0.642969 0.033594 0.017188 0.010937
0 0.626563 0.052344 0.015625 0.020313
0 0.885938 0.041406 0.009375 0.023438
0 0.081250 0.139063 0.028125 0.012500
0 0.277344 0.362500 0.029687 0.015625
0 0.279687 0.378906 0.018750 0.010937
0 0.274219 0.388281 0.020313 0.007812
0 0.330469 0.328125 0.020313 0.009375
0 0.336719 0.338281 0.020313 0.007812
0 0.334375 0.346875 0.021875 0.006250
0 0.337500 0.356250 0.018750 0.009375
0 0.335156 0.364063 0.023438 0.009375
0 0.610938 0.356250 0.015625 0.018750
0 0.642969 0.355469 0.010937 0.017188
0 0.651563 0.357812 0.012500 0.015625
0 0.664844 0.359375 0.010937 0.015625
0 0.615625 0.396094 0.012500 0.020313
0 0.627344 0.398438 0.014063 0.018750
0 0.646094 0.400000 0.007812 0.015625
0 0.657031 0.396875 0.014063 0.018750
0 0.685156 0.397656 0.014063 0.020313
0 0.699219 0.399219 0.014063 0.020313
0 0.461719 0.673438 0.017188 0.021875
0 0.431250 0.667969 0.015625 0.017188
0 0.401562 0.667969 0.012500 0.017188
0 0.519531 0.686719 0.026562 0.010937
0 0.289062 0.672656 0.018750 0.007812
0 0.265625 0.670312 0.018750 0.009375
0 0.237500 0.670312 0.025000 0.012500
0 0.261719 0.681250 0.026562 0.009375
0 0.213281 0.711719 0.014063 0.017188
0 0.267188 0.718750 0.018750 0.018750
0 0.318750 0.721094 0.012500 0.017188
0 0.389844 0.724219 0.014063 0.020313
0 0.093750 0.740625 0.018750 0.009375
0 0.136719 0.909375 0.017188 0.018750
0 0.960156 0.558594 0.023438 0.010937
0 0.982031 0.860938 0.017188 0.012500
0 0.979688 0.871094 0.018750 0.010937
0 0.979688 0.882031 0.025000 0.007812
0 0.981250 0.893750 0.018750 0.006250
0 0.978906 0.911719 0.020313 0.010937
0 0.977344 0.920312 0.020313 0.009375
0 0.518750 0.750781 0.021875 0.007812
0 0.515625 0.819531 0.018750 0.007812
0 0.511719 0.851562 0.017188 0.006250
0 0.508594 0.862500 0.020313 0.009375
0 0.514062 0.870313 0.021875 0.009375
0 0.510938 0.895312 0.025000 0.012500
0 0.432812 0.984375 0.012500 0.015625
0 0.422656 0.979688 0.010937 0.018750
0 0.408594 0.981250 0.010937 0.015625
0 0.190625 0.969531 0.015625 0.017188
0 0.178906 0.971094 0.014063 0.020313
0 0.175000 0.814063 0.021875 0.012500
0 0.175000 0.839844 0.018750 0.007812
