0 0.176563 0.380469 0.021875 0.026562
0 0.954688 0.093750 0.012500 0.021875
0 0.965625 0.007031 0.012500 0.010937
0 0.940625 0.258594 0.012500 0.023438
0 0.934375 0.343750 0.015625 0.018750
0 0.927344 0.403125 0.014063 0.021875
0 0.918750 0.475000 0.015625 0.025000
0 0.915625 0.517969 0.021875 0.029687
0 0.290625 0.452344 0.028125 0.014063
0 0.118750 0.812500 0.025000 0.009375
0 0.115625 0.836719 0.028125 0.010937
0 0.131250 0.684375 0.021875 0.009375
0 0.249219 0.943750 0.029687 0.012500
0 0.130469 0.650781 0.032813 0.014063
0 0.129688 0.667969 0.034375 0.017188
0 0.114062 0.867188 0.025000 0.012500
0 0.110937 0.884375 0.028125 0.012500
