0 0.367969 0.025000 0.026562 0.012500
0 0.392969 0.054688 0.026562 0.012500
0 0.396875 0.065625 0.031250 0.012500
0 0.400000 0.078125 0.034375 0.012500
0 0.409375 0.096875 0.028125 0.012500
0 0.417969 0.106250 0.026562 0.009375
0 0.415625 0.118750 0.025000 0.009375
0 0.446094 0.106250 0.026562 0.015625
0 0.459375 0.128125 0.028125 0.015625
0 0.424219 0.127344 0.029687 0.014063
0 0.431250 0.139844 0.028125 0.014063
0 0.436719 0.146875 0.023438 0.012500
0 0.442188 0.158594 0.028125 0.014063
0 0.460938 0.187500 0.031250 0.015625
0 0.462500 0.196875 0.025000 0.012500
0 0.470313 0.210938 0.028125 0.012500
0 0.474219 0.218750 0.026562 0.012500
0 0.477344 0.230469 0.023438 0.010937
0 0.484375 0.240625 0.028125 0.018750
0 0.321875 0.149219 0.028125 0.014063
0 0.348438 0.159375 0.034375 0.015625
0 0.349219 0.210938 0.026562 0.015625
0 0.355469 0.225000 0.029687 0.015625
0 0.312500 0.214844 0.018750 0.017188
0 0.384375 0.289844 0.028125 0.017188
0 0.692187 0.540625 0.025000 0.015625
0 0.703125 0.552344 0.025000 0.014063
0 0.709375 0.562500 0.028125 0.015625
0 0.659375 0.578125 0.018750 0.025000
0 0.689063 0.650000 0.025000 0.031250
0 0.671094 0.616406 0.032813 0.032813
