0 0.165625 0.107813 0.031250 0.018750
0 0.150000 0.212500 0.025000 0.015625
0 0.251563 0.196875 0.025000 0.021875
0 0.442969 0.159375 0.029687 0.015625
0 0.460938 0.168750 0.031250 0.018750
0 0.557813 0.125000 0.031250 0.018750
0 0.442969 0.621875 0.020313 0.009375
0 0.443750 0.633594 0.021875 0.010937
0 0.428125 0.481250 0.025000 0.018750
0 0.428125 0.525000 0.028125 0.015625
0 0.473438 0.353125 0.025000 0.012500
0 0.468750 0.368750 0.021875 0.012500
0 0.467969 0.380469 0.020313 0.010937
0 0.462500 0.395313 0.028125 0.012500
0 0.503125 0.425000 0.028125 0.015625
0 0.500000 0.440625 0.028125 0.015625
0 0.492188 0.452344 0.025000 0.017188
0 0.489844 0.464844 0.023438 0.014063
0 0.486719 0.474219 0.026562 0.014063
0 0.477344 0.493750 0.029687 0.015625
0 0.475000 0.515625 0.021875 0.015625
0 0.475000 0.525000 0.021875 0.015625
0 0.480469 0.546875 0.023438 0.009375
0 0.481250 0.559375 0.021875 0.012500
0 0.484375 0.573438 0.028125 0.012500
0 0.486719 0.589063 0.026562 0.018750
0 0.681250 0.332031 0.015625 0.017188
0 0.585938 0.371875 0.012500 0.021875
0 0.703125 0.368750 0.015625 0.018750
0 0.715625 0.367969 0.009375 0.020313
0 0.815625 0.363281 0.015625 0.017188
0 0.846094 0.363281 0.014063 0.017188
0 0.858594 0.364844 0.014063 0.020313
0 0.976562 0.320312 0.015625 0.018750
0 0.956250 0.321875 0.012500 0.021875
0 0.925781 0.320312 0.010937 0.021875
0 0.575000 0.372656 0.012500 0.023438
0 0.793750 0.364844 0.012500 0.020313
