0 0.571094 0.346094 0.029687 0.017188
0 0.619531 0.337500 0.026562 0.012500
0 0.710156 0.471094 0.014063 0.020313
0 0.728906 0.468750 0.010937 0.018750
0 0.785937 0.470313 0.012500 0.025000
0 0.804688 0.475781 0.015625 0.023438
0 0.871094 0.479687 0.014063 0.018750
0 0.901563 0.478125 0.012500 0.021875
0 0.994531 0.450000 0.010937 0.012500
0 0.993750 0.460938 0.012500 0.012500
0 0.982812 0.483594 0.012500 0.023438
0 0.672656 0.770312 0.020313 0.009375
0 0.676562 0.778906 0.021875 0.007812
0 0.675000 0.789062 0.025000 0.009375
0 0.678125 0.796875 0.018750 0.006250
0 0.675000 0.806250 0.025000 0.009375
0 0.964844 0.795312 0.014063 0.018750
0 0.995313 0.797656 0.009375 0.017188
0 0.968750 0.835938 0.012500 0.018750
0 0.982031 0.837500 0.007812 0.015625
0 0.996094 0.839063 0.007812 0.015625
