0 0.689844 0.834375 0.017188 0.028125
0 0.559375 0.725000 0.018750 0.025000
0 0.131250 0.709375 0.025000 0.015625
0 0.015625 0.585938 0.028125 0.012500
0 0.015625 0.746094 0.018750 0.020313
0 0.059375 0.751563 0.021875 0.012500
0 0.024219 0.784375 0.020313 0.025000
0 0.267969 0.356250 0.023438 0.009375
0 0.013281 0.096875 0.023438 0.015625
0 0.043750 0.154688 0.018750 0.021875
0 0.056250 0.162500 0.015625 0.021875
0 0.009375 0.376563 0.015625 0.015625
0 0.021094 0.376563 0.014063 0.015625
0 0.034375 0.376563 0.018750 0.018750
0 0.043750 0.371875 0.012500 0.015625
0 0.058594 0.375000 0.017188 0.021875
0 0.067969 0.380469 0.014063 0.017188
0 0.081250 0.381250 0.009375 0.015625
0 0.092188 0.384375 0.015625 0.015625
0 0.100000 0.392969 0.015625 0.014063
0 0.106250 0.403125 0.025000 0.015625
0 0.112500 0.412500 0.018750 0.015625
0 0.112500 0.421875 0.021875 0.006250
0 0.115625 0.431250 0.025000 0.006250
0 0.109375 0.440625 0.021875 0.006250
0 0.109375 0.450000 0.025000 0.009375
0 0.103125 0.458594 0.025000 0.007812
0 0.099219 0.465625 0.023438 0.009375
0 0.092188 0.474219 0.021875 0.010937
0 0.078125 0.487500 0.025000 0.012500
0 0.071094 0.493750 0.020313 0.012500
0 0.059375 0.501563 0.021875 0.015625
0 0.037500 0.506250 0.028125 0.025000
0 0.036719 0.415625 0.017188 0.018750
0 0.025000 0.418750 0.012500 0.021875
0 0.006250 0.424219 0.009375 0.020313
0 0.050000 0.443750 0.021875 0.018750
0 0.042969 0.453125 0.020313 0.018750
0 0.034375 0.458594 0.015625 0.017188
0 0.030469 0.464844 0.014063 0.017188
0 0.021094 0.470313 0.014063 0.018750
0 0.009375 0.474219 0.015625 0.020313
