0 0.178906 0.344531 0.051562 0.039062
0 0.143750 0.371875 0.053125 0.046875
0 0.116406 0.398438 0.054688 0.046875
0 0.027344 0.389062 0.051562 0.059375
0 0.406250 0.078906 0.025000 0.023438
0 0.445312 0.054688 0.028125 0.018750
0 0.453906 0.046875 0.029687 0.021875
0 0.469531 0.030469 0.026562 0.020313
0 0.478125 0.019531 0.025000 0.020313
0 0.489063 0.014844 0.025000 0.020313
0 0.497656 0.008594 0.026562 0.014063
0 0.510938 0.004687 0.021875 0.006250
0 0.489063 0.083594 0.028125 0.020313
0 0.496875 0.075781 0.025000 0.020313
0 0.509375 0.060156 0.025000 0.020313
0 0.520312 0.053906 0.025000 0.020313
0 0.534375 0.039844 0.021875 0.020313
0 0.551562 0.032813 0.025000 0.021875
0 0.560156 0.026562 0.023438 0.018750
0 0.570312 0.018750 0.021875 0.018750
0 0.575781 0.012500 0.026562 0.021875
0 0.478906 0.122656 0.023438 0.020313
0 0.497656 0.107813 0.026562 0.018750
0 0.508594 0.099219 0.023438 0.020313
0 0.518750 0.091406 0.025000 0.020313
0 0.533594 0.077344 0.026562 0.020313
0 0.546875 0.063281 0.025000 0.020313
0 0.557813 0.053125 0.025000 0.021875
0 0.572656 0.050000 0.023438 0.018750
0 0.582031 0.041406 0.023438 0.017188
0 0.589844 0.034375 0.023438 0.018750
0 0.596875 0.025781 0.021875 0.020313
0 0.575781 0.109375 0.023438 0.021875
0 0.604688 0.092188 0.031250 0.025000
0 0.615625 0.083594 0.025000 0.020313
0 0.625781 0.075000 0.026562 0.025000
0 0.669531 0.059375 0.026562 0.021875
0 0.677344 0.065625 0.020313 0.021875
0 0.690625 0.074219 0.021875 0.023438
0 0.694531 0.078906 0.017188 0.020313
0 0.699219 0.083594 0.017188 0.020313
0 0.703906 0.088281 0.017188 0.020313
0 0.711719 0.092969 0.017188 0.020313
0 0.721094 0.096094 0.020313 0.020313
0 0.754687 0.121094 0.025000 0.023438
0 0.738281 0.020313 0.020313 0.021875
0 0.754687 0.021094 0.021875 0.017188
0 0.758594 0.035156 0.020313 0.020313
0 0.769531 0.042188 0.020313 0.021875
0 0.779687 0.046875 0.021875 0.018750
0 0.790625 0.054688 0.021875 0.021875
0 0.796875 0.061719 0.015625 0.017188
0 0.805469 0.067187 0.020313 0.021875
0 0.815625 0.074219 0.018750 0.020313
0 0.825781 0.082031 0.020313 0.020313
0 0.832031 0.087500 0.020313 0.021875
0 0.843750 0.093750 0.021875 0.021875
0 0.852344 0.102344 0.020313 0.020313
0 0.864844 0.109375 0.020313 0.018750
0 0.873437 0.117188 0.018750 0.021875
0 0.884375 0.125000 0.021875 0.025000
0 0.896094 0.136719 0.020313 0.020313
0 0.909375 0.143750 0.025000 0.021875
0 0.953125 0.175000 0.021875 0.021875
0 0.963281 0.185156 0.020313 0.020313
0 0.987500 0.203906 0.021875 0.023438
