0 0.084135 0.568510 0.028846 0.031250
0 0.179087 0.436298 0.031250 0.036058
0 0.383413 0.539663 0.031250 0.031250
0 0.789663 0.822115 0.036058 0.028846
0 0.758413 0.795673 0.036058 0.028846
0 0.868990 0.677885 0.031250 0.033654
0 0.957933 0.657452 0.026442 0.031250
0 0.943510 0.864183 0.040865 0.021635
0 0.498798 0.932692 0.040865 0.033654
0 0.337740 0.651442 0.031250 0.028846
0 0.336538 0.133413 0.033654 0.016827
0 0.491587 0.605769 0.031250 0.024038
0 0.526442 0.610577 0.028846 0.028846
0 0.597356 0.689904 0.031250 0.028846
0 0.156250 0.989183 0.019231 0.021635
0 0.013221 0.943510 0.021635 0.026442
0 0.364183 0.088942 0.040865 0.028846
