0 0.948317 0.572115 0.036058 0.014423
0 0.385817 0.943510 0.021635 0.031250
0 0.683894 0.459135 0.040865 0.014423
0 0.650240 0.475962 0.040865 0.014423
0 0.686298 0.439904 0.040865 0.014423
0 0.689904 0.426683 0.033654 0.012019
0 0.689904 0.413462 0.033654 0.014423
0 0.655048 0.397837 0.040865 0.012019
0 0.652644 0.425481 0.040865 0.014423
0 0.646635 0.435096 0.033654 0.009615
0 0.582933 0.381010 0.031250 0.012019
0 0.581731 0.394231 0.028846 0.014423
0 0.569712 0.466346 0.033654 0.009615
0 0.628606 0.222356 0.016827 0.026442
0 0.704327 0.098558 0.033654 0.014423
0 0.704327 0.085337 0.033654 0.012019
0 0.709135 0.068510 0.028846 0.012019
0 0.709135 0.048077 0.033654 0.014423
0 0.604567 0.090144 0.040865 0.007212
0 0.611779 0.079327 0.031250 0.014423
0 0.614183 0.066106 0.026442 0.012019
0 0.616587 0.054087 0.031250 0.012019
0 0.616587 0.037260 0.026442 0.012019
0 0.627404 0.016827 0.033654 0.014423
0 0.632212 0.006010 0.028846 0.007212
0 0.725962 0.007212 0.033654 0.009615
0 0.179087 0.022837 0.016827 0.026442
0 0.162260 0.021635 0.016827 0.024038
0 0.054087 0.022837 0.031250 0.012019
0 0.052885 0.038462 0.033654 0.014423
0 0.355769 0.500000 0.028846 0.014423
0 0.397837 0.501202 0.040865 0.016827
0 0.320913 0.493990 0.031250 0.016827
0 0.131010 0.558894 0.016827 0.021635
0 0.104567 0.479567 0.036058 0.016827
0 0.067308 0.483173 0.028846 0.019231
0 0.044471 0.554087 0.016827 0.021635
0 0.106971 0.561298 0.016827 0.021635
0 0.010817 0.530048 0.016827 0.007212
0 0.257212 0.986779 0.038462 0.012019
0 0.212740 0.021635 0.016827 0.024038
0 0.225962 0.022837 0.019231 0.026442
0 0.245192 0.024038 0.019231 0.028846
