0 0.225000 0.014063 0.015625 0.025000
0 0.109375 0.041406 0.025000 0.014063
0 0.101562 0.052344 0.021875 0.014063
0 0.107031 0.065625 0.029687 0.015625
0 0.070312 0.111719 0.031250 0.017188
0 0.064062 0.119531 0.025000 0.014063
0 0.253906 0.053125 0.029687 0.025000
0 0.237500 0.081250 0.031250 0.018750
0 0.177344 0.137500 0.026562 0.018750
0 0.103125 0.166406 0.015625 0.026562
0 0.061719 0.207031 0.029687 0.010937
0 0.067187 0.219531 0.031250 0.014063
0 0.071094 0.314844 0.029687 0.014063
0 0.224219 0.267188 0.029687 0.021875
0 0.248438 0.286719 0.028125 0.017188
0 0.300000 0.363281 0.025000 0.020313
0 0.285938 0.370312 0.031250 0.025000
0 0.273438 0.379688 0.028125 0.025000
0 0.262500 0.386719 0.025000 0.020313
0 0.212500 0.425781 0.018750 0.017188
0 0.202344 0.431250 0.023438 0.018750
0 0.186719 0.438281 0.026562 0.029687
0 0.056250 0.353125 0.025000 0.018750
0 0.067969 0.362500 0.026562 0.018750
0 0.741406 0.085156 0.020313 0.023438
0 0.795312 0.094531 0.015625 0.023438
0 0.894531 0.103906 0.017188 0.026562
0 0.941406 0.103906 0.014063 0.026562
0 0.954688 0.110156 0.015625 0.026562
0 0.877344 0.196875 0.014063 0.028125
0 0.892188 0.192188 0.012500 0.018750
0 0.889062 0.210156 0.012500 0.020313
0 0.777344 0.189062 0.017188 0.025000
0 0.763281 0.201563 0.017188 0.021875
0 0.546875 0.159375 0.025000 0.015625
0 0.536719 0.167969 0.023438 0.010937
0 0.539844 0.218750 0.029687 0.018750
0 0.517969 0.255469 0.020313 0.010937
0 0.533594 0.265625 0.026562 0.009375
0 0.524219 0.375000 0.035937 0.012500
0 0.674219 0.369531 0.020313 0.020313
0 0.853906 0.375781 0.014063 0.026562
0 0.870313 0.382812 0.012500 0.025000
0 0.926562 0.380469 0.015625 0.023438
0 0.865625 0.457813 0.021875 0.028125
0 0.825781 0.405469 0.026562 0.017188
0 0.707031 0.419531 0.026562 0.014063
0 0.798438 0.457031 0.018750 0.026562
0 0.675000 0.450781 0.012500 0.020313
0 0.563281 0.414062 0.023438 0.021875
0 0.560156 0.432812 0.026562 0.018750
0 0.921875 0.710938 0.015625 0.012500
0 0.843750 0.729688 0.031250 0.015625
0 0.871094 0.775781 0.010937 0.017188
0 0.869531 0.796875 0.014063 0.018750
0 0.650781 0.696875 0.032813 0.018750
0 0.486719 0.685937 0.026562 0.012500
0 0.475781 0.708594 0.029687 0.014063
0 0.592969 0.809375 0.017188 0.021875
0 0.438281 0.911719 0.029687 0.020313
0 0.261719 0.862500 0.026562 0.012500
0 0.021094 0.905469 0.032813 0.014063
0 0.667188 0.994531 0.037500 0.010937
