0 0.602344 0.049219 0.014063 0.023438
0 0.710938 0.047656 0.015625 0.023438
0 0.751563 0.049219 0.012500 0.023438
0 0.765625 0.050000 0.012500 0.025000
0 0.782031 0.051562 0.017188 0.021875
0 0.792969 0.040625 0.017188 0.018750
0 0.833594 0.040625 0.017188 0.021875
0 0.686719 0.263281 0.014063 0.020313
0 0.703125 0.264844 0.012500 0.023438
0 0.732812 0.263281 0.012500 0.023438
0 0.771875 0.266406 0.012500 0.023438
0 0.785156 0.267969 0.010937 0.020313
0 0.814844 0.277344 0.014063 0.026562
0 0.867188 0.335938 0.031250 0.015625
0 0.867188 0.357812 0.028125 0.012500
0 0.884375 0.401562 0.025000 0.018750
0 0.852344 0.421094 0.023438 0.017188
0 0.875781 0.431250 0.020313 0.015625
0 0.817187 0.454688 0.015625 0.015625
0 0.800000 0.448437 0.018750 0.021875
0 0.791406 0.350000 0.020313 0.025000
0 0.771875 0.400000 0.028125 0.012500
0 0.721875 0.448437 0.028125 0.018750
0 0.725000 0.462500 0.031250 0.018750
0 0.509375 0.257031 0.031250 0.014063
0 0.506250 0.266406 0.025000 0.010937
0 0.507031 0.274219 0.017188 0.010937
0 0.435156 0.271875 0.029687 0.015625
0 0.486719 0.321875 0.029687 0.015625
0 0.493750 0.415625 0.021875 0.031250
0 0.563281 0.547656 0.023438 0.014063
0 0.544531 0.575781 0.026562 0.014063
0 0.084375 0.654687 0.031250 0.018750
0 0.014844 0.623437 0.026562 0.021875
0 0.437500 0.771094 0.028125 0.026562
0 0.574219 0.839844 0.026562 0.020313
0 0.646094 0.886719 0.023438 0.029687
0 0.669531 0.886719 0.020313 0.020313
0 0.542969 0.912500 0.032813 0.021875
0 0.710156 0.938281 0.017188 0.026562
0 0.380469 0.857812 0.026562 0.025000
0 0.296875 0.839844 0.025000 0.020313
0 0.892188 0.930469 0.028125 0.032813
0 0.948438 0.916406 0.021875 0.026562
0 0.278906 0.220312 0.026562 0.015625
0 0.217188 0.426563 0.025000 0.018750
