0 0.574219 0.156250 0.010937 0.021875
0 0.600000 0.156250 0.009375 0.015625
0 0.293750 0.929688 0.021875 0.006250
0 0.317969 0.940625 0.020313 0.009375
0 0.286719 0.986719 0.010937 0.010937
0 0.317188 0.984375 0.021875 0.006250
0 0.325000 0.993750 0.021875 0.009375
0 0.330469 0.821094 0.020313 0.010937
0 0.353125 0.846094 0.021875 0.007812
0 0.353125 0.856250 0.021875 0.009375
0 0.358594 0.868750 0.020313 0.009375
0 0.368750 0.883594 0.018750 0.007812
0 0.375000 0.893750 0.018750 0.006250
0 0.378125 0.901563 0.015625 0.009375
0 0.380469 0.912500 0.020313 0.012500
0 0.389844 0.921875 0.014063 0.009375
0 0.396875 0.893750 0.015625 0.009375
0 0.409375 0.914844 0.015625 0.010937
0 0.412500 0.964844 0.025000 0.007812
0 0.225000 0.039062 0.015625 0.018750
0 0.227344 0.150781 0.014063 0.020313
