0 0.325781 0.162500 0.010937 0.018750
0 0.313281 0.164062 0.014063 0.021875
0 0.215625 0.238281 0.012500 0.020313
0 0.255469 0.240625 0.014063 0.021875
0 0.267188 0.242188 0.012500 0.018750
0 0.278906 0.244531 0.014063 0.017188
0 0.221094 0.289844 0.014063 0.020313
0 0.235937 0.289062 0.012500 0.018750
0 0.259375 0.289844 0.015625 0.020313
0 0.272656 0.288281 0.014063 0.020313
0 0.307812 0.288281 0.015625 0.023438
0 0.324219 0.290625 0.014063 0.021875
0 0.666406 0.861719 0.023438 0.014063
0 0.663281 0.874219 0.023438 0.010937
0 0.664844 0.886719 0.029687 0.014063
0 0.663281 0.902344 0.026562 0.010937
0 0.662500 0.923438 0.025000 0.012500
0 0.660156 0.934375 0.023438 0.009375
0 0.762500 0.924219 0.012500 0.020313
0 0.749219 0.919531 0.010937 0.014063
0 0.788281 0.920312 0.014063 0.021875
0 0.802344 0.921875 0.014063 0.021875
0 0.813281 0.927344 0.014063 0.020313
0 0.026562 0.629687 0.018750 0.028125
0 0.095312 0.649219 0.028125 0.017188
0 0.100000 0.728125 0.028125 0.012500
0 0.091406 0.812500 0.023438 0.012500
0 0.089063 0.851562 0.021875 0.012500
0 0.083594 0.866406 0.026562 0.010937
0 0.089063 0.875781 0.025000 0.010937
0 0.085156 0.904687 0.029687 0.015625
0 0.100781 0.991406 0.020313 0.017188
