0 0.446875 0.293750 0.025000 0.018750
0 0.456250 0.325000 0.028125 0.015625
0 0.377344 0.368750 0.026562 0.018750
0 0.332813 0.389844 0.018750 0.017188
0 0.302344 0.380469 0.020313 0.020313
0 0.104688 0.017969 0.021875 0.010937
0 0.107813 0.027344 0.028125 0.014063
0 0.100000 0.077344 0.028125 0.014063
0 0.086719 0.187500 0.020313 0.006250
0 0.085938 0.172656 0.018750 0.007812
0 0.092188 0.152344 0.015625 0.007812
0 0.082031 0.220312 0.020313 0.006250
0 0.091406 0.159375 0.020313 0.006250
0 0.085938 0.181250 0.021875 0.006250
0 0.078906 0.267188 0.023438 0.006250
0 0.077344 0.275000 0.023438 0.009375
0 0.078125 0.305469 0.025000 0.010937
0 0.073438 0.315625 0.021875 0.009375
0 0.006250 0.368750 0.009375 0.009375
0 0.008594 0.378125 0.014063 0.006250
0 0.008594 0.389844 0.014063 0.007812
0 0.010156 0.406250 0.017188 0.009375
0 0.006250 0.425000 0.009375 0.012500
0 0.006250 0.442188 0.009375 0.006250
0 0.005469 0.453125 0.007812 0.006250
0 0.006250 0.464844 0.009375 0.007812
0 0.149219 0.520312 0.020313 0.021875
0 0.105469 0.609375 0.014063 0.015625
0 0.068750 0.678125 0.018750 0.018750
0 0.709375 0.171094 0.025000 0.014063
0 0.640625 0.207813 0.025000 0.015625
0 0.071094 0.358594 0.023438 0.010937
0 0.071094 0.370312 0.023438 0.009375
0 0.073438 0.329688 0.025000 0.009375
0 0.104688 0.036719 0.028125 0.007812
0 0.085156 0.196094 0.023438 0.007812
0 0.080469 0.227344 0.023438 0.007812
0 0.081250 0.235156 0.025000 0.007812
