0 0.069531 0.271094 0.017188 0.020313
0 0.183594 0.278125 0.020313 0.025000
0 0.148438 0.314063 0.031250 0.012500
0 0.264844 0.304688 0.026562 0.021875
0 0.277344 0.316406 0.026562 0.017188
0 0.272656 0.346875 0.026562 0.012500
0 0.250000 0.361719 0.031250 0.017188
0 0.093750 0.360938 0.012500 0.025000
0 0.076563 0.364844 0.015625 0.026562
0 0.034375 0.353906 0.021875 0.042188
0 0.021094 0.357031 0.017188 0.023438
0 0.230469 0.546875 0.032813 0.015625
0 0.229687 0.611719 0.031250 0.014063
0 0.223438 0.656250 0.021875 0.012500
0 0.188281 0.676562 0.017188 0.028125
0 0.215625 0.729688 0.028125 0.015625
0 0.210156 0.784375 0.032813 0.015625
0 0.216406 0.800000 0.023438 0.012500
0 0.174219 0.807813 0.023438 0.018750
0 0.192188 0.824219 0.021875 0.017188
0 0.044531 0.750781 0.014063 0.020313
0 0.055469 0.759375 0.017188 0.021875
0 0.111719 0.839844 0.020313 0.023438
0 0.100000 0.842187 0.021875 0.021875
0 0.031250 0.832812 0.015625 0.025000
0 0.075781 0.019531 0.032813 0.017188
0 0.075781 0.028906 0.032813 0.017188
