0 0.972356 0.674279 0.040865 0.026442
0 0.977163 0.701923 0.036058 0.024038
0 0.975962 0.717548 0.038462 0.021635
0 0.298077 0.106971 0.024038 0.036058
0 0.224760 0.109375 0.021635 0.021635
0 0.179087 0.105769 0.026442 0.038462
0 0.152644 0.900240 0.031250 0.026442
0 0.099760 0.873798 0.026442 0.026442
0 0.132212 0.811298 0.033654 0.021635
0 0.117788 0.769231 0.028846 0.028846
0 0.139423 0.774038 0.024038 0.024038
0 0.608173 0.253606 0.043269 0.021635
0 0.489183 0.551683 0.045673 0.026442
0 0.008413 0.807692 0.012019 0.024038
0 0.018029 0.818510 0.021635 0.026442
0 0.049279 0.834135 0.021635 0.024038
0 0.066106 0.846154 0.026442 0.028846
