0 0.802344 0.575781 0.032813 0.017188
0 0.841406 0.632812 0.026562 0.034375
0 0.730469 0.658594 0.014063 0.023438
0 0.728125 0.691406 0.015625 0.026562
0 0.953906 0.795312 0.042188 0.021875
0 0.922656 0.794531 0.026562 0.014063
0 0.842969 0.759375 0.014063 0.021875
0 0.337500 0.631250 0.015625 0.021875
0 0.337500 0.655469 0.015625 0.020313
0 0.239063 0.709375 0.025000 0.015625
0 0.680469 0.976562 0.020313 0.021875
0 0.807031 0.968750 0.014063 0.021875
0 0.842187 0.985156 0.012500 0.020313
0 0.854688 0.986719 0.015625 0.020313
