0 0.009375 0.387500 0.015625 0.028125
0 0.014844 0.512500 0.017188 0.028125
0 0.156250 0.434375 0.015625 0.018750
0 0.102344 0.507031 0.017188 0.026562
0 0.117969 0.505469 0.014063 0.020313
0 0.116406 0.528125 0.014063 0.021875
0 0.524219 0.012500 0.020313 0.021875
0 0.474219 0.505469 0.017188 0.023438
0 0.498437 0.509375 0.018750 0.021875
0 0.527344 0.507031 0.020313 0.026562
0 0.500000 0.534375 0.018750 0.021875
0 0.521875 0.835938 0.018750 0.021875
0 0.770312 0.823438 0.028125 0.015625
0 0.817187 0.841406 0.031250 0.010937
0 0.819531 0.860938 0.029687 0.012500
0 0.814844 0.879687 0.035937 0.015625
0 0.817187 0.936719 0.031250 0.014063
0 0.846875 0.953125 0.021875 0.028125
0 0.881250 0.871875 0.015625 0.021875
0 0.895312 0.874219 0.012500 0.020313
0 0.909375 0.876563 0.012500 0.021875
0 0.922656 0.875781 0.014063 0.020313
0 0.935156 0.875781 0.010937 0.023438
0 0.947656 0.876563 0.014063 0.021875
0 0.960156 0.877344 0.014063 0.023438
0 0.976562 0.877344 0.012500 0.023438
0 0.987500 0.875781 0.012500 0.020313
0 0.996094 0.875000 0.007812 0.018750
0 0.896094 0.897656 0.014063 0.023438
0 0.934375 0.897656 0.015625 0.020313
0 0.947656 0.897656 0.014063 0.020313
0 0.981250 0.825000 0.015625 0.021875
0 0.995313 0.825000 0.009375 0.018750
0 0.690625 0.706250 0.025000 0.009375
0 0.689063 0.696875 0.028125 0.009375
0 0.686719 0.685937 0.026562 0.009375
0 0.688281 0.674219 0.029687 0.010937
0 0.691406 0.664062 0.029687 0.012500
0 0.753906 0.715625 0.023438 0.009375
0 0.749219 0.706250 0.029687 0.009375
0 0.747656 0.694531 0.023438 0.010937
0 0.750000 0.685156 0.021875 0.010937
0 0.747656 0.674219 0.026562 0.007812
0 0.747656 0.665625 0.020313 0.006250
0 0.746875 0.656250 0.021875 0.009375
0 0.746875 0.645312 0.021875 0.009375
0 0.747656 0.636719 0.026562 0.014063
0 0.685156 0.627344 0.026562 0.010937
0 0.685937 0.617188 0.034375 0.012500
0 0.687500 0.604688 0.031250 0.009375
0 0.685156 0.596875 0.029687 0.009375
0 0.685156 0.587500 0.026562 0.009375
0 0.685156 0.577344 0.029687 0.010937
0 0.688281 0.566406 0.029687 0.010937
0 0.687500 0.554688 0.028125 0.012500
0 0.685156 0.538281 0.026562 0.010937
0 0.685156 0.526563 0.026562 0.009375
0 0.685937 0.517969 0.025000 0.010937
0 0.747656 0.554688 0.026562 0.009375
0 0.746875 0.564844 0.025000 0.007812
0 0.747656 0.574219 0.026562 0.007812
0 0.746875 0.582812 0.028125 0.009375
0 0.747656 0.595313 0.029687 0.009375
0 0.748437 0.606250 0.031250 0.009375
0 0.747656 0.617188 0.029687 0.009375
0 0.686719 0.425000 0.029687 0.009375
0 0.682813 0.364063 0.025000 0.012500
