0 0.096875 0.158594 0.018750 0.007812
0 0.405469 0.011719 0.014063 0.010937
0 0.228125 0.068750 0.025000 0.009375
0 0.240625 0.042188 0.018750 0.012500
0 0.749219 0.125000 0.010937 0.015625
0 0.602344 0.189844 0.010937 0.017188
0 0.692969 0.209375 0.014063 0.018750
0 0.780469 0.218750 0.017188 0.012500
0 0.856250 0.262500 0.015625 0.012500
0 0.884375 0.187500 0.009375 0.021875
0 0.974219 0.234375 0.007812 0.015625
0 0.008594 0.129688 0.014063 0.018750
0 0.140625 0.125000 0.018750 0.009375
0 0.009375 0.406250 0.015625 0.015625
0 0.080469 0.379688 0.023438 0.012500
0 0.093750 0.371875 0.015625 0.015625
0 0.368750 0.454688 0.021875 0.012500
0 0.368750 0.442969 0.018750 0.010937
0 0.421875 0.421094 0.018750 0.014063
0 0.468750 0.374219 0.021875 0.017188
0 0.526563 0.353125 0.009375 0.015625
0 0.546094 0.348438 0.010937 0.021875
0 0.540625 0.371875 0.012500 0.015625
0 0.574219 0.396094 0.007812 0.020313
0 0.642969 0.442969 0.017188 0.020313
0 0.721094 0.468750 0.010937 0.012500
0 0.712500 0.489063 0.012500 0.018750
0 0.735938 0.478125 0.009375 0.015625
0 0.934375 0.439844 0.018750 0.014063
0 0.949219 0.439063 0.014063 0.012500
0 0.364844 0.496875 0.023438 0.009375
0 0.381250 0.531250 0.031250 0.009375
0 0.500000 0.506250 0.025000 0.015625
0 0.412500 0.589063 0.009375 0.015625
0 0.499219 0.578125 0.014063 0.015625
0 0.512500 0.578125 0.012500 0.018750
0 0.593750 0.543750 0.015625 0.015625
0 0.648438 0.567969 0.012500 0.014063
0 0.634375 0.578125 0.015625 0.018750
0 0.742969 0.568750 0.010937 0.018750
0 0.755469 0.587500 0.014063 0.021875
0 0.893750 0.564063 0.012500 0.018750
0 0.017188 0.593750 0.012500 0.018750
0 0.078125 0.621094 0.009375 0.020313
0 0.092188 0.611719 0.012500 0.020313
0 0.185938 0.721094 0.021875 0.014063
0 0.174219 0.730469 0.017188 0.010937
0 0.185938 0.739844 0.025000 0.017188
0 0.146875 0.787500 0.018750 0.009375
0 0.145313 0.799219 0.015625 0.010937
0 0.283594 0.708594 0.007812 0.023438
0 0.306250 0.737500 0.021875 0.009375
0 0.298438 0.765625 0.025000 0.012500
0 0.252344 0.811719 0.017188 0.010937
0 0.792969 0.771094 0.010937 0.014063
0 0.840625 0.775000 0.012500 0.018750
0 0.940625 0.787500 0.009375 0.018750
0 0.956250 0.776563 0.009375 0.018750
0 0.987500 0.787500 0.012500 0.025000
0 0.996875 0.787500 0.003125 0.025000
0 0.081250 0.205469 0.015625 0.017188
0 0.010937 0.200781 0.015625 0.023438
0 0.153906 0.197656 0.017188 0.023438
0 0.200000 0.214062 0.021875 0.018750
0 0.181250 0.843750 0.015625 0.025000
0 0.140625 0.885156 0.028125 0.014063
0 0.146094 0.991406 0.023438 0.010937
0 0.278906 0.949219 0.023438 0.020313
0 0.303125 0.967969 0.021875 0.014063
0 0.600000 0.841406 0.025000 0.014063
0 0.591406 0.902344 0.026562 0.010937
0 0.571094 0.938281 0.023438 0.010937
0 0.585156 0.946875 0.026562 0.009375
0 0.825000 0.871875 0.018750 0.021875
