0 0.183594 0.211719 0.032813 0.010937
0 0.179688 0.221875 0.028125 0.012500
0 0.181250 0.232031 0.028125 0.010937
0 0.181250 0.243750 0.028125 0.012500
0 0.180469 0.261719 0.032813 0.010937
0 0.246875 0.203906 0.031250 0.014063
0 0.275781 0.207813 0.026562 0.012500
0 0.344531 0.210156 0.026562 0.014063
0 0.342969 0.221875 0.039062 0.012500
0 0.339062 0.250781 0.025000 0.010937
0 0.337500 0.261719 0.028125 0.010937
0 0.246875 0.236719 0.025000 0.010937
0 0.246094 0.246094 0.032813 0.010937
0 0.272656 0.249219 0.029687 0.010937
0 0.242969 0.257812 0.029687 0.012500
0 0.071094 0.285156 0.032813 0.017188
0 0.032813 0.314063 0.031250 0.015625
0 0.065625 0.316406 0.031250 0.014063
0 0.252344 0.297656 0.035937 0.014063
0 0.767188 0.244531 0.028125 0.017188
0 0.764844 0.256250 0.026562 0.012500
0 0.792188 0.246875 0.021875 0.012500
0 0.793750 0.257031 0.021875 0.010937
0 0.792969 0.267188 0.029687 0.015625
0 0.629687 0.394531 0.031250 0.014063
0 0.626563 0.414062 0.025000 0.012500
0 0.628125 0.425781 0.028125 0.010937
0 0.694531 0.417969 0.029687 0.010937
0 0.721875 0.412500 0.028125 0.012500
0 0.782031 0.425000 0.032813 0.012500
0 0.784375 0.455469 0.028125 0.014063
0 0.689844 0.438281 0.029687 0.014063
0 0.716406 0.453125 0.029687 0.012500
0 0.365625 0.389062 0.028125 0.015625
0 0.277344 0.401562 0.029687 0.012500
0 0.302344 0.414844 0.035937 0.014063
0 0.272656 0.422656 0.026562 0.010937
0 0.210156 0.380469 0.029687 0.014063
0 0.209375 0.401562 0.028125 0.012500
0 0.202344 0.417969 0.029687 0.010937
0 0.204687 0.428906 0.025000 0.010937
0 0.177344 0.677344 0.026562 0.010937
0 0.173437 0.689844 0.031250 0.010937
0 0.170313 0.698438 0.028125 0.009375
0 0.170313 0.708594 0.028125 0.010937
0 0.160156 0.729688 0.020313 0.009375
0 0.160156 0.740625 0.026562 0.012500
0 0.155469 0.749219 0.029687 0.010937
0 0.153125 0.760938 0.028125 0.012500
0 0.151562 0.771875 0.034375 0.012500
0 0.258594 0.672656 0.026562 0.010937
0 0.259375 0.683594 0.028125 0.007812
0 0.253125 0.691406 0.028125 0.010937
0 0.252344 0.702344 0.029687 0.010937
0 0.237500 0.735156 0.028125 0.014063
0 0.235156 0.755469 0.026562 0.010937
0 0.232813 0.767188 0.025000 0.009375
0 0.232813 0.778125 0.028125 0.009375
0 0.168750 0.880469 0.018750 0.026562
0 0.718750 0.685937 0.012500 0.021875
0 0.733594 0.687500 0.014063 0.018750
0 0.953125 0.669531 0.018750 0.026562
0 0.990625 0.590625 0.018750 0.012500
0 0.988281 0.619531 0.023438 0.010937
0 0.987500 0.632812 0.025000 0.015625
0 0.914062 0.693750 0.012500 0.018750
0 0.896094 0.869531 0.010937 0.020313
0 0.893750 0.895312 0.012500 0.021875
0 0.892969 0.921875 0.017188 0.025000
0 0.926562 0.960938 0.015625 0.021875
0 0.884375 0.992969 0.015625 0.014063
