0 0.525000 0.035156 0.028125 0.014063
0 0.530469 0.095312 0.023438 0.015625
0 0.758594 0.227344 0.014063 0.020313
0 0.791406 0.244531 0.010937 0.020313
0 0.803906 0.242188 0.010937 0.018750
0 0.826562 0.257031 0.012500 0.023438
0 0.839844 0.259375 0.014063 0.021875
0 0.944531 0.253906 0.014063 0.026562
0 0.985156 0.256250 0.014063 0.031250
0 0.607031 0.270313 0.017188 0.021875
0 0.678906 0.306250 0.026562 0.025000
0 0.714844 0.321875 0.017188 0.018750
0 0.727344 0.326562 0.020313 0.021875
0 0.757031 0.335938 0.014063 0.021875
0 0.795312 0.323437 0.015625 0.021875
0 0.788281 0.342969 0.014063 0.017188
0 0.854688 0.329688 0.021875 0.028125
0 0.868750 0.353125 0.021875 0.028125
0 0.941406 0.386719 0.014063 0.026562
0 0.971094 0.372656 0.010937 0.023438
0 0.989844 0.371094 0.017188 0.026562
0 0.565625 0.871875 0.021875 0.018750
0 0.578125 0.895312 0.025000 0.025000
0 0.481250 0.883594 0.028125 0.014063
0 0.526563 0.958594 0.028125 0.014063
