0 0.114844 0.092969 0.020313 0.023438
0 0.143750 0.097656 0.018750 0.020313
0 0.423438 0.112500 0.018750 0.025000
0 0.513281 0.114062 0.020313 0.021875
0 0.589063 0.117969 0.015625 0.020313
0 0.608594 0.125000 0.014063 0.018750
0 0.825000 0.132812 0.015625 0.025000
0 0.732812 0.010156 0.028125 0.014063
0 0.927344 0.582812 0.029687 0.015625
0 0.993750 0.567187 0.012500 0.009375
0 0.990625 0.576562 0.018750 0.009375
0 0.978125 0.630469 0.031250 0.014063
0 0.951562 0.787500 0.021875 0.021875
0 0.314063 0.802344 0.021875 0.017188
0 0.346875 0.816406 0.015625 0.017188
0 0.359375 0.821875 0.018750 0.018750
0 0.377344 0.831250 0.023438 0.025000
0 0.399219 0.842187 0.017188 0.018750
0 0.413281 0.846094 0.017188 0.026562
0 0.065625 0.791406 0.018750 0.020313
0 0.077344 0.799219 0.017188 0.017188
0 0.096094 0.800781 0.020313 0.020313
0 0.126562 0.812500 0.021875 0.018750
0 0.524219 0.913281 0.032813 0.020313
0 0.601562 0.951562 0.034375 0.025000
0 0.438281 0.973437 0.026562 0.018750
0 0.014844 0.159375 0.023438 0.012500
0 0.015625 0.170313 0.028125 0.015625
