0 0.053125 0.178906 0.040625 0.020313
0 0.075000 0.194531 0.025000 0.017188
0 0.292969 0.192188 0.029687 0.012500
0 0.867969 0.193750 0.029687 0.018750
0 0.972656 0.367188 0.017188 0.018750
0 0.921094 0.363281 0.020313 0.020313
0 0.879687 0.361719 0.018750 0.023438
0 0.861719 0.361719 0.014063 0.020313
0 0.537500 0.336719 0.018750 0.020313
0 0.521094 0.335938 0.014063 0.021875
0 0.504687 0.334375 0.015625 0.021875
0 0.495312 0.331250 0.015625 0.021875
0 0.480469 0.332031 0.023438 0.023438
0 0.433594 0.331250 0.026562 0.025000
0 0.396094 0.515625 0.029687 0.021875
0 0.433594 0.558594 0.020313 0.026562
0 0.651563 0.589844 0.028125 0.014063
0 0.615625 0.588281 0.034375 0.017188
0 0.056250 0.220312 0.018750 0.021875
0 0.028906 0.227344 0.020313 0.029687
0 0.126562 0.285156 0.018750 0.023438
0 0.061719 0.283594 0.020313 0.020313
0 0.039844 0.280469 0.023438 0.023438
0 0.157031 0.311719 0.020313 0.023438
0 0.138281 0.308594 0.017188 0.020313
0 0.123438 0.306250 0.018750 0.018750
0 0.024219 0.301563 0.020313 0.021875
0 0.009375 0.297656 0.015625 0.023438
0 0.022656 0.835156 0.020313 0.010937
0 0.022656 0.873437 0.017188 0.015625
0 0.087500 0.837500 0.028125 0.012500
0 0.085156 0.850781 0.032813 0.014063
0 0.081250 0.876563 0.028125 0.012500
0 0.077344 0.889062 0.026562 0.009375
0 0.507812 0.870313 0.028125 0.012500
0 0.503125 0.882812 0.028125 0.012500
0 0.533594 0.874219 0.023438 0.014063
0 0.534375 0.882812 0.028125 0.009375
0 0.532813 0.893750 0.031250 0.015625
0 0.985156 0.749219 0.017188 0.023438
0 0.896875 0.890625 0.025000 0.012500
0 0.894531 0.900000 0.026562 0.009375
0 0.889062 0.910937 0.028125 0.012500
0 0.961719 0.906250 0.029687 0.015625
0 0.959375 0.917969 0.028125 0.010937
0 0.978125 0.929688 0.025000 0.015625
0 0.950000 0.933594 0.028125 0.014063
0 0.947656 0.945312 0.029687 0.012500
0 0.941406 0.954688 0.032813 0.015625
0 0.611719 0.229687 0.029687 0.018750
