0 0.035937 0.570312 0.015625 0.018750
0 0.453125 0.253125 0.031250 0.021875
0 0.461719 0.275000 0.026562 0.018750
0 0.523438 0.193750 0.012500 0.025000
0 0.546875 0.193750 0.018750 0.021875
0 0.559375 0.192188 0.018750 0.028125
0 0.575000 0.190625 0.012500 0.025000
0 0.600000 0.185938 0.018750 0.028125
0 0.634375 0.184375 0.018750 0.025000
0 0.653125 0.184375 0.018750 0.025000
0 0.678125 0.187500 0.025000 0.043750
0 0.721875 0.179688 0.021875 0.028125
0 0.739844 0.176563 0.017188 0.021875
0 0.730469 0.128125 0.014063 0.021875
0 0.745313 0.126562 0.018750 0.021875
0 0.558594 0.145313 0.020313 0.021875
0 0.543750 0.143750 0.015625 0.021875
0 0.521875 0.146094 0.018750 0.020313
0 0.503125 0.142969 0.015625 0.026562
0 0.492969 0.148438 0.017188 0.028125
0 0.478125 0.148438 0.015625 0.025000
0 0.337500 0.064844 0.028125 0.014063
0 0.342969 0.075000 0.029687 0.015625
0 0.350000 0.083594 0.034375 0.014063
0 0.356250 0.096875 0.028125 0.015625
0 0.360938 0.111719 0.028125 0.014063
0 0.378125 0.134375 0.025000 0.015625
0 0.387500 0.145313 0.025000 0.015625
0 0.446875 0.124219 0.025000 0.014063
0 0.442188 0.117969 0.028125 0.014063
0 0.434375 0.105469 0.028125 0.014063
0 0.428125 0.096875 0.028125 0.012500
0 0.412500 0.071875 0.025000 0.015625
0 0.403125 0.065625 0.025000 0.012500
0 0.400000 0.057813 0.031250 0.012500
0 0.389844 0.017969 0.032813 0.014063
0 0.392969 0.009375 0.029687 0.009375
0 0.390625 0.003125 0.025000 0.003125
0 0.356250 0.007031 0.018750 0.010937
