0 0.713281 0.075000 0.029687 0.012500
0 0.604688 0.128906 0.040625 0.017188
0 0.607812 0.149219 0.034375 0.017188
0 0.937500 0.276562 0.021875 0.031250
0 0.492969 0.565625 0.020313 0.021875
0 0.951562 0.928125 0.034375 0.018750
0 0.916406 0.989062 0.029687 0.018750
0 0.517969 0.629687 0.017188 0.025000
0 0.503906 0.628906 0.017188 0.026562
0 0.489063 0.627344 0.015625 0.026562
0 0.517969 0.671875 0.014063 0.021875
0 0.501563 0.670312 0.018750 0.021875
0 0.482031 0.667969 0.014063 0.026562
0 0.459375 0.671094 0.018750 0.029687
0 0.356250 0.799219 0.021875 0.026562
0 0.331250 0.779687 0.015625 0.025000
0 0.314063 0.779687 0.015625 0.028125
0 0.289062 0.778125 0.015625 0.021875
0 0.293750 0.843750 0.018750 0.021875
0 0.306250 0.853906 0.021875 0.023438
0 0.325000 0.849219 0.015625 0.029687
0 0.356250 0.867969 0.031250 0.014063
0 0.347656 0.852344 0.023438 0.017188
0 0.371094 0.878125 0.026562 0.012500
0 0.369531 0.890625 0.035937 0.012500
0 0.276562 0.864844 0.025000 0.029687
0 0.288281 0.880469 0.014063 0.020313
0 0.315625 0.950000 0.031250 0.012500
0 0.362500 0.975000 0.025000 0.021875
0 0.364063 0.960938 0.021875 0.018750
0 0.489844 0.982812 0.023438 0.009375
0 0.495312 0.992188 0.031250 0.012500
0 0.260937 0.874219 0.031250 0.010937
0 0.262500 0.888281 0.021875 0.007812
0 0.260937 0.898438 0.025000 0.009375
0 0.260937 0.906250 0.028125 0.009375
0 0.260937 0.919531 0.025000 0.014063
0 0.257812 0.932031 0.025000 0.010937
0 0.259375 0.943750 0.025000 0.012500
0 0.260937 0.957031 0.025000 0.014063
0 0.253906 0.965625 0.023438 0.012500
0 0.256250 0.979688 0.025000 0.018750
0 0.254688 0.992969 0.031250 0.014063
0 0.202344 0.889844 0.026562 0.014063
0 0.198437 0.953125 0.028125 0.012500
0 0.193750 0.992969 0.031250 0.010937
0 0.138281 0.941406 0.029687 0.014063
0 0.135156 0.952344 0.026562 0.014063
0 0.129688 0.982031 0.021875 0.010937
0 0.129688 0.992969 0.025000 0.010937
0 0.021875 0.882031 0.031250 0.014063
0 0.018750 0.894531 0.031250 0.010937
0 0.012500 0.911719 0.021875 0.007812
0 0.012500 0.924219 0.021875 0.010937
0 0.010937 0.935156 0.018750 0.010937
0 0.010156 0.946094 0.017188 0.010937
0 0.014844 0.954688 0.026562 0.009375
0 0.011719 0.964063 0.020313 0.012500
0 0.010156 0.975000 0.017188 0.006250
0 0.014063 0.993750 0.025000 0.012500
