0 0.914062 0.071094 0.012500 0.023438
0 0.899219 0.071094 0.014063 0.023438
0 0.863281 0.071875 0.017188 0.025000
0 0.838281 0.071094 0.014063 0.023438
0 0.705469 0.035156 0.017188 0.020313
0 0.747656 0.080469 0.014063 0.023438
0 0.732812 0.079687 0.015625 0.021875
0 0.593750 0.087500 0.012500 0.025000
0 0.580469 0.085938 0.014063 0.025000
0 0.456250 0.060937 0.021875 0.009375
0 0.453125 0.079687 0.018750 0.009375
0 0.452344 0.087500 0.020313 0.012500
0 0.449219 0.100000 0.014063 0.009375
0 0.445312 0.108594 0.021875 0.010937
0 0.407031 0.214844 0.026562 0.014063
0 0.407813 0.227344 0.028125 0.010937
0 0.403125 0.250781 0.025000 0.014063
0 0.403906 0.258594 0.026562 0.007812
0 0.421094 0.377344 0.026562 0.017188
0 0.425781 0.388281 0.026562 0.014063
0 0.430469 0.396094 0.032813 0.014063
0 0.439844 0.410156 0.026562 0.017188
0 0.443750 0.420312 0.025000 0.012500
0 0.528906 0.555469 0.020313 0.017188
0 0.535156 0.576562 0.032813 0.018750
0 0.581250 0.593750 0.028125 0.031250
0 0.492969 0.146875 0.029687 0.012500
0 0.484375 0.164062 0.031250 0.015625
0 0.480469 0.170313 0.029687 0.009375
0 0.478906 0.179688 0.026562 0.012500
0 0.474219 0.189844 0.029687 0.010937
0 0.471094 0.199219 0.029687 0.010937
0 0.468750 0.209375 0.028125 0.012500
0 0.462500 0.225000 0.028125 0.015625
0 0.460938 0.251563 0.028125 0.012500
0 0.464062 0.262500 0.031250 0.015625
0 0.467187 0.288281 0.025000 0.007812
0 0.467187 0.298438 0.028125 0.009375
0 0.471094 0.307812 0.023438 0.012500
0 0.469531 0.320312 0.026562 0.012500
0 0.471094 0.327344 0.023438 0.010937
0 0.482812 0.377344 0.021875 0.010937
0 0.492188 0.385156 0.028125 0.014063
0 0.503125 0.407031 0.028125 0.014063
0 0.509375 0.418750 0.028125 0.015625
0 0.521094 0.433594 0.026562 0.014063
0 0.550781 0.462500 0.014063 0.021875
0 0.566406 0.459375 0.017188 0.021875
0 0.578906 0.456250 0.017188 0.021875
0 0.591406 0.453906 0.014063 0.020313
0 0.613281 0.455469 0.017188 0.023438
0 0.626563 0.455469 0.015625 0.026562
0 0.648438 0.446094 0.012500 0.017188
0 0.696875 0.439844 0.015625 0.020313
0 0.797656 0.442969 0.014063 0.020313
0 0.782813 0.443750 0.015625 0.018750
0 0.812500 0.440625 0.012500 0.021875
0 0.822656 0.441406 0.014063 0.020313
0 0.879687 0.436719 0.021875 0.023438
0 0.892969 0.435937 0.014063 0.021875
0 0.905469 0.434375 0.014063 0.021875
0 0.919531 0.433594 0.014063 0.020313
0 0.932031 0.432031 0.010937 0.023438
0 0.943750 0.430469 0.012500 0.023438
0 0.956250 0.428125 0.012500 0.018750
0 0.956250 0.478906 0.015625 0.023438
0 0.973437 0.476562 0.015625 0.021875
0 0.921094 0.478125 0.014063 0.021875
0 0.804688 0.485156 0.015625 0.023438
0 0.792188 0.489063 0.015625 0.025000
0 0.777344 0.491406 0.014063 0.023438
0 0.711719 0.493750 0.020313 0.021875
0 0.698438 0.493750 0.018750 0.021875
0 0.664062 0.495312 0.015625 0.021875
0 0.641406 0.497656 0.014063 0.020313
0 0.628906 0.498437 0.010937 0.021875
0 0.616406 0.500781 0.017188 0.023438
0 0.593750 0.503125 0.015625 0.025000
0 0.808594 0.857812 0.014063 0.018750
0 0.800000 0.892188 0.021875 0.025000
0 0.140625 0.853125 0.021875 0.021875
