0 0.210156 0.050781 0.014063 0.023438
0 0.221875 0.050781 0.012500 0.020313
0 0.394531 0.039062 0.017188 0.025000
0 0.364063 0.055469 0.012500 0.023438
0 0.351562 0.178125 0.009375 0.021875
0 0.347656 0.215625 0.010937 0.015625
0 0.347656 0.236719 0.014063 0.020313
0 0.342187 0.295312 0.018750 0.021875
0 0.337500 0.315625 0.015625 0.018750
0 0.336719 0.336719 0.014063 0.020313
0 0.375000 0.265625 0.015625 0.015625
0 0.511719 0.097656 0.010937 0.020313
0 0.541406 0.096875 0.010937 0.015625
0 0.636719 0.101562 0.010937 0.018750
0 0.706250 0.106250 0.018750 0.021875
0 0.459375 0.150781 0.012500 0.017188
0 0.470313 0.144531 0.015625 0.020313
0 0.525781 0.151562 0.017188 0.021875
0 0.538281 0.149219 0.014063 0.020313
0 0.882812 0.110937 0.012500 0.021875
0 0.923438 0.117969 0.009375 0.020313
0 0.935156 0.117188 0.010937 0.015625
0 0.960156 0.121875 0.014063 0.018750
0 0.846094 0.164844 0.014063 0.017188
0 0.857031 0.166406 0.014063 0.017188
0 0.958594 0.177344 0.010937 0.017188
0 0.962500 0.344531 0.018750 0.020313
0 0.923438 0.356250 0.015625 0.018750
0 0.851562 0.378125 0.009375 0.015625
0 0.789844 0.385937 0.010937 0.018750
0 0.778125 0.384375 0.012500 0.018750
0 0.672656 0.406250 0.017188 0.021875
0 0.660156 0.402344 0.010937 0.020313
0 0.617969 0.410156 0.010937 0.017188
0 0.606250 0.403906 0.012500 0.020313
0 0.595313 0.406250 0.009375 0.018750
0 0.927344 0.482031 0.010937 0.020313
0 0.964063 0.490625 0.012500 0.015625
0 0.721875 0.470313 0.012500 0.015625
0 0.735156 0.421094 0.023438 0.014063
0 0.603906 0.527344 0.023438 0.029687
0 0.493750 0.450000 0.025000 0.009375
0 0.164062 0.323437 0.021875 0.012500
0 0.140625 0.321875 0.018750 0.009375
0 0.141406 0.330469 0.023438 0.007812
0 0.136719 0.344531 0.020313 0.007812
0 0.135937 0.351562 0.018750 0.009375
0 0.135937 0.362500 0.018750 0.009375
0 0.089844 0.350781 0.026562 0.010937
0 0.087500 0.360156 0.025000 0.007812
0 0.086719 0.375000 0.026562 0.012500
0 0.264844 0.410156 0.020313 0.010937
0 0.233594 0.434375 0.023438 0.009375
0 0.183594 0.430469 0.026562 0.010937
0 0.508594 0.543750 0.029687 0.012500
0 0.512500 0.560156 0.025000 0.010937
0 0.508594 0.569531 0.020313 0.007812
0 0.507812 0.575781 0.025000 0.010937
0 0.336719 0.576562 0.023438 0.009375
0 0.375781 0.580469 0.023438 0.007812
0 0.504687 0.611719 0.018750 0.007812
0 0.506250 0.620313 0.021875 0.006250
0 0.650000 0.598437 0.018750 0.009375
0 0.590625 0.666406 0.015625 0.017188
0 0.588281 0.686719 0.014063 0.020313
0 0.587500 0.705469 0.015625 0.017188
0 0.583594 0.746875 0.014063 0.018750
0 0.753906 0.683594 0.014063 0.020313
0 0.819531 0.685156 0.010937 0.020313
0 0.843750 0.682031 0.009375 0.017188
0 0.732031 0.803125 0.010937 0.015625
0 0.719531 0.803906 0.010937 0.017188
0 0.617969 0.856250 0.026562 0.009375
0 0.580469 0.785156 0.010937 0.017188
0 0.578125 0.803906 0.012500 0.017188
0 0.615625 0.881250 0.021875 0.009375
0 0.518750 0.914844 0.015625 0.014063
0 0.504687 0.915625 0.015625 0.015625
0 0.489844 0.914062 0.017188 0.018750
0 0.475781 0.913281 0.017188 0.017188
0 0.463281 0.914844 0.017188 0.017188
0 0.865625 0.732031 0.015625 0.007812
