0 0.019531 0.221875 0.017188 0.021875
0 0.107813 0.195312 0.018750 0.021875
0 0.121094 0.192188 0.020313 0.021875
0 0.147656 0.177344 0.020313 0.020313
0 0.220312 0.149219 0.018750 0.023438
0 0.232813 0.143750 0.018750 0.021875
0 0.664844 0.122656 0.014063 0.023438
0 0.649219 0.125781 0.017188 0.026562
0 0.662500 0.143750 0.015625 0.025000
0 0.592969 0.149219 0.017188 0.020313
0 0.546875 0.194531 0.028125 0.020313
0 0.502344 0.226562 0.023438 0.021875
0 0.501563 0.209375 0.021875 0.015625
0 0.496875 0.268750 0.028125 0.012500
0 0.511719 0.299219 0.026562 0.014063
0 0.628906 0.275000 0.029687 0.021875
0 0.540625 0.353906 0.018750 0.020313
0 0.623437 0.346094 0.015625 0.023438
0 0.637500 0.345313 0.015625 0.021875
0 0.713281 0.314063 0.010937 0.021875
0 0.692187 0.173437 0.021875 0.021875
0 0.760156 0.217188 0.020313 0.021875
0 0.757031 0.321875 0.010937 0.025000
0 0.771094 0.335156 0.014063 0.023438
0 0.834375 0.239844 0.012500 0.017188
0 0.848437 0.248438 0.018750 0.028125
0 0.831250 0.259375 0.012500 0.021875
0 0.857812 0.338281 0.015625 0.023438
0 0.874219 0.357031 0.017188 0.023438
0 0.115625 0.350000 0.018750 0.025000
0 0.157812 0.359375 0.018750 0.021875
0 0.215625 0.383594 0.018750 0.017188
0 0.232813 0.375000 0.018750 0.021875
0 0.325781 0.482812 0.023438 0.012500
0 0.416406 0.463281 0.020313 0.023438
0 0.367188 0.332031 0.021875 0.020313
0 0.315625 0.492969 0.018750 0.014063
0 0.322656 0.504687 0.029687 0.018750
0 0.443750 0.499219 0.028125 0.017188
0 0.429688 0.527344 0.025000 0.020313
0 0.389844 0.575781 0.026562 0.017188
0 0.280469 0.559375 0.023438 0.012500
0 0.319531 0.603125 0.017188 0.028125
0 0.278125 0.639844 0.031250 0.010937
0 0.282813 0.651563 0.028125 0.009375
0 0.309375 0.696094 0.015625 0.023438
0 0.287500 0.743750 0.031250 0.012500
0 0.018750 0.591406 0.015625 0.026562
0 0.043750 0.650000 0.025000 0.012500
0 0.274219 0.777344 0.023438 0.020313
0 0.288281 0.786719 0.029687 0.017188
0 0.417187 0.702344 0.025000 0.017188
0 0.487500 0.794531 0.025000 0.023438
0 0.478125 0.801562 0.028125 0.025000
0 0.465625 0.810937 0.021875 0.021875
0 0.452344 0.816406 0.020313 0.017188
0 0.408594 0.852344 0.017188 0.017188
0 0.393750 0.857812 0.025000 0.021875
0 0.903125 0.529687 0.015625 0.021875
0 0.953125 0.539844 0.015625 0.023438
0 0.936719 0.628125 0.014063 0.025000
0 0.922656 0.640625 0.014063 0.021875
0 0.717969 0.600000 0.029687 0.012500
0 0.705469 0.608594 0.023438 0.014063
0 0.714063 0.657813 0.031250 0.012500
0 0.694531 0.690625 0.023438 0.012500
0 0.708594 0.701562 0.026562 0.012500
0 0.700781 0.806250 0.032813 0.009375
0 0.840625 0.798438 0.018750 0.018750
0 0.736719 0.842969 0.026562 0.017188
0 0.736719 0.861719 0.023438 0.017188
0 0.840625 0.878125 0.015625 0.021875
0 0.956250 0.885156 0.015625 0.026562
0 0.985938 0.834375 0.025000 0.012500
0 0.871094 0.846875 0.032813 0.012500
0 0.109375 0.976562 0.037500 0.025000
0 0.050781 0.981250 0.020313 0.018750
0 0.958594 0.039062 0.035937 0.025000
