0 0.475000 0.033594 0.031250 0.017188
0 0.307031 0.064844 0.029687 0.020313
0 0.733594 0.285938 0.017188 0.028125
0 0.643750 0.335156 0.015625 0.026562
0 0.630469 0.335938 0.014063 0.021875
0 0.435156 0.352344 0.017188 0.023438
0 0.411719 0.355469 0.017188 0.023438
0 0.375781 0.355469 0.017188 0.026562
0 0.291406 0.406250 0.014063 0.021875
0 0.276562 0.407813 0.015625 0.021875
0 0.239063 0.408594 0.015625 0.023438
0 0.215625 0.407813 0.015625 0.021875
0 0.121875 0.414062 0.015625 0.018750
0 0.106250 0.412500 0.018750 0.021875
0 0.081250 0.369531 0.015625 0.020313
0 0.459375 0.396875 0.015625 0.021875
0 0.480469 0.396875 0.020313 0.025000
0 0.564063 0.450000 0.028125 0.015625
0 0.607031 0.364063 0.023438 0.012500
0 0.650000 0.545312 0.028125 0.015625
0 0.646875 0.567969 0.028125 0.014063
0 0.642188 0.578906 0.025000 0.010937
0 0.643750 0.587500 0.025000 0.009375
0 0.602344 0.731250 0.026562 0.012500
0 0.544531 0.753906 0.017188 0.020313
0 0.498437 0.757812 0.012500 0.021875
0 0.486719 0.757031 0.017188 0.023438
0 0.471094 0.760156 0.014063 0.023438
0 0.454688 0.759375 0.018750 0.025000
0 0.461719 0.783594 0.032813 0.010937
0 0.578125 0.796094 0.015625 0.023438
0 0.550000 0.798438 0.015625 0.021875
0 0.503906 0.801562 0.014063 0.021875
0 0.492969 0.801562 0.017188 0.021875
0 0.333594 0.768750 0.017188 0.025000
0 0.321094 0.769531 0.017188 0.023438
0 0.309375 0.771875 0.015625 0.021875
0 0.295312 0.771875 0.015625 0.021875
0 0.282031 0.771094 0.017188 0.020313
0 0.270313 0.774219 0.018750 0.023438
0 0.258594 0.775781 0.020313 0.026562
0 0.186719 0.782031 0.014063 0.020313
0 0.199219 0.779687 0.014063 0.021875
0 0.173437 0.782031 0.015625 0.020313
0 0.160156 0.781250 0.017188 0.021875
0 0.299219 0.815625 0.017188 0.021875
0 0.334375 0.815625 0.015625 0.018750
0 0.348438 0.813281 0.018750 0.020313
0 0.431250 0.846094 0.025000 0.010937
0 0.179688 0.823438 0.015625 0.018750
0 0.168750 0.825000 0.018750 0.021875
0 0.155469 0.829688 0.017188 0.018750
0 0.072656 0.778125 0.020313 0.025000
0 0.085938 0.831250 0.018750 0.021875
0 0.111719 0.830469 0.029687 0.042188
0 0.070312 0.834375 0.021875 0.025000
0 0.700000 0.800000 0.018750 0.025000
0 0.611719 0.810937 0.020313 0.012500
0 0.617188 0.825000 0.025000 0.012500
0 0.721875 0.795312 0.015625 0.021875
0 0.738281 0.795312 0.017188 0.021875
0 0.882812 0.786719 0.018750 0.023438
0 0.895312 0.785937 0.012500 0.021875
0 0.877344 0.835156 0.017188 0.026562
0 0.864062 0.835938 0.012500 0.021875
0 0.851562 0.835156 0.015625 0.020313
0 0.819531 0.841406 0.017188 0.023438
0 0.803906 0.839844 0.014063 0.020313
0 0.780469 0.841406 0.017188 0.023438
0 0.744531 0.846094 0.017188 0.023438
0 0.705469 0.845313 0.017188 0.021875
0 0.679688 0.853906 0.028125 0.010937
0 0.678906 0.863281 0.029687 0.010937
0 0.677344 0.880469 0.026562 0.010937
0 0.721875 0.898438 0.018750 0.018750
0 0.746875 0.893750 0.015625 0.021875
0 0.764062 0.890625 0.021875 0.021875
0 0.814063 0.939063 0.025000 0.021875
0 0.878125 0.933594 0.037500 0.017188
0 0.707031 0.943750 0.017188 0.018750
0 0.682031 0.946094 0.020313 0.023438
0 0.657813 0.947656 0.018750 0.023438
