0 0.260937 0.100000 0.025000 0.015625
0 0.614844 0.065625 0.023438 0.012500
0 0.811719 0.156250 0.017188 0.021875
0 0.834375 0.208594 0.025000 0.010937
0 0.387500 0.200000 0.028125 0.015625
0 0.318750 0.202344 0.025000 0.010937
0 0.523438 0.267969 0.025000 0.010937
0 0.431250 0.283594 0.018750 0.010937
0 0.442188 0.290625 0.018750 0.015625
0 0.178125 0.395313 0.021875 0.012500
0 0.210938 0.426563 0.021875 0.012500
0 0.230469 0.462500 0.023438 0.015625
0 0.250000 0.500000 0.021875 0.012500
0 0.264844 0.528125 0.020313 0.012500
0 0.312500 0.439063 0.021875 0.012500
0 0.328125 0.467969 0.021875 0.010937
0 0.339844 0.496875 0.023438 0.012500
0 0.356250 0.526563 0.025000 0.015625
0 0.381250 0.434375 0.025000 0.015625
0 0.406250 0.470313 0.025000 0.012500
0 0.418750 0.500000 0.021875 0.012500
0 0.890625 0.883594 0.025000 0.010937
0 0.892969 0.892969 0.023438 0.014063
0 0.862500 0.898438 0.009375 0.018750
0 0.878125 0.931250 0.015625 0.021875
0 0.903125 0.908594 0.021875 0.010937
0 0.934375 0.918750 0.018750 0.012500
0 0.917188 0.931250 0.021875 0.009375
0 0.921094 0.940625 0.020313 0.009375
0 0.943750 0.934375 0.025000 0.012500
0 0.925000 0.950000 0.021875 0.012500
0 0.946875 0.981250 0.028125 0.015625
0 0.834375 0.950000 0.021875 0.012500
0 0.853125 0.959375 0.025000 0.012500
