0 0.114844 0.131250 0.020313 0.028125
0 0.143750 0.134375 0.021875 0.025000
0 0.203125 0.180469 0.028125 0.032813
0 0.053125 0.700000 0.015625 0.018750
0 0.067969 0.696875 0.010937 0.018750
0 0.071875 0.750000 0.015625 0.021875
0 0.120313 0.761719 0.015625 0.017188
0 0.296094 0.770312 0.023438 0.021875
0 0.600000 0.500000 0.015625 0.025000
0 0.950000 0.783594 0.018750 0.020313
0 0.995313 0.746875 0.009375 0.018750
0 0.993750 0.377344 0.009375 0.014063
0 0.987500 0.381250 0.015625 0.015625
0 0.925000 0.421875 0.028125 0.012500
0 0.921094 0.430469 0.023438 0.010937
0 0.912500 0.440625 0.025000 0.009375
0 0.906250 0.456250 0.025000 0.015625
0 0.905469 0.465625 0.023438 0.009375
0 0.909375 0.477344 0.021875 0.010937
0 0.970313 0.453125 0.018750 0.015625
0 0.977344 0.436719 0.014063 0.017188
0 0.984375 0.429688 0.015625 0.018750
0 0.993750 0.425000 0.012500 0.018750
0 0.986719 0.475000 0.014063 0.018750
0 0.992969 0.518750 0.014063 0.025000
