0 0.158594 0.334375 0.014063 0.021875
0 0.221875 0.316406 0.012500 0.017188
0 0.247656 0.331250 0.017188 0.021875
0 0.198437 0.383594 0.015625 0.026562
0 0.224219 0.389062 0.014063 0.018750
0 0.252344 0.385156 0.017188 0.023438
0 0.224219 0.409375 0.014063 0.021875
0 0.402344 0.251563 0.023438 0.009375
0 0.403906 0.262500 0.026562 0.009375
0 0.403125 0.274219 0.021875 0.007812
0 0.401562 0.281250 0.025000 0.009375
0 0.401562 0.290625 0.025000 0.009375
0 0.406250 0.302344 0.028125 0.010937
0 0.411719 0.396094 0.026562 0.010937
0 0.407813 0.403125 0.031250 0.009375
0 0.407031 0.413281 0.029687 0.010937
0 0.407813 0.424219 0.028125 0.010937
0 0.407813 0.433594 0.025000 0.007812
0 0.410938 0.443750 0.025000 0.009375
0 0.411719 0.453125 0.029687 0.009375
0 0.409375 0.471875 0.034375 0.012500
0 0.407031 0.482031 0.029687 0.007812
0 0.407813 0.492188 0.028125 0.009375
0 0.408594 0.503906 0.026562 0.010937
0 0.414062 0.539844 0.031250 0.010937
0 0.408594 0.550000 0.029687 0.009375
0 0.410156 0.560937 0.026562 0.009375
0 0.410938 0.571094 0.031250 0.010937
0 0.413281 0.581250 0.029687 0.009375
0 0.410156 0.599219 0.023438 0.014063
0 0.478906 0.600000 0.026562 0.009375
0 0.478125 0.589844 0.031250 0.007812
0 0.471875 0.581250 0.028125 0.009375
0 0.470313 0.571094 0.025000 0.010937
0 0.471094 0.560156 0.020313 0.007812
0 0.468750 0.550781 0.025000 0.007812
0 0.470313 0.542969 0.021875 0.007812
0 0.469531 0.532031 0.023438 0.010937
0 0.470313 0.521094 0.025000 0.010937
0 0.470313 0.512500 0.028125 0.009375
0 0.538281 0.716406 0.026562 0.010937
0 0.542188 0.734375 0.031250 0.012500
0 0.469531 0.483594 0.026562 0.007812
0 0.469531 0.473438 0.026562 0.009375
0 0.471875 0.462500 0.021875 0.009375
0 0.470313 0.453125 0.028125 0.006250
0 0.471094 0.444531 0.029687 0.007812
0 0.468750 0.433594 0.031250 0.007812
0 0.700781 0.699219 0.014063 0.020313
0 0.717969 0.699219 0.014063 0.017188
0 0.732031 0.700781 0.014063 0.020313
0 0.600000 0.748437 0.015625 0.018750
0 0.614844 0.748437 0.014063 0.018750
0 0.628125 0.750000 0.015625 0.018750
0 0.642188 0.749219 0.012500 0.017188
0 0.654687 0.749219 0.012500 0.020313
0 0.667969 0.750781 0.010937 0.020313
0 0.681250 0.750781 0.012500 0.020313
0 0.695312 0.752344 0.012500 0.020313
0 0.707031 0.750781 0.010937 0.020313
0 0.719531 0.750781 0.014063 0.023438
0 0.616406 0.772656 0.010937 0.020313
0 0.652344 0.771875 0.014063 0.018750
0 0.667188 0.771094 0.015625 0.020313
0 0.566406 0.825781 0.017188 0.026562
0 0.541406 0.810156 0.032813 0.010937
0 0.245312 0.711719 0.015625 0.017188
0 0.184375 0.899219 0.031250 0.014063
0 0.871094 0.225000 0.014063 0.018750
0 0.867188 0.268750 0.018750 0.025000
0 0.882812 0.272656 0.012500 0.020313
0 0.895312 0.290625 0.015625 0.025000
0 0.867969 0.340625 0.017188 0.025000
0 0.898438 0.339844 0.012500 0.020313
0 0.910156 0.340625 0.014063 0.021875
0 0.923438 0.339062 0.012500 0.021875
0 0.960156 0.339844 0.020313 0.026562
0 0.870313 0.364063 0.015625 0.018750
0 0.883594 0.360156 0.010937 0.020313
0 0.896875 0.362500 0.015625 0.018750
0 0.922656 0.359375 0.014063 0.015625
0 0.938281 0.357812 0.014063 0.025000
0 0.871094 0.407813 0.010937 0.021875
0 0.886719 0.407813 0.017188 0.021875
0 0.912500 0.410156 0.015625 0.026562
0 0.926562 0.405469 0.015625 0.023438
0 0.941406 0.406250 0.010937 0.018750
0 0.991406 0.407031 0.014063 0.023438
0 0.871094 0.431250 0.014063 0.018750
0 0.885156 0.427344 0.014063 0.017188
0 0.899219 0.428125 0.014063 0.018750
0 0.925781 0.426563 0.014063 0.021875
0 0.964063 0.427344 0.012500 0.020313
0 0.871875 0.475000 0.015625 0.021875
0 0.875781 0.540625 0.017188 0.021875
0 0.892969 0.629687 0.020313 0.021875
0 0.875000 0.686719 0.018750 0.017188
