0 0.133594 0.287500 0.026562 0.015625
0 0.035156 0.328125 0.026562 0.018750
0 0.217969 0.263281 0.032813 0.017188
0 0.675000 0.060156 0.021875 0.017188
0 0.660156 0.098437 0.020313 0.012500
0 0.964063 0.177344 0.009375 0.020313
0 0.952344 0.174219 0.007812 0.017188
0 0.928125 0.174219 0.009375 0.017188
0 0.800000 0.187500 0.015625 0.021875
0 0.776563 0.184375 0.012500 0.018750
0 0.767188 0.192188 0.012500 0.018750
0 0.910937 0.209375 0.025000 0.012500
0 0.946094 0.226562 0.014063 0.021875
0 0.832031 0.236719 0.014063 0.017188
0 0.810156 0.248438 0.014063 0.018750
0 0.771094 0.246875 0.014063 0.018750
0 0.513281 0.293750 0.017188 0.018750
0 0.476562 0.310937 0.018750 0.012500
0 0.471875 0.342969 0.025000 0.010937
0 0.460156 0.374219 0.020313 0.010937
0 0.451562 0.382031 0.018750 0.007812
0 0.460156 0.391406 0.017188 0.010937
0 0.516406 0.416406 0.017188 0.017188
0 0.542969 0.386719 0.026562 0.014063
0 0.549219 0.416406 0.014063 0.017188
0 0.579688 0.414844 0.012500 0.017188
0 0.590625 0.421094 0.012500 0.017188
0 0.158594 0.393750 0.023438 0.012500
0 0.778906 0.526563 0.026562 0.021875
0 0.766406 0.535937 0.017188 0.015625
0 0.759375 0.542188 0.018750 0.018750
0 0.877344 0.502344 0.017188 0.017188
0 0.855469 0.528906 0.017188 0.017188
0 0.832031 0.549219 0.017188 0.014063
0 0.827344 0.555469 0.014063 0.014063
