0 0.650781 0.910156 0.026562 0.017188
0 0.360156 0.018750 0.026562 0.009375
0 0.362500 0.028906 0.028125 0.010937
0 0.481250 0.062500 0.028125 0.012500
0 0.395313 0.067187 0.025000 0.009375
0 0.400000 0.076563 0.025000 0.012500
0 0.367969 0.078906 0.026562 0.010937
0 0.376563 0.086719 0.021875 0.010937
0 0.396094 0.093750 0.029687 0.012500
0 0.369531 0.099219 0.029687 0.014063
0 0.375000 0.115625 0.031250 0.012500
0 0.378125 0.125781 0.028125 0.014063
0 0.387500 0.181250 0.028125 0.015625
0 0.464062 0.186719 0.018750 0.010937
0 0.434375 0.230469 0.018750 0.032813
0 0.499219 0.235937 0.026562 0.012500
