0 0.229687 0.568750 0.037500 0.021875
0 0.617969 0.986719 0.020313 0.017188
0 0.801562 0.615625 0.012500 0.025000
0 0.810937 0.607812 0.015625 0.021875
0 0.824219 0.605469 0.017188 0.020313
0 0.835938 0.603125 0.015625 0.018750
0 0.854688 0.602344 0.021875 0.026562
0 0.878906 0.602344 0.023438 0.026562
0 0.893750 0.599219 0.015625 0.029687
0 0.906250 0.597656 0.015625 0.023438
0 0.921875 0.597656 0.012500 0.020313
0 0.935937 0.598437 0.012500 0.025000
0 0.947656 0.598437 0.014063 0.028125
0 0.961719 0.599219 0.014063 0.020313
0 0.789062 0.653906 0.015625 0.020313
0 0.786719 0.675000 0.017188 0.018750
0 0.785937 0.701562 0.018750 0.018750
0 0.868750 0.650781 0.021875 0.010937
0 0.933594 0.636719 0.020313 0.014063
0 0.910937 0.635938 0.018750 0.012500
0 0.885938 0.635938 0.025000 0.012500
0 0.863281 0.625000 0.023438 0.009375
0 0.942187 0.755469 0.018750 0.023438
0 0.989844 0.760938 0.020313 0.015625
0 0.989062 0.779687 0.018750 0.009375
0 0.989844 0.809375 0.020313 0.012500
0 0.954688 0.801562 0.015625 0.018750
0 0.913281 0.753906 0.020313 0.020313
0 0.878125 0.749219 0.015625 0.020313
0 0.921875 0.796875 0.018750 0.021875
0 0.908594 0.796094 0.010937 0.020313
0 0.929688 0.818750 0.012500 0.015625
0 0.904687 0.816406 0.015625 0.020313
0 0.879687 0.804688 0.015625 0.018750
0 0.882031 0.825000 0.020313 0.018750
0 0.854688 0.786719 0.012500 0.020313
0 0.856250 0.810937 0.015625 0.018750
0 0.837500 0.789062 0.018750 0.021875
0 0.835156 0.811719 0.014063 0.017188
0 0.824219 0.793750 0.014063 0.018750
0 0.810156 0.813281 0.017188 0.017188
0 0.792188 0.835156 0.018750 0.032813
0 0.818750 0.846875 0.015625 0.028125
0 0.832031 0.845313 0.014063 0.028125
0 0.855469 0.846094 0.020313 0.023438
0 0.875781 0.849219 0.020313 0.020313
0 0.900781 0.849219 0.020313 0.020313
0 0.924219 0.852344 0.017188 0.017188
0 0.938281 0.855469 0.010937 0.014063
0 0.979688 0.867969 0.031250 0.017188
0 0.970313 0.887500 0.025000 0.015625
0 0.973437 0.900000 0.031250 0.009375
0 0.971875 0.918750 0.028125 0.009375
0 0.969531 0.933594 0.026562 0.010937
0 0.967187 0.950781 0.031250 0.007812
0 0.967187 0.960156 0.031250 0.010937
0 0.967187 0.971094 0.031250 0.007812
0 0.966406 0.979688 0.029687 0.009375
0 0.965625 0.994531 0.031250 0.010937
0 0.785156 0.882031 0.023438 0.014063
0 0.787500 0.903906 0.025000 0.014063
0 0.788281 0.921875 0.029687 0.012500
0 0.787500 0.935156 0.028125 0.014063
0 0.783594 0.953125 0.032813 0.012500
0 0.782031 0.969531 0.023438 0.007812
0 0.781250 0.976562 0.028125 0.015625
0 0.827344 0.890625 0.014063 0.021875
0 0.835938 0.900781 0.012500 0.017188
0 0.847656 0.900000 0.010937 0.015625
0 0.860938 0.897656 0.015625 0.017188
0 0.874219 0.898438 0.010937 0.018750
0 0.885938 0.903125 0.012500 0.015625
0 0.909375 0.924219 0.025000 0.014063
0 0.904687 0.935937 0.025000 0.015625
0 0.923438 0.969531 0.021875 0.014063
0 0.925781 0.984375 0.020313 0.012500
0 0.826562 0.926562 0.018750 0.009375
0 0.825000 0.938281 0.025000 0.010937
0 0.826562 0.957031 0.021875 0.010937
0 0.826562 0.964063 0.028125 0.009375
0 0.827344 0.975000 0.023438 0.012500
0 0.848437 0.992188 0.012500 0.015625
0 0.865625 0.989062 0.018750 0.021875
0 0.883594 0.992188 0.010937 0.015625
0 0.892969 0.989844 0.017188 0.020313
