0 0.537500 0.235937 0.018750 0.012500
0 0.539062 0.247656 0.018750 0.010937
0 0.540625 0.257031 0.018750 0.014063
0 0.541406 0.272656 0.017188 0.010937
0 0.543750 0.280469 0.015625 0.010937
0 0.559375 0.318750 0.015625 0.012500
0 0.572656 0.317969 0.014063 0.010937
0 0.578125 0.285938 0.012500 0.015625
0 0.598437 0.268750 0.012500 0.015625
0 0.600781 0.285938 0.014063 0.015625
0 0.620313 0.269531 0.012500 0.017188
0 0.631250 0.269531 0.012500 0.020313
0 0.642188 0.271094 0.009375 0.020313
0 0.589844 0.327344 0.014063 0.017188
0 0.607031 0.330469 0.014063 0.023438
0 0.621094 0.328906 0.010937 0.017188
0 0.642188 0.326562 0.009375 0.012500
0 0.346094 0.320312 0.020313 0.009375
0 0.899219 0.927344 0.023438 0.014063
0 0.899219 0.938281 0.023438 0.007812
0 0.059375 0.301563 0.018750 0.012500
