0 0.244531 0.003125 0.017188 0.003125
0 0.217188 0.008594 0.015625 0.014063
0 0.199219 0.007812 0.017188 0.012500
0 0.210156 0.060156 0.023438 0.023438
0 0.225000 0.056250 0.021875 0.021875
0 0.291406 0.032813 0.023438 0.015625
0 0.302344 0.024219 0.026562 0.017188
0 0.312500 0.016406 0.028125 0.017188
0 0.190625 0.225781 0.018750 0.020313
0 0.216406 0.346875 0.017188 0.021875
0 0.242969 0.346094 0.020313 0.020313
0 0.296875 0.352344 0.028125 0.010937
0 0.252344 0.396094 0.020313 0.023438
0 0.396094 0.300000 0.029687 0.012500
0 0.937500 0.324219 0.015625 0.023438
0 0.985938 0.769531 0.025000 0.014063
0 0.053125 0.583594 0.025000 0.010937
0 0.017969 0.658594 0.014063 0.020313
