0 0.237500 0.055469 0.015625 0.017188
0 0.251563 0.056250 0.012500 0.025000
0 0.285938 0.058594 0.018750 0.023438
0 0.330469 0.062500 0.010937 0.018750
0 0.353125 0.062500 0.015625 0.021875
0 0.620313 0.074219 0.015625 0.017188
0 0.643750 0.078125 0.015625 0.021875
0 0.896094 0.092188 0.014063 0.021875
0 0.975000 0.093750 0.018750 0.015625
0 0.467969 0.125000 0.026562 0.015625
0 0.465625 0.158594 0.025000 0.010937
0 0.548438 0.128125 0.025000 0.015625
0 0.527344 0.134375 0.023438 0.006250
0 0.527344 0.145313 0.026562 0.009375
0 0.596875 0.150000 0.025000 0.012500
0 0.339844 0.392969 0.017188 0.020313
0 0.278125 0.481250 0.021875 0.009375
0 0.274219 0.490625 0.020313 0.006250
0 0.271875 0.501563 0.025000 0.009375
0 0.265625 0.514844 0.025000 0.010937
0 0.262500 0.525000 0.021875 0.006250
0 0.259375 0.532813 0.025000 0.009375
0 0.321875 0.527344 0.028125 0.010937
0 0.317188 0.537500 0.025000 0.012500
0 0.336719 0.549219 0.023438 0.014063
0 0.387500 0.557813 0.025000 0.018750
0 0.312500 0.553125 0.021875 0.009375
0 0.306250 0.562500 0.021875 0.009375
0 0.303125 0.571094 0.031250 0.010937
0 0.478125 0.648438 0.028125 0.018750
0 0.799219 0.718750 0.020313 0.021875
0 0.828125 0.728125 0.018750 0.021875
0 0.839844 0.735938 0.010937 0.018750
0 0.989844 0.818750 0.020313 0.015625
0 0.318750 0.653125 0.015625 0.018750
0 0.290625 0.656250 0.012500 0.015625
0 0.221875 0.642188 0.012500 0.018750
0 0.080469 0.650000 0.010937 0.018750
0 0.071094 0.730469 0.014063 0.023438
0 0.090625 0.861719 0.015625 0.023438
0 0.125000 0.796094 0.028125 0.010937
0 0.120313 0.821094 0.021875 0.014063
0 0.121094 0.831250 0.026562 0.009375
0 0.218750 0.928125 0.015625 0.018750
0 0.253125 0.925000 0.018750 0.018750
0 0.359375 0.930469 0.015625 0.020313
0 0.431250 0.936719 0.012500 0.023438
0 0.627344 0.940625 0.014063 0.021875
0 0.671875 0.948438 0.012500 0.021875
0 0.683594 0.946875 0.010937 0.025000
0 0.707812 0.950000 0.009375 0.018750
0 0.573438 0.709375 0.015625 0.028125
0 0.586719 0.714063 0.010937 0.021875
0 0.600000 0.714844 0.015625 0.020313
0 0.914844 0.875000 0.023438 0.021875
0 0.903125 0.896094 0.025000 0.017188
0 0.908594 0.962500 0.026562 0.018750
0 0.896875 0.975000 0.018750 0.015625
0 0.787500 0.975000 0.021875 0.009375
0 0.162500 0.986719 0.018750 0.020313
0 0.174219 0.981250 0.017188 0.018750
0 0.234375 0.987500 0.015625 0.018750
0 0.250000 0.986719 0.015625 0.020313
