0 0.646094 0.300781 0.026562 0.023438
0 0.925781 0.357812 0.032813 0.025000
0 0.960938 0.324219 0.028125 0.020313
0 0.971094 0.312500 0.017188 0.012500
0 0.981250 0.308594 0.025000 0.017188
0 0.987500 0.297656 0.018750 0.017188
0 0.993750 0.287500 0.012500 0.015625
0 0.584375 0.623437 0.034375 0.021875
0 0.583594 0.663281 0.023438 0.020313
0 0.570312 0.671875 0.021875 0.018750
0 0.595313 0.686719 0.025000 0.020313
0 0.582812 0.696875 0.021875 0.018750
0 0.561719 0.678906 0.020313 0.017188
0 0.542969 0.688281 0.023438 0.017188
0 0.564063 0.705469 0.021875 0.017188
0 0.535156 0.700000 0.017188 0.018750
0 0.551562 0.711719 0.018750 0.017188
0 0.525000 0.713281 0.025000 0.023438
0 0.546094 0.728125 0.023438 0.015625
0 0.507812 0.717969 0.028125 0.020313
0 0.531250 0.731250 0.021875 0.018750
0 0.491406 0.734375 0.023438 0.018750
0 0.509375 0.750000 0.021875 0.018750
0 0.477344 0.745313 0.023438 0.021875
0 0.496875 0.759375 0.028125 0.021875
0 0.467187 0.755469 0.021875 0.023438
0 0.489844 0.770312 0.020313 0.018750
0 0.476562 0.779687 0.021875 0.015625
0 0.459375 0.786719 0.031250 0.023438
0 0.339844 0.865625 0.026562 0.018750
0 0.330469 0.874219 0.020313 0.017188
0 0.321875 0.878906 0.021875 0.017188
0 0.314063 0.886719 0.021875 0.017188
0 0.305469 0.895312 0.020313 0.018750
0 0.297656 0.900781 0.020313 0.017188
0 0.289062 0.907031 0.021875 0.017188
0 0.281250 0.915625 0.025000 0.018750
0 0.271094 0.919531 0.020313 0.017188
0 0.261719 0.926562 0.023438 0.018750
0 0.253906 0.934375 0.023438 0.018750
0 0.246875 0.942969 0.025000 0.020313
0 0.235937 0.949219 0.018750 0.017188
0 0.228125 0.957031 0.025000 0.017188
0 0.218750 0.961719 0.025000 0.020313
0 0.212500 0.970313 0.021875 0.018750
0 0.203906 0.975781 0.023438 0.020313
0 0.189844 0.982031 0.023438 0.020313
0 0.182812 0.989062 0.021875 0.018750
0 0.175000 0.992969 0.025000 0.014063
0 0.261719 0.957812 0.026562 0.021875
0 0.385156 0.900000 0.020313 0.015625
0 0.376563 0.906250 0.018750 0.015625
0 0.366406 0.911719 0.023438 0.020313
0 0.355469 0.921094 0.017188 0.014063
0 0.347656 0.921875 0.026562 0.018750
0 0.337500 0.932813 0.018750 0.015625
0 0.332031 0.937500 0.020313 0.015625
0 0.325781 0.946094 0.023438 0.014063
0 0.317188 0.955469 0.021875 0.017188
0 0.307031 0.960938 0.026562 0.021875
0 0.295312 0.968750 0.021875 0.015625
0 0.288281 0.971875 0.023438 0.018750
0 0.280469 0.978906 0.023438 0.017188
0 0.270313 0.985938 0.021875 0.018750
0 0.263281 0.993750 0.020313 0.012500
0 0.407031 0.914844 0.023438 0.020313
0 0.396875 0.922656 0.028125 0.023438
0 0.385156 0.927344 0.023438 0.017188
0 0.378125 0.934375 0.025000 0.015625
0 0.371094 0.942969 0.026562 0.017188
0 0.357812 0.947656 0.028125 0.020313
0 0.350000 0.954688 0.021875 0.015625
0 0.341406 0.960938 0.026562 0.018750
0 0.333594 0.971094 0.023438 0.014063
0 0.325781 0.976562 0.020313 0.018750
0 0.307031 0.991406 0.020313 0.017188
0 0.296875 0.993750 0.018750 0.012500
