0 0.663462 0.128606 0.019231 0.031250
0 0.502404 0.239183 0.019231 0.031250
0 0.555288 0.241587 0.019231 0.026442
0 0.575721 0.241587 0.021635 0.026442
0 0.600962 0.248798 0.024038 0.026442
0 0.513221 0.318510 0.021635 0.026442
0 0.536058 0.319712 0.019231 0.028846
0 0.568510 0.322115 0.021635 0.028846
0 0.592548 0.318510 0.021635 0.026442
0 0.649038 0.322115 0.019231 0.028846
0 0.673077 0.322115 0.024038 0.028846
0 0.980769 0.647837 0.024038 0.031250
0 0.125000 0.850962 0.024038 0.024038
0 0.147837 0.849760 0.021635 0.021635
0 0.201923 0.854567 0.024038 0.031250
0 0.316106 0.883413 0.040865 0.021635
0 0.056490 0.960337 0.021635 0.026442
0 0.973558 0.794471 0.024038 0.031250
