0 0.015625 0.275000 0.028125 0.015625
0 0.321875 0.579688 0.025000 0.012500
0 0.349219 0.581250 0.026562 0.012500
0 0.786719 0.418750 0.007812 0.021875
0 0.777344 0.418750 0.007812 0.025000
0 0.759375 0.421094 0.012500 0.020313
0 0.745313 0.414844 0.012500 0.023438
0 0.940625 0.309375 0.021875 0.028125
0 0.823438 0.309375 0.018750 0.021875
0 0.714844 0.346875 0.020313 0.025000
0 0.690625 0.342969 0.015625 0.023438
0 0.677344 0.339844 0.014063 0.023438
0 0.956250 0.212500 0.034375 0.018750
0 0.946094 0.180469 0.014063 0.026562
0 0.932813 0.177344 0.009375 0.023438
0 0.831250 0.282813 0.012500 0.025000
0 0.821875 0.283594 0.009375 0.020313
0 0.803125 0.285938 0.015625 0.021875
0 0.787500 0.281250 0.015625 0.025000
0 0.753125 0.277344 0.018750 0.023438
0 0.762500 0.302344 0.015625 0.026562
0 0.746094 0.302344 0.017188 0.026562
0 0.718750 0.298438 0.015625 0.021875
0 0.737500 0.280469 0.012500 0.020313
0 0.690625 0.275000 0.018750 0.025000
0 0.746875 0.013281 0.015625 0.023438
0 0.823438 0.021094 0.015625 0.020313
0 0.835938 0.018750 0.015625 0.018750
0 0.846875 0.021094 0.015625 0.017188
0 0.862500 0.021094 0.012500 0.020313
0 0.875000 0.021094 0.015625 0.026562
0 0.890625 0.021094 0.012500 0.026562
0 0.899219 0.042969 0.010937 0.020313
0 0.886719 0.042969 0.010937 0.023438
0 0.860938 0.042188 0.012500 0.018750
0 0.849219 0.040625 0.010937 0.025000
0 0.834375 0.039844 0.009375 0.017188
0 0.823438 0.040625 0.012500 0.018750
0 0.808594 0.036719 0.017188 0.020313
0 0.756250 0.033594 0.012500 0.017188
0 0.736719 0.078125 0.010937 0.015625
0 0.755469 0.078125 0.014063 0.015625
0 0.943750 0.093750 0.015625 0.021875
0 0.921875 0.090625 0.015625 0.025000
0 0.906250 0.090625 0.012500 0.025000
0 0.893750 0.089844 0.009375 0.023438
0 0.881250 0.086719 0.012500 0.023438
0 0.855469 0.086719 0.010937 0.023438
0 0.840625 0.083594 0.018750 0.023438
0 0.811719 0.084375 0.017188 0.018750
0 0.940625 0.112500 0.012500 0.018750
0 0.856250 0.107813 0.015625 0.018750
0 0.834375 0.109375 0.015625 0.021875
0 0.818750 0.107813 0.012500 0.021875
0 0.733594 0.100000 0.014063 0.018750
0 0.745313 0.103125 0.012500 0.018750
0 0.718750 0.146094 0.018750 0.023438
0 0.752344 0.146875 0.014063 0.021875
0 0.767969 0.149219 0.014063 0.020313
0 0.780469 0.149219 0.014063 0.020313
0 0.804688 0.152344 0.015625 0.020313
0 0.840625 0.154688 0.015625 0.025000
0 0.867969 0.155469 0.017188 0.017188
0 0.881250 0.177344 0.015625 0.023438
0 0.867188 0.177344 0.012500 0.017188
0 0.827344 0.171875 0.017188 0.021875
0 0.778125 0.170313 0.015625 0.021875
0 0.764844 0.171875 0.014063 0.021875
0 0.752344 0.170313 0.010937 0.021875
0 0.737500 0.170313 0.015625 0.021875
0 0.693750 0.211719 0.015625 0.020313
0 0.709375 0.212500 0.012500 0.021875
0 0.721875 0.215625 0.012500 0.018750
0 0.733594 0.215625 0.014063 0.025000
0 0.759375 0.215625 0.018750 0.018750
0 0.783594 0.218750 0.014063 0.028125
0 0.811719 0.218750 0.014063 0.025000
0 0.680469 0.751563 0.029687 0.018750
0 0.430469 0.796094 0.032813 0.017188
0 0.462500 0.800000 0.028125 0.015625
0 0.025000 0.887500 0.043750 0.025000
0 0.249219 0.953125 0.032813 0.015625
0 0.843750 0.958594 0.034375 0.017188
0 0.758594 0.238281 0.014063 0.020313
0 0.744531 0.235937 0.014063 0.018750
0 0.731250 0.235156 0.012500 0.017188
0 0.704688 0.235156 0.015625 0.014063
0 0.699219 0.366406 0.017188 0.020313
0 0.682813 0.368750 0.015625 0.021875
0 0.771875 0.032813 0.015625 0.018750
