0 0.480469 0.734375 0.026562 0.015625
0 0.481250 0.745313 0.025000 0.015625
0 0.248438 0.943750 0.018750 0.025000
0 0.906250 0.714844 0.021875 0.020313
0 0.815625 0.193750 0.025000 0.012500
0 0.811719 0.185938 0.029687 0.009375
0 0.862500 0.064844 0.025000 0.007812
0 0.865625 0.074219 0.018750 0.007812
0 0.865625 0.085938 0.025000 0.009375
0 0.864844 0.104688 0.026562 0.012500
0 0.862500 0.115625 0.028125 0.009375
0 0.862500 0.121875 0.025000 0.009375
0 0.865625 0.131250 0.025000 0.009375
0 0.867969 0.146094 0.023438 0.007812
0 0.865625 0.154688 0.025000 0.009375
0 0.746094 0.068750 0.026562 0.009375
0 0.749219 0.089063 0.029687 0.012500
0 0.211719 0.050000 0.014063 0.018750
0 0.201563 0.050000 0.012500 0.018750
0 0.187500 0.049219 0.009375 0.017188
0 0.165625 0.046875 0.015625 0.021875
0 0.170313 0.062500 0.012500 0.018750
0 0.145313 0.065625 0.015625 0.018750
0 0.156250 0.109375 0.012500 0.021875
0 0.176563 0.109375 0.012500 0.021875
0 0.192188 0.109375 0.015625 0.021875
0 0.212500 0.109375 0.015625 0.015625
0 0.805469 0.905469 0.017188 0.017188
0 0.108594 0.013281 0.023438 0.014063
0 0.107031 0.025000 0.020313 0.009375
0 0.107031 0.050781 0.026562 0.010937
0 0.625781 0.975781 0.014063 0.020313
0 0.589063 0.267188 0.031250 0.012500
