0 0.085337 0.063702 0.016827 0.031250
0 0.181490 0.078125 0.016827 0.031250
0 0.209135 0.068510 0.019231 0.026442
0 0.302885 0.019231 0.024038 0.019231
0 0.331731 0.037260 0.028846 0.026442
0 0.306490 0.044471 0.016827 0.021635
0 0.373798 0.008413 0.021635 0.012019
0 0.502404 0.408654 0.014423 0.028846
0 0.518029 0.381010 0.016827 0.031250
0 0.254808 0.394231 0.024038 0.028846
0 0.157452 0.459135 0.031250 0.019231
0 0.194712 0.461538 0.033654 0.019231
0 0.085337 0.951923 0.040865 0.024038
0 0.524038 0.352163 0.019231 0.031250
0 0.313702 0.912260 0.026442 0.026442
