0 0.168269 0.828125 0.024038 0.031250
0 0.145433 0.314904 0.021635 0.033654
0 0.771635 0.513221 0.024038 0.021635
0 0.150240 0.712740 0.016827 0.026442
0 0.147837 0.629808 0.016827 0.028846
0 0.163462 0.632212 0.014423 0.024038
0 0.292067 0.548077 0.016827 0.028846
0 0.260817 0.569712 0.016827 0.028846
0 0.211538 0.568510 0.014423 0.021635
0 0.179087 0.570913 0.016827 0.026442
0 0.147837 0.570913 0.016827 0.026442
0 0.147837 0.545673 0.016827 0.024038
0 0.163462 0.544471 0.014423 0.021635
0 0.194712 0.545673 0.014423 0.024038
0 0.210337 0.543269 0.016827 0.024038
0 0.227163 0.540865 0.016827 0.028846
0 0.241587 0.540865 0.012019 0.028846
0 0.257212 0.459135 0.014423 0.024038
0 0.225962 0.481971 0.014423 0.021635
0 0.209135 0.483173 0.014423 0.024038
0 0.177885 0.485577 0.014423 0.024038
0 0.162260 0.485577 0.016827 0.024038
0 0.139423 0.491587 0.019231 0.026442
0 0.141827 0.370192 0.024038 0.033654
0 0.159856 0.373798 0.016827 0.021635
0 0.159856 0.396635 0.016827 0.024038
0 0.174279 0.397837 0.016827 0.026442
0 0.210337 0.400240 0.016827 0.021635
0 0.179087 0.460337 0.016827 0.026442
0 0.193510 0.459135 0.016827 0.024038
0 0.210337 0.459135 0.016827 0.024038
