0 0.303906 0.332813 0.023438 0.012500
0 0.278125 0.395313 0.021875 0.009375
0 0.280469 0.407813 0.023438 0.009375
0 0.334375 0.403125 0.025000 0.009375
0 0.262500 0.428125 0.012500 0.018750
0 0.218750 0.425000 0.015625 0.018750
0 0.156250 0.430469 0.015625 0.017188
0 0.074219 0.421094 0.010937 0.017188
0 0.021875 0.418750 0.015625 0.018750
0 0.533594 0.475000 0.010937 0.018750
0 0.792969 0.395313 0.010937 0.021875
0 0.777344 0.392969 0.010937 0.017188
0 0.765625 0.392969 0.009375 0.020313
0 0.929688 0.411719 0.012500 0.020313
0 0.961719 0.408594 0.014063 0.020313
0 0.984375 0.462500 0.009375 0.018750
0 0.995313 0.471094 0.009375 0.017188
0 0.968750 0.509375 0.015625 0.021875
0 0.946875 0.503125 0.015625 0.015625
0 0.864844 0.500000 0.014063 0.021875
0 0.825000 0.496875 0.012500 0.015625
0 0.799219 0.496875 0.014063 0.015625
0 0.750000 0.493750 0.015625 0.018750
0 0.248438 0.733594 0.012500 0.017188
0 0.278125 0.731250 0.015625 0.018750
0 0.287500 0.734375 0.012500 0.015625
0 0.300000 0.734375 0.009375 0.015625
0 0.250000 0.770312 0.009375 0.021875
0 0.262500 0.771875 0.012500 0.015625
0 0.281250 0.773438 0.009375 0.018750
0 0.292187 0.773438 0.015625 0.018750
0 0.317969 0.773438 0.010937 0.015625
0 0.332813 0.775000 0.015625 0.015625
0 0.903125 0.955469 0.025000 0.017188
0 0.871875 0.977344 0.025000 0.010937
0 0.896875 0.979688 0.025000 0.012500
0 0.620313 0.424219 0.015625 0.017188
0 0.989062 0.895312 0.021875 0.009375
0 0.988281 0.902344 0.023438 0.010937
0 0.988281 0.910937 0.023438 0.012500
0 0.987500 0.934375 0.025000 0.012500
