0 0.220312 0.806250 0.025000 0.034375
0 0.786719 0.012500 0.026562 0.015625
0 0.814063 0.044531 0.031250 0.020313
0 0.816406 0.055469 0.029687 0.014063
0 0.820312 0.068750 0.037500 0.015625
0 0.831250 0.085938 0.025000 0.012500
0 0.838281 0.095312 0.029687 0.012500
0 0.839844 0.108594 0.029687 0.010937
0 0.850000 0.118750 0.031250 0.018750
0 0.855469 0.132031 0.029687 0.014063
0 0.882812 0.121875 0.028125 0.018750
0 0.869531 0.099219 0.023438 0.014063
0 0.885938 0.179688 0.037500 0.012500
0 0.889844 0.192969 0.032813 0.014063
0 0.896094 0.204687 0.029687 0.012500
0 0.900781 0.217188 0.029687 0.012500
0 0.902344 0.226562 0.032813 0.012500
0 0.910156 0.236719 0.032813 0.014063
0 0.806250 0.285938 0.031250 0.015625
0 0.739844 0.140625 0.023438 0.018750
0 0.767969 0.153125 0.032813 0.018750
0 0.732812 0.208594 0.021875 0.020313
0 0.768750 0.203906 0.028125 0.017188
0 0.776563 0.219531 0.037500 0.017188
0 0.989062 0.253906 0.021875 0.014063
0 0.990625 0.264062 0.018750 0.015625
