0 0.727344 0.742969 0.029687 0.023438
0 0.682813 0.646875 0.028125 0.021875
0 0.692969 0.638281 0.023438 0.017188
0 0.701562 0.632812 0.034375 0.025000
0 0.719531 0.619531 0.026562 0.020313
0 0.758594 0.650781 0.029687 0.020313
0 0.773438 0.639844 0.031250 0.020313
0 0.717969 0.673438 0.023438 0.021875
0 0.739844 0.689063 0.026562 0.025000
0 0.761719 0.677344 0.026562 0.020313
0 0.771094 0.669531 0.023438 0.020313
0 0.910156 0.656250 0.026562 0.021875
0 0.925781 0.673438 0.026562 0.021875
0 0.960156 0.694531 0.017188 0.017188
0 0.973437 0.700781 0.018750 0.023438
0 0.348438 0.978906 0.053125 0.042188
0 0.307031 0.991406 0.023438 0.017188
0 0.794531 0.554688 0.029687 0.025000
0 0.808594 0.546875 0.026562 0.018750
0 0.814063 0.539062 0.025000 0.021875
0 0.825000 0.535156 0.021875 0.017188
0 0.829688 0.525781 0.021875 0.020313
0 0.839844 0.521875 0.026562 0.025000
0 0.847656 0.514062 0.023438 0.021875
0 0.857812 0.507812 0.025000 0.021875
0 0.866406 0.502344 0.026562 0.023438
0 0.875000 0.494531 0.028125 0.020313
0 0.879687 0.485156 0.028125 0.020313
0 0.893750 0.481250 0.028125 0.021875
0 0.900781 0.475781 0.026562 0.017188
0 0.910156 0.468750 0.023438 0.021875
0 0.916406 0.461719 0.023438 0.020313
0 0.927344 0.457813 0.029687 0.021875
0 0.929688 0.449219 0.025000 0.020313
0 0.940625 0.442969 0.025000 0.020313
0 0.951562 0.435937 0.028125 0.028125
0 0.957031 0.428125 0.029687 0.028125
0 0.967187 0.421094 0.028125 0.023438
0 0.978125 0.416406 0.021875 0.020313
0 0.985156 0.407813 0.020313 0.021875
0 0.989062 0.400000 0.021875 0.021875
0 0.993750 0.389062 0.012500 0.012500
0 0.842187 0.587500 0.028125 0.018750
0 0.857031 0.601562 0.023438 0.021875
0 0.850781 0.583594 0.017188 0.014063
0 0.857031 0.575000 0.023438 0.018750
0 0.871094 0.571094 0.023438 0.020313
0 0.874219 0.561719 0.020313 0.020313
0 0.881250 0.553125 0.021875 0.021875
0 0.891406 0.547656 0.023438 0.017188
0 0.900781 0.542969 0.026562 0.020313
0 0.910156 0.535156 0.020313 0.017188
0 0.918750 0.528906 0.021875 0.020313
0 0.925781 0.524219 0.026562 0.020313
0 0.935156 0.513281 0.026562 0.017188
0 0.945312 0.507031 0.025000 0.017188
0 0.953125 0.503906 0.021875 0.017188
0 0.960938 0.496875 0.025000 0.021875
0 0.968750 0.488281 0.021875 0.020313
0 0.978125 0.482031 0.025000 0.017188
0 0.987500 0.475000 0.021875 0.018750
0 0.990625 0.466406 0.018750 0.017188
0 0.925000 0.489844 0.025000 0.023438
0 0.867188 0.596094 0.018750 0.017188
0 0.878125 0.590625 0.018750 0.018750
0 0.886719 0.584375 0.023438 0.015625
0 0.895312 0.574219 0.021875 0.017188
0 0.906250 0.571094 0.021875 0.023438
0 0.913281 0.563281 0.020313 0.017188
0 0.921094 0.557813 0.023438 0.015625
0 0.930469 0.550000 0.020313 0.015625
0 0.940625 0.543750 0.018750 0.018750
0 0.950000 0.539062 0.021875 0.021875
0 0.950781 0.528906 0.023438 0.017188
0 0.960938 0.522656 0.021875 0.020313
0 0.974219 0.517969 0.023438 0.020313
0 0.979688 0.509375 0.021875 0.025000
0 0.992188 0.508594 0.015625 0.020313
