0 0.475962 0.019231 0.024038 0.024038
0 0.493990 0.027644 0.021635 0.021635
0 0.108173 0.394231 0.024038 0.024038
0 0.191106 0.399038 0.016827 0.028846
0 0.209135 0.400240 0.019231 0.021635
0 0.257212 0.409856 0.019231 0.026442
0 0.400240 0.457933 0.040865 0.016827
0 0.462740 0.424279 0.031250 0.026442
0 0.606971 0.317308 0.040865 0.024038
0 0.621394 0.272837 0.040865 0.026442
0 0.762019 0.177885 0.038462 0.024038
0 0.882212 0.233173 0.028846 0.024038
0 0.027644 0.504808 0.021635 0.024038
0 0.051683 0.491587 0.021635 0.031250
0 0.489183 0.522837 0.021635 0.031250
0 0.568510 0.507212 0.026442 0.033654
0 0.044471 0.914663 0.021635 0.031250
0 0.191106 0.877404 0.021635 0.028846
0 0.209135 0.877404 0.024038 0.028846
0 0.258413 0.849760 0.026442 0.026442
0 0.373798 0.804087 0.021635 0.026442
0 0.397837 0.801683 0.021635 0.026442
0 0.841346 0.929087 0.043269 0.026442
0 0.911058 0.877404 0.033654 0.033654
0 0.981971 0.802885 0.021635 0.028846
0 0.819712 0.991587 0.043269 0.016827
0 0.379808 0.532452 0.024038 0.031250
0 0.262019 0.521635 0.019231 0.028846
0 0.243990 0.510817 0.016827 0.031250
0 0.526442 0.040865 0.028846 0.028846
0 0.264423 0.073317 0.033654 0.031250
0 0.082933 0.020433 0.026442 0.026442
0 0.026442 0.009615 0.028846 0.014423
