0 0.986719 0.010937 0.017188 0.018750
0 0.945312 0.132031 0.028125 0.023438
0 0.223438 0.116406 0.021875 0.020313
0 0.170313 0.156250 0.018750 0.025000
0 0.163281 0.164844 0.020313 0.014063
0 0.153125 0.171875 0.018750 0.021875
0 0.145313 0.181250 0.021875 0.021875
0 0.132812 0.189844 0.021875 0.020313
0 0.121875 0.194531 0.021875 0.017188
0 0.113281 0.203906 0.020313 0.020313
0 0.102344 0.210938 0.023438 0.021875
0 0.094531 0.221875 0.020313 0.021875
0 0.082812 0.229687 0.025000 0.021875
0 0.072656 0.235156 0.020313 0.020313
0 0.064844 0.246094 0.023438 0.023438
0 0.052344 0.253125 0.023438 0.025000
0 0.040625 0.259375 0.021875 0.025000
0 0.029687 0.267188 0.025000 0.025000
0 0.020313 0.274219 0.021875 0.020313
0 0.014063 0.283594 0.025000 0.026562
0 0.008594 0.292969 0.014063 0.020313
0 0.232813 0.214062 0.021875 0.025000
0 0.221094 0.221875 0.017188 0.021875
0 0.216406 0.232813 0.020313 0.021875
0 0.206250 0.239844 0.015625 0.023438
0 0.196875 0.246875 0.018750 0.025000
0 0.185938 0.253906 0.012500 0.023438
0 0.174219 0.260937 0.017188 0.021875
0 0.164062 0.270313 0.015625 0.018750
0 0.153906 0.279687 0.017188 0.018750
0 0.144531 0.285156 0.020313 0.020313
0 0.135156 0.294531 0.017188 0.023438
0 0.123438 0.303125 0.021875 0.028125
0 0.016406 0.392188 0.020313 0.025000
0 0.007031 0.398438 0.010937 0.028125
0 0.019531 0.414062 0.017188 0.021875
0 0.121875 0.332031 0.012500 0.020313
0 0.129688 0.322656 0.015625 0.017188
0 0.142187 0.315625 0.018750 0.025000
0 0.153906 0.310156 0.010937 0.023438
0 0.171094 0.293750 0.017188 0.021875
0 0.181250 0.287500 0.018750 0.018750
0 0.190625 0.279687 0.021875 0.025000
0 0.201563 0.271094 0.018750 0.017188
0 0.213281 0.264062 0.017188 0.015625
0 0.220312 0.256250 0.018750 0.018750
0 0.232031 0.251563 0.017188 0.021875
0 0.241406 0.239063 0.020313 0.021875
0 0.249219 0.228906 0.023438 0.020313
0 0.267969 0.212500 0.020313 0.021875
0 0.552344 0.042188 0.020313 0.018750
