0 0.442969 0.298438 0.029687 0.015625
0 0.724219 0.272656 0.029687 0.010937
0 0.761719 0.423438 0.023438 0.025000
0 0.682031 0.417969 0.026562 0.023438
0 0.587500 0.414844 0.018750 0.029687
0 0.263281 0.399219 0.023438 0.023438
0 0.286719 0.401562 0.020313 0.018750
0 0.229687 0.486719 0.025000 0.017188
0 0.152344 0.470313 0.029687 0.012500
0 0.151562 0.481250 0.031250 0.012500
0 0.080469 0.492969 0.035937 0.017188
0 0.009375 0.407031 0.015625 0.017188
0 0.081250 0.506250 0.037500 0.015625
0 0.775781 0.693750 0.032813 0.018750
0 0.801562 0.705469 0.031250 0.017188
