0 0.542969 0.008594 0.017188 0.014063
0 0.556250 0.062500 0.009375 0.015625
0 0.565625 0.062500 0.009375 0.018750
0 0.384375 0.093750 0.015625 0.018750
0 0.683594 0.103125 0.010937 0.015625
0 0.568750 0.162500 0.009375 0.018750
0 0.637500 0.158594 0.012500 0.017188
0 0.650000 0.159375 0.012500 0.015625
0 0.652344 0.178125 0.010937 0.015625
0 0.899219 0.115625 0.010937 0.018750
0 0.943750 0.103125 0.012500 0.018750
0 0.968750 0.112500 0.012500 0.018750
0 0.928125 0.156250 0.009375 0.018750
0 0.949219 0.156250 0.010937 0.018750
0 0.968750 0.156250 0.015625 0.021875
0 0.950000 0.178125 0.012500 0.018750
0 0.965625 0.412500 0.015625 0.018750
0 0.918750 0.565625 0.021875 0.012500
0 0.567969 0.600000 0.023438 0.012500
0 0.627344 0.700000 0.020313 0.015625
0 0.693750 0.698438 0.021875 0.012500
0 0.736719 0.780469 0.017188 0.010937
0 0.746875 0.787500 0.021875 0.012500
0 0.828125 0.764844 0.021875 0.014063
0 0.132812 0.903125 0.018750 0.018750
0 0.501563 0.884375 0.021875 0.009375
0 0.518750 0.921094 0.018750 0.010937
0 0.537500 0.956250 0.021875 0.012500
0 0.556250 0.992188 0.021875 0.009375
0 0.617969 0.933594 0.023438 0.010937
0 0.634375 0.961719 0.021875 0.010937
0 0.649219 0.989844 0.023438 0.010937
0 0.687500 0.928125 0.025000 0.015625
0 0.712500 0.964063 0.021875 0.012500
0 0.723437 0.993750 0.021875 0.012500
