0 0.218750 0.205469 0.040625 0.020313
0 0.278906 0.221094 0.029687 0.017188
0 0.222656 0.385156 0.048438 0.026562
0 0.264062 0.385156 0.034375 0.026562
0 0.740625 0.389844 0.018750 0.026562
0 0.771875 0.461719 0.012500 0.020313
0 0.799219 0.464062 0.017188 0.018750
0 0.849219 0.457813 0.017188 0.021875
0 0.190625 0.426563 0.018750 0.025000
0 0.136719 0.415625 0.017188 0.031250
0 0.050781 0.414844 0.017188 0.023438
0 0.377344 0.489844 0.032813 0.020313
0 0.360938 0.526563 0.025000 0.012500
0 0.353906 0.536719 0.026562 0.014063
0 0.359375 0.562500 0.034375 0.015625
0 0.422656 0.607812 0.017188 0.018750
0 0.468750 0.616406 0.012500 0.020313
0 0.547656 0.537500 0.029687 0.015625
0 0.021875 0.650781 0.021875 0.020313
0 0.103906 0.636719 0.029687 0.023438
0 0.142969 0.689063 0.026562 0.015625
0 0.156250 0.765625 0.025000 0.018750
0 0.151562 0.777344 0.028125 0.020313
0 0.142969 0.789844 0.029687 0.020313
0 0.534375 0.779687 0.031250 0.021875
0 0.497656 0.914062 0.020313 0.021875
0 0.578906 0.947656 0.026562 0.026562
0 0.117969 0.657031 0.032813 0.023438
0 0.010937 0.894531 0.018750 0.023438
0 0.483594 0.823438 0.020313 0.021875
0 0.625781 0.792969 0.020313 0.020313
0 0.662500 0.733594 0.018750 0.017188
0 0.721875 0.900781 0.021875 0.020313
0 0.742188 0.908594 0.021875 0.023438
0 0.748437 0.916406 0.018750 0.020313
0 0.819531 0.962500 0.023438 0.021875
0 0.717187 0.984375 0.018750 0.018750
0 0.692969 0.965625 0.020313 0.021875
0 0.683594 0.957812 0.017188 0.018750
0 0.662500 0.947656 0.018750 0.017188
0 0.651563 0.939844 0.021875 0.020313
0 0.078125 0.955469 0.028125 0.014063
