0 0.539663 0.955529 0.021635 0.026442
0 0.748798 0.584135 0.040865 0.019231
0 0.746394 0.599760 0.040865 0.016827
0 0.841346 0.549279 0.038462 0.016827
0 0.844952 0.564904 0.045673 0.019231
0 0.562500 0.431490 0.024038 0.026442
0 0.525240 0.431490 0.021635 0.026442
0 0.455529 0.431490 0.016827 0.026442
0 0.397837 0.426683 0.021635 0.026442
0 0.379808 0.425481 0.019231 0.024038
0 0.051683 0.288462 0.016827 0.028846
0 0.146635 0.197115 0.038462 0.019231
0 0.631010 0.210337 0.040865 0.016827
0 0.039663 0.737981 0.045673 0.019231
0 0.091346 0.737981 0.038462 0.019231
0 0.992788 0.453125 0.014423 0.026442
