0 0.119531 0.009375 0.017188 0.015625
0 0.035937 0.270313 0.018750 0.025000
0 0.135937 0.293750 0.018750 0.021875
0 0.078906 0.471094 0.032813 0.014063
0 0.289062 0.007031 0.025000 0.007812
0 0.290625 0.018750 0.025000 0.009375
0 0.290625 0.026562 0.025000 0.006250
0 0.292969 0.035937 0.023438 0.009375
0 0.292969 0.046094 0.023438 0.007812
0 0.290625 0.055469 0.025000 0.007812
0 0.291406 0.071875 0.029687 0.009375
0 0.291406 0.083594 0.026562 0.007812
0 0.291406 0.093750 0.026562 0.009375
0 0.295312 0.126562 0.028125 0.012500
0 0.290625 0.135937 0.031250 0.009375
0 0.291406 0.146875 0.026562 0.009375
0 0.293750 0.156250 0.028125 0.009375
0 0.292969 0.165625 0.029687 0.012500
0 0.369531 0.278125 0.032813 0.015625
0 0.358594 0.176563 0.029687 0.012500
0 0.353906 0.165625 0.026562 0.009375
0 0.350781 0.154688 0.029687 0.012500
0 0.350781 0.146875 0.026562 0.009375
0 0.350781 0.136719 0.026562 0.007812
0 0.350781 0.128125 0.026562 0.009375
0 0.346875 0.117969 0.028125 0.010937
0 0.348438 0.109375 0.028125 0.009375
0 0.349219 0.100000 0.029687 0.009375
0 0.414844 0.292969 0.029687 0.010937
0 0.414844 0.311719 0.026562 0.010937
0 0.410156 0.332031 0.029687 0.014063
0 0.413281 0.382812 0.029687 0.009375
0 0.440625 0.397656 0.015625 0.023438
0 0.471875 0.325000 0.015625 0.018750
0 0.484375 0.325781 0.012500 0.017188
0 0.498437 0.328125 0.012500 0.021875
0 0.511719 0.326562 0.010937 0.018750
0 0.521875 0.325000 0.012500 0.021875
0 0.536719 0.327344 0.010937 0.020313
0 0.549219 0.328125 0.010937 0.021875
0 0.561719 0.328125 0.010937 0.021875
0 0.571875 0.325781 0.009375 0.020313
0 0.583594 0.326562 0.014063 0.021875
0 0.487500 0.346875 0.012500 0.021875
0 0.519531 0.346094 0.014063 0.020313
0 0.534375 0.346875 0.012500 0.018750
0 0.565625 0.278906 0.018750 0.020313
0 0.582031 0.280469 0.017188 0.017188
0 0.596094 0.280469 0.014063 0.020313
0 0.744531 0.064844 0.017188 0.023438
0 0.746875 0.214062 0.015625 0.021875
0 0.838281 0.007812 0.010937 0.012500
0 0.817187 0.021094 0.012500 0.020313
0 0.803906 0.007031 0.007812 0.010937
0 0.792969 0.004687 0.010937 0.006250
0 0.776563 0.003906 0.015625 0.004687
0 0.730469 0.007812 0.010937 0.012500
0 0.732031 0.024219 0.014063 0.020313
0 0.754687 0.021875 0.015625 0.021875
0 0.681250 0.663281 0.015625 0.023438
0 0.654687 0.663281 0.018750 0.020313
0 0.267188 0.643750 0.012500 0.018750
0 0.264062 0.750000 0.015625 0.018750
