0 0.621094 0.337500 0.017188 0.012500
0 0.637500 0.378125 0.021875 0.009375
0 0.659375 0.415625 0.018750 0.015625
0 0.678125 0.456250 0.018750 0.012500
0 0.696094 0.484375 0.017188 0.009375
0 0.746875 0.392969 0.015625 0.010937
0 0.764844 0.423438 0.017188 0.015625
0 0.780469 0.452344 0.020313 0.010937
0 0.793750 0.483594 0.015625 0.014063
0 0.810937 0.376563 0.025000 0.015625
0 0.837500 0.415625 0.021875 0.015625
0 0.846875 0.446875 0.021875 0.012500
0 0.753125 0.140625 0.018750 0.021875
0 0.817969 0.129688 0.023438 0.012500
0 0.862500 0.217188 0.018750 0.012500
0 0.959375 0.202344 0.015625 0.014063
0 0.068750 0.136719 0.018750 0.014063
0 0.050000 0.142969 0.015625 0.010937
0 0.037500 0.162500 0.012500 0.018750
