0 0.034856 0.396635 0.031250 0.019231
0 0.038462 0.415865 0.038462 0.014423
0 0.045673 0.436298 0.043269 0.021635
0 0.058894 0.462740 0.040865 0.016827
0 0.070913 0.480769 0.036058 0.014423
0 0.074519 0.502404 0.038462 0.014423
0 0.086538 0.518029 0.038462 0.016827
0 0.098558 0.537260 0.033654 0.016827
0 0.139423 0.520433 0.038462 0.021635
0 0.116587 0.484375 0.026442 0.021635
0 0.111779 0.564904 0.031250 0.019231
0 0.149038 0.614183 0.048077 0.016827
0 0.147837 0.631010 0.045673 0.012019
0 0.159856 0.647837 0.040865 0.012019
0 0.164663 0.662260 0.040865 0.016827
0 0.170673 0.679087 0.038462 0.016827
0 0.182692 0.695913 0.048077 0.021635
0 0.026442 0.775240 0.033654 0.021635
