0 0.267969 0.078125 0.026562 0.012500
0 0.292969 0.080469 0.023438 0.010937
0 0.293750 0.089844 0.031250 0.014063
0 0.293750 0.100000 0.031250 0.009375
0 0.267188 0.089063 0.025000 0.012500
0 0.224219 0.243750 0.029687 0.012500
0 0.131250 0.227344 0.028125 0.017188
0 0.131250 0.246875 0.025000 0.009375
0 0.131250 0.256250 0.025000 0.009375
0 0.196875 0.252344 0.028125 0.010937
0 0.192969 0.270313 0.026562 0.012500
0 0.217188 0.285938 0.028125 0.012500
0 0.284375 0.256250 0.034375 0.012500
0 0.286719 0.286719 0.026562 0.010937
0 0.674219 0.068750 0.020313 0.015625
0 0.668750 0.078125 0.028125 0.015625
0 0.675000 0.104688 0.028125 0.012500
0 0.674219 0.115625 0.026562 0.015625
0 0.746094 0.109375 0.026562 0.015625
0 0.742188 0.120313 0.025000 0.012500
0 0.736719 0.139063 0.029687 0.012500
0 0.731250 0.150000 0.025000 0.012500
0 0.728125 0.159375 0.034375 0.015625
0 0.761719 0.134375 0.032813 0.018750
0 0.825000 0.143750 0.025000 0.015625
0 0.631250 0.237500 0.018750 0.025000
0 0.710938 0.258594 0.015625 0.020313
0 0.743750 0.256250 0.015625 0.025000
0 0.501563 0.424219 0.031250 0.014063
0 0.492969 0.452344 0.032813 0.010937
0 0.492188 0.465625 0.028125 0.012500
0 0.457813 0.500000 0.018750 0.025000
0 0.793750 0.580469 0.015625 0.023438
0 0.812500 0.643750 0.015625 0.025000
0 0.825000 0.653125 0.015625 0.018750
0 0.661719 0.642969 0.017188 0.026562
0 0.646094 0.642969 0.017188 0.020313
0 0.667188 0.571875 0.015625 0.021875
0 0.625000 0.571875 0.021875 0.021875
0 0.557813 0.636719 0.018750 0.023438
0 0.412500 0.523438 0.018750 0.025000
0 0.399219 0.728125 0.023438 0.025000
0 0.396094 0.752344 0.017188 0.026562
0 0.431250 0.792969 0.018750 0.020313
0 0.389844 0.829688 0.017188 0.028125
0 0.383594 0.881250 0.020313 0.018750
0 0.237500 0.518750 0.015625 0.025000
0 0.224219 0.518750 0.014063 0.025000
0 0.162500 0.865625 0.025000 0.009375
0 0.134375 0.862500 0.021875 0.009375
0 0.134375 0.871875 0.034375 0.012500
0 0.127344 0.893750 0.029687 0.012500
0 0.125000 0.903125 0.031250 0.009375
0 0.128125 0.914844 0.028125 0.010937
0 0.068750 0.903125 0.025000 0.018750
0 0.065625 0.912500 0.028125 0.015625
0 0.062500 0.931250 0.034375 0.012500
0 0.289844 0.975000 0.032813 0.015625
0 0.735938 0.968750 0.015625 0.025000
0 0.746875 0.967969 0.015625 0.023438
0 0.764844 0.971875 0.017188 0.021875
0 0.817969 0.964844 0.014063 0.020313
0 0.837500 0.971875 0.018750 0.021875
0 0.971094 0.946875 0.020313 0.025000
0 0.987500 0.943750 0.018750 0.025000
0 0.878906 0.583594 0.020313 0.032813
