0 0.933594 0.416406 0.023438 0.020313
0 0.915625 0.421094 0.018750 0.017188
0 0.887500 0.444531 0.021875 0.023438
0 0.871094 0.448437 0.020313 0.021875
0 0.809375 0.453125 0.031250 0.025000
0 0.644531 0.562500 0.035937 0.021875
0 0.549219 0.604688 0.023438 0.021875
0 0.511719 0.629687 0.023438 0.021875
0 0.231250 0.838281 0.028125 0.017188
0 0.181250 0.728906 0.028125 0.014063
0 0.907031 0.207813 0.026562 0.021875
0 0.939063 0.189062 0.031250 0.018750
0 0.694531 0.110156 0.020313 0.017188
0 0.660156 0.082812 0.023438 0.015625
