0 0.129808 0.135817 0.038462 0.021635
0 0.265625 0.132212 0.040865 0.024038
0 0.532452 0.258413 0.040865 0.021635
0 0.350962 0.290865 0.028846 0.019231
0 0.368990 0.310096 0.036058 0.024038
0 0.257212 0.585337 0.038462 0.021635
0 0.301683 0.653846 0.040865 0.024038
0 0.325721 0.711538 0.036058 0.024038
0 0.114183 0.594952 0.036058 0.021635
0 0.145433 0.647837 0.040865 0.021635
0 0.170673 0.706731 0.038462 0.024038
0 0.203125 0.763221 0.040865 0.021635
0 0.022837 0.770433 0.031250 0.021635
0 0.008413 0.709135 0.012019 0.019231
