0 0.750781 0.008594 0.032813 0.010937
0 0.337500 0.725000 0.012500 0.021875
0 0.365625 0.721875 0.015625 0.021875
0 0.325000 0.721875 0.012500 0.025000
0 0.267188 0.718750 0.012500 0.021875
0 0.252344 0.717187 0.010937 0.025000
0 0.239844 0.718750 0.010937 0.025000
0 0.227344 0.715625 0.014063 0.025000
0 0.042969 0.709375 0.014063 0.025000
0 0.018750 0.706250 0.015625 0.025000
0 0.008594 0.706250 0.014063 0.025000
0 0.064844 0.777344 0.020313 0.023438
0 0.081250 0.777344 0.009375 0.020313
0 0.089844 0.781250 0.014063 0.018750
0 0.100000 0.781250 0.012500 0.025000
0 0.125000 0.784375 0.015625 0.018750
0 0.062500 0.965625 0.015625 0.015625
0 0.071094 0.956250 0.014063 0.015625
0 0.080469 0.953125 0.017188 0.015625
0 0.089063 0.949219 0.012500 0.014063
0 0.111719 0.943750 0.014063 0.021875
0 0.134375 0.950000 0.012500 0.018750
0 0.156250 0.965625 0.015625 0.012500
0 0.168750 0.970313 0.015625 0.012500
