0 0.353125 0.589063 0.028125 0.009375
0 0.353125 0.599219 0.031250 0.007812
0 0.389844 0.639844 0.023438 0.010937
0 0.392188 0.649219 0.025000 0.010937
0 0.392188 0.662500 0.025000 0.012500
0 0.361719 0.650000 0.023438 0.006250
0 0.368750 0.659375 0.021875 0.012500
0 0.367188 0.675000 0.028125 0.012500
0 0.368750 0.686719 0.025000 0.010937
0 0.371875 0.696094 0.031250 0.014063
0 0.381250 0.750000 0.028125 0.015625
0 0.428125 0.800000 0.018750 0.025000
0 0.493750 0.809375 0.025000 0.012500
0 0.550000 0.814844 0.025000 0.010937
0 0.545312 0.824219 0.025000 0.007812
0 0.545312 0.831250 0.025000 0.009375
0 0.512500 0.560156 0.025000 0.014063
0 0.471094 0.622656 0.017188 0.014063
0 0.456250 0.753906 0.021875 0.010937
