0 0.411719 0.425000 0.023438 0.012500
0 0.267188 0.471094 0.021875 0.010937
0 0.342969 0.680469 0.017188 0.020313
0 0.683594 0.339062 0.017188 0.009375
0 0.407813 0.102344 0.021875 0.017188
0 0.426563 0.140625 0.021875 0.012500
0 0.446875 0.179688 0.021875 0.012500
0 0.468750 0.218750 0.021875 0.015625
0 0.481250 0.248438 0.021875 0.012500
0 0.534375 0.152344 0.025000 0.014063
0 0.550000 0.184375 0.021875 0.009375
0 0.564844 0.214844 0.023438 0.014063
0 0.581250 0.243750 0.025000 0.015625
0 0.609375 0.150000 0.028125 0.015625
0 0.634375 0.186719 0.025000 0.014063
0 0.645312 0.218750 0.021875 0.018750
