0 0.835156 0.031250 0.020313 0.012500
0 0.835156 0.172656 0.032813 0.020313
0 0.421875 0.646094 0.012500 0.017188
0 0.432031 0.651563 0.010937 0.018750
0 0.389062 0.585938 0.018750 0.012500
0 0.171094 0.707031 0.045312 0.017188
0 0.071875 0.426563 0.028125 0.018750
0 0.042969 0.892188 0.023438 0.018750
0 0.283594 0.971875 0.026562 0.012500
0 0.282813 0.961719 0.025000 0.014063
0 0.283594 0.950000 0.026562 0.012500
0 0.285156 0.943750 0.023438 0.009375
0 0.289062 0.936719 0.025000 0.014063
0 0.292187 0.925000 0.025000 0.015625
0 0.300000 0.916406 0.028125 0.014063
0 0.356250 0.879687 0.021875 0.021875
0 0.362500 0.875000 0.015625 0.015625
0 0.369531 0.870313 0.017188 0.015625
0 0.379688 0.867969 0.021875 0.017188
0 0.395313 0.867188 0.015625 0.018750
0 0.409375 0.866406 0.015625 0.023438
0 0.421094 0.867188 0.014063 0.018750
0 0.431250 0.865625 0.018750 0.018750
0 0.445312 0.872656 0.012500 0.017188
0 0.459375 0.875000 0.012500 0.015625
0 0.467187 0.878125 0.012500 0.021875
0 0.475000 0.884375 0.018750 0.015625
0 0.481250 0.896094 0.021875 0.014063
0 0.484375 0.904687 0.021875 0.015625
0 0.489844 0.915625 0.023438 0.012500
0 0.489063 0.925000 0.025000 0.009375
0 0.485156 0.935937 0.023438 0.009375
0 0.487500 0.945312 0.018750 0.006250
0 0.480469 0.950781 0.026562 0.010937
0 0.470313 0.960156 0.021875 0.010937
0 0.460938 0.973437 0.028125 0.015625
0 0.454688 0.980469 0.025000 0.014063
0 0.435937 0.992188 0.018750 0.015625
0 0.408594 0.995313 0.017188 0.009375
0 0.346094 0.946875 0.020313 0.009375
0 0.343750 0.939063 0.015625 0.015625
0 0.351562 0.932031 0.012500 0.017188
0 0.360156 0.926562 0.020313 0.018750
0 0.370312 0.921094 0.015625 0.020313
0 0.375781 0.916406 0.017188 0.017188
0 0.385937 0.911719 0.009375 0.017188
0 0.398438 0.911719 0.012500 0.017188
0 0.413281 0.910937 0.010937 0.018750
0 0.429688 0.932031 0.018750 0.014063
0 0.426563 0.940625 0.018750 0.012500
0 0.418750 0.946094 0.015625 0.014063
0 0.414062 0.952344 0.015625 0.017188
0 0.403906 0.959375 0.014063 0.015625
0 0.396094 0.962500 0.010937 0.015625
0 0.385937 0.967969 0.015625 0.023438
0 0.373437 0.969531 0.009375 0.017188
0 0.357812 0.970313 0.012500 0.018750
