0 0.454688 0.970313 0.015625 0.021875
0 0.487500 0.815625 0.021875 0.025000
0 0.550000 0.909375 0.034375 0.015625
0 0.546875 0.924219 0.034375 0.017188
0 0.550000 0.937500 0.031250 0.015625
0 0.553125 0.946875 0.028125 0.015625
0 0.552344 0.960938 0.032813 0.018750
0 0.906250 0.912500 0.018750 0.025000
0 0.931250 0.912500 0.021875 0.025000
0 0.946875 0.915625 0.021875 0.028125
0 0.909375 0.964844 0.018750 0.023438
0 0.621094 0.549219 0.020313 0.023438
0 0.618750 0.599219 0.021875 0.023438
0 0.574219 0.440625 0.026562 0.021875
