0 0.258594 0.067969 0.023438 0.017188
0 0.186719 0.255469 0.020313 0.010937
0 0.189062 0.265625 0.021875 0.015625
0 0.147656 0.321875 0.026562 0.015625
0 0.022656 0.452344 0.020313 0.020313
0 0.501563 0.342187 0.021875 0.018750
0 0.502344 0.361719 0.026562 0.010937
0 0.501563 0.372656 0.025000 0.010937
0 0.563281 0.296875 0.026562 0.012500
0 0.567969 0.310156 0.029687 0.010937
0 0.564844 0.319531 0.026562 0.010937
0 0.569531 0.332031 0.023438 0.010937
0 0.568750 0.341406 0.028125 0.010937
0 0.912500 0.330469 0.015625 0.026562
0 0.946875 0.332813 0.012500 0.021875
0 0.958594 0.331250 0.010937 0.021875
0 0.973437 0.333594 0.015625 0.026562
0 0.918750 0.382812 0.009375 0.021875
0 0.932031 0.382031 0.014063 0.020313
0 0.954688 0.382812 0.012500 0.021875
0 0.967187 0.381250 0.012500 0.018750
0 0.724219 0.715625 0.014063 0.021875
0 0.790625 0.733594 0.031250 0.017188
0 0.688281 0.714063 0.010937 0.021875
0 0.675000 0.713281 0.015625 0.020313
0 0.508594 0.717969 0.023438 0.014063
0 0.485938 0.717187 0.015625 0.012500
0 0.417187 0.763281 0.012500 0.023438
0 0.486719 0.776563 0.017188 0.021875
0 0.544531 0.776563 0.017188 0.021875
0 0.635156 0.778906 0.017188 0.023438
0 0.794531 0.812500 0.026562 0.015625
0 0.271875 0.803906 0.025000 0.014063
0 0.283594 0.889062 0.026562 0.015625
0 0.371094 0.882031 0.029687 0.010937
0 0.369531 0.891406 0.026562 0.010937
0 0.370312 0.922656 0.025000 0.010937
0 0.788281 0.893750 0.020313 0.012500
0 0.786719 0.933594 0.026562 0.014063
0 0.782031 0.947656 0.026562 0.014063
0 0.785937 0.960938 0.025000 0.009375
0 0.780469 0.986719 0.026562 0.010937
0 0.023438 0.797656 0.028125 0.020313
