0 0.790625 0.082031 0.012500 0.023438
0 0.353906 0.333594 0.014063 0.020313
0 0.203125 0.417187 0.021875 0.021875
0 0.378906 0.390625 0.017188 0.021875
0 0.368750 0.392969 0.012500 0.017188
0 0.382031 0.493750 0.020313 0.018750
0 0.497656 0.429688 0.014063 0.015625
0 0.450781 0.489063 0.014063 0.018750
0 0.465625 0.488281 0.015625 0.017188
0 0.464062 0.507031 0.015625 0.014063
0 0.789844 0.437500 0.014063 0.021875
0 0.750781 0.482031 0.010937 0.020313
0 0.770312 0.483594 0.015625 0.020313
0 0.790625 0.482812 0.015625 0.021875
0 0.770312 0.505469 0.015625 0.020313
0 0.785937 0.750781 0.018750 0.020313
0 0.375000 0.944531 0.025000 0.014063
0 0.736719 0.904687 0.026562 0.015625
0 0.917969 0.490625 0.017188 0.009375
0 0.919531 0.497656 0.020313 0.007812
0 0.920312 0.506250 0.021875 0.009375
0 0.921094 0.514062 0.020313 0.009375
0 0.921875 0.522656 0.021875 0.010937
0 0.920312 0.531250 0.021875 0.006250
0 0.921094 0.536719 0.020313 0.007812
0 0.919531 0.545312 0.020313 0.006250
0 0.920312 0.552344 0.021875 0.007812
0 0.919531 0.561719 0.023438 0.007812
0 0.921094 0.570312 0.023438 0.009375
0 0.922656 0.580469 0.023438 0.010937
0 0.923438 0.608594 0.021875 0.010937
0 0.920312 0.618750 0.021875 0.009375
0 0.920312 0.626563 0.021875 0.012500
0 0.920312 0.635938 0.021875 0.009375
0 0.921094 0.645312 0.023438 0.009375
0 0.970313 0.652344 0.021875 0.007812
0 0.967969 0.642969 0.023438 0.010937
0 0.968750 0.634375 0.018750 0.009375
0 0.967969 0.626563 0.020313 0.009375
0 0.968750 0.618750 0.018750 0.009375
0 0.968750 0.604688 0.018750 0.006250
0 0.969531 0.595313 0.020313 0.006250
0 0.967187 0.586719 0.018750 0.010937
0 0.986719 0.739062 0.023438 0.009375
