0 0.754687 0.008594 0.021875 0.014063
0 0.073438 0.020313 0.025000 0.012500
0 0.071094 0.044531 0.029687 0.014063
0 0.351562 0.061719 0.015625 0.017188
0 0.336719 0.064844 0.020313 0.020313
0 0.310937 0.083594 0.021875 0.023438
0 0.268750 0.101562 0.028125 0.025000
0 0.253125 0.137500 0.028125 0.018750
0 0.266406 0.146875 0.020313 0.012500
0 0.269531 0.160938 0.023438 0.015625
0 0.293750 0.196094 0.025000 0.014063
0 0.293750 0.205469 0.021875 0.014063
0 0.307812 0.215625 0.025000 0.015625
0 0.439063 0.068750 0.028125 0.015625
0 0.453906 0.103906 0.026562 0.020313
0 0.485156 0.142969 0.023438 0.017188
0 0.492969 0.164062 0.035937 0.018750
0 0.500000 0.174219 0.034375 0.017188
0 0.603125 0.294531 0.018750 0.020313
0 0.792188 0.346875 0.025000 0.021875
0 0.825000 0.325781 0.028125 0.020313
0 0.778906 0.353906 0.023438 0.020313
0 0.056250 0.265625 0.025000 0.018750
0 0.172656 0.337500 0.029687 0.021875
0 0.032031 0.343750 0.023438 0.018750
0 0.021094 0.348438 0.023438 0.018750
0 0.335938 0.591406 0.025000 0.014063
0 0.326562 0.600781 0.025000 0.020313
0 0.257812 0.657031 0.025000 0.017188
0 0.140625 0.725781 0.034375 0.020313
0 0.093750 0.775781 0.031250 0.020313
0 0.150000 0.811719 0.025000 0.020313
0 0.269531 0.826562 0.029687 0.025000
0 0.458594 0.957812 0.023438 0.018750
0 0.448437 0.966406 0.021875 0.017188
0 0.603125 0.881250 0.025000 0.021875
0 0.623437 0.854688 0.021875 0.025000
0 0.633594 0.849219 0.023438 0.017188
0 0.650781 0.830469 0.029687 0.023438
0 0.711719 0.879687 0.020313 0.021875
0 0.698438 0.903906 0.021875 0.020313
0 0.640625 0.949219 0.031250 0.023438
0 0.593750 0.968750 0.015625 0.025000
0 0.820312 0.851562 0.028125 0.018750
0 0.711719 0.672656 0.026562 0.020313
0 0.775000 0.629687 0.025000 0.018750
0 0.578906 0.580469 0.020313 0.020313
0 0.601562 0.553125 0.018750 0.012500
0 0.642188 0.515625 0.018750 0.015625
0 0.664844 0.503125 0.029687 0.025000
0 0.707031 0.499219 0.023438 0.023438
0 0.739844 0.526563 0.023438 0.018750
0 0.760938 0.547656 0.025000 0.023438
0 0.758594 0.566406 0.026562 0.020313
