0 0.671875 0.007031 0.015625 0.010937
0 0.668750 0.033594 0.009375 0.020313
0 0.665625 0.099219 0.015625 0.023438
0 0.658594 0.181250 0.014063 0.025000
0 0.656250 0.231250 0.015625 0.021875
0 0.655469 0.275000 0.017188 0.021875
0 0.534375 0.253125 0.028125 0.015625
0 0.368750 0.230469 0.015625 0.017188
0 0.350000 0.232813 0.018750 0.018750
0 0.350000 0.256250 0.025000 0.015625
0 0.356250 0.309375 0.021875 0.015625
0 0.361719 0.318750 0.026562 0.015625
0 0.410938 0.321094 0.018750 0.023438
0 0.437500 0.317188 0.018750 0.018750
0 0.129688 0.396094 0.031250 0.014063
0 0.027344 0.446875 0.026562 0.009375
0 0.753125 0.177344 0.021875 0.010937
0 0.771875 0.096875 0.015625 0.018750
0 0.790625 0.099219 0.009375 0.017188
0 0.803125 0.096875 0.015625 0.018750
0 0.815625 0.102344 0.012500 0.017188
0 0.833594 0.099219 0.010937 0.017188
0 0.845313 0.100000 0.015625 0.021875
0 0.856250 0.103125 0.012500 0.021875
0 0.812500 0.150000 0.025000 0.015625
0 0.812500 0.165625 0.021875 0.012500
0 0.810937 0.181250 0.025000 0.006250
0 0.812500 0.192188 0.021875 0.009375
0 0.746875 0.225000 0.025000 0.009375
0 0.746094 0.239844 0.023438 0.010937
0 0.784375 0.260937 0.015625 0.021875
0 0.892969 0.162500 0.026562 0.012500
0 0.890625 0.177344 0.025000 0.014063
0 0.893750 0.215625 0.025000 0.015625
0 0.943750 0.200000 0.021875 0.012500
0 0.789844 0.439063 0.010937 0.018750
0 0.802344 0.439063 0.014063 0.018750
0 0.840625 0.433594 0.018750 0.023438
0 0.856250 0.433594 0.012500 0.020313
0 0.661719 0.396094 0.017188 0.026562
0 0.674219 0.418750 0.014063 0.015625
0 0.668750 0.437500 0.018750 0.021875
0 0.673438 0.558594 0.021875 0.023438
0 0.406250 0.393750 0.025000 0.018750
0 0.308594 0.531250 0.023438 0.043750
0 0.285938 0.528125 0.021875 0.046875
0 0.893750 0.939063 0.025000 0.021875
0 0.207813 0.289844 0.031250 0.014063
