0 0.704688 0.528125 0.018750 0.012500
0 0.699219 0.544531 0.023438 0.010937
0 0.696875 0.552344 0.021875 0.007812
0 0.695312 0.559375 0.021875 0.009375
0 0.692969 0.567969 0.017188 0.010937
0 0.660156 0.659375 0.020313 0.012500
0 0.655469 0.689063 0.020313 0.009375
0 0.656250 0.696094 0.018750 0.007812
0 0.732031 0.599219 0.020313 0.010937
0 0.726562 0.615625 0.021875 0.009375
0 0.723437 0.623437 0.021875 0.009375
0 0.721875 0.632031 0.021875 0.007812
0 0.718750 0.637500 0.018750 0.009375
0 0.713281 0.652344 0.023438 0.014063
0 0.707031 0.667969 0.023438 0.010937
0 0.707031 0.689063 0.023438 0.009375
0 0.710156 0.700000 0.020313 0.009375
0 0.711719 0.719531 0.020313 0.007812
0 0.712500 0.730469 0.018750 0.007812
0 0.661719 0.771094 0.023438 0.007812
0 0.675000 0.796094 0.018750 0.010937
0 0.679688 0.804688 0.015625 0.012500
0 0.685156 0.810156 0.017188 0.010937
0 0.690625 0.824219 0.018750 0.010937
0 0.697656 0.832812 0.020313 0.009375
0 0.710938 0.852344 0.018750 0.014063
0 0.714063 0.738281 0.025000 0.010937
0 0.717187 0.745313 0.025000 0.009375
0 0.717187 0.752344 0.025000 0.007812
0 0.716406 0.760938 0.023438 0.009375
0 0.728906 0.792188 0.023438 0.012500
0 0.733594 0.800781 0.020313 0.010937
0 0.749219 0.821094 0.020313 0.010937
0 0.752344 0.828906 0.020313 0.010937
0 0.764062 0.841406 0.018750 0.017188
0 0.792969 0.867188 0.017188 0.018750
0 0.812500 0.863281 0.012500 0.020313
0 0.823438 0.863281 0.012500 0.020313
0 0.842187 0.861719 0.015625 0.023438
0 0.855469 0.862500 0.014063 0.018750
0 0.816406 0.550000 0.014063 0.021875
0 0.913281 0.507812 0.014063 0.018750
0 0.939844 0.545312 0.010937 0.015625
0 0.951562 0.542188 0.012500 0.018750
0 0.829688 0.900781 0.012500 0.017188
0 0.846875 0.899219 0.012500 0.017188
0 0.857812 0.899219 0.012500 0.017188
0 0.868750 0.898438 0.012500 0.018750
0 0.889844 0.897656 0.014063 0.020313
0 0.917969 0.895312 0.010937 0.018750
0 0.769531 0.945312 0.026562 0.018750
0 0.779687 0.961719 0.021875 0.014063
0 0.993750 0.889844 0.012500 0.020313
