0 0.460337 0.038462 0.021635 0.028846
0 0.414663 0.382212 0.021635 0.028846
0 0.412260 0.423077 0.021635 0.028846
0 0.013221 0.881010 0.021635 0.021635
0 0.052885 0.879808 0.019231 0.019231
0 0.207933 0.776442 0.040865 0.019231
0 0.389423 0.808894 0.024038 0.021635
0 0.397837 0.737981 0.016827 0.019231
0 0.397837 0.658654 0.021635 0.028846
0 0.411058 0.522837 0.024038 0.031250
0 0.539663 0.662260 0.036058 0.012019
0 0.538462 0.737981 0.033654 0.014423
0 0.531250 0.757212 0.038462 0.014423
0 0.586538 0.794471 0.024038 0.021635
0 0.631010 0.721154 0.031250 0.014423
0 0.569712 0.537260 0.019231 0.021635
0 0.600962 0.537260 0.014423 0.021635
0 0.615385 0.542067 0.014423 0.021635
0 0.632212 0.542067 0.019231 0.021635
0 0.662260 0.542067 0.016827 0.021635
0 0.677885 0.543269 0.019231 0.024038
0 0.632212 0.615385 0.028846 0.014423
0 0.632212 0.631010 0.028846 0.012019
0 0.632212 0.647837 0.028846 0.012019
0 0.631010 0.662260 0.031250 0.012019
0 0.632212 0.675481 0.033654 0.009615
0 0.631010 0.677885 0.036058 0.014423
0 0.757212 0.724760 0.033654 0.016827
0 0.756010 0.682692 0.031250 0.009615
0 0.757212 0.661058 0.033654 0.014423
0 0.757212 0.646635 0.033654 0.009615
0 0.834135 0.694712 0.028846 0.014423
0 0.758413 0.883413 0.036058 0.016827
0 0.925481 0.847356 0.033654 0.016827
0 0.210337 0.730769 0.036058 0.019231
0 0.332933 0.715144 0.036058 0.021635
