0 0.419531 0.598437 0.020313 0.025000
0 0.065625 0.286719 0.021875 0.029687
0 0.069531 0.253906 0.023438 0.029687
0 0.230469 0.007031 0.023438 0.010937
0 0.213281 0.028125 0.023438 0.015625
0 0.208594 0.033594 0.023438 0.014063
0 0.179688 0.085938 0.028125 0.015625
0 0.171094 0.010937 0.026562 0.015625
0 0.160156 0.025000 0.026562 0.015625
0 0.155469 0.032813 0.029687 0.015625
0 0.135937 0.063281 0.031250 0.017188
0 0.131250 0.070312 0.025000 0.015625
0 0.126562 0.080469 0.021875 0.010937
0 0.124219 0.089844 0.020313 0.010937
0 0.117969 0.096875 0.023438 0.015625
0 0.111719 0.103906 0.023438 0.014063
0 0.103125 0.114844 0.028125 0.017188
