0 0.831250 0.202344 0.028125 0.010937
0 0.758594 0.571094 0.020313 0.060937
0 0.593750 0.361719 0.025000 0.010937
0 0.596875 0.368750 0.021875 0.009375
0 0.595313 0.377344 0.021875 0.010937
0 0.592187 0.396875 0.025000 0.015625
0 0.592969 0.408594 0.020313 0.007812
0 0.593750 0.415625 0.021875 0.006250
0 0.596875 0.424219 0.021875 0.007812
0 0.596875 0.433594 0.021875 0.007812
0 0.595313 0.442188 0.021875 0.006250
0 0.596094 0.449219 0.020313 0.007812
0 0.481250 0.368750 0.025000 0.009375
0 0.542969 0.478125 0.023438 0.006250
0 0.546875 0.487500 0.021875 0.009375
0 0.796875 0.891406 0.018750 0.010937
0 0.639062 0.992969 0.018750 0.010937
0 0.617188 0.021875 0.015625 0.028125
