0 0.243750 0.774219 0.025000 0.029687
0 0.218750 0.709375 0.021875 0.031250
0 0.251563 0.668750 0.028125 0.018750
0 0.256250 0.681250 0.028125 0.015625
0 0.264844 0.689844 0.029687 0.014063
0 0.054688 0.387500 0.031250 0.015625
0 0.050000 0.378125 0.031250 0.018750
0 0.046875 0.368750 0.028125 0.012500
0 0.039844 0.360938 0.026562 0.012500
0 0.033594 0.351562 0.026562 0.015625
0 0.031250 0.339844 0.034375 0.017188
0 0.010156 0.306250 0.017188 0.015625
0 0.028125 0.284375 0.028125 0.018750
0 0.010156 0.290625 0.017188 0.009375
0 0.018750 0.262500 0.025000 0.012500
0 0.008594 0.278125 0.014063 0.009375
0 0.225781 0.743750 0.026562 0.031250
