0 0.477344 0.265625 0.029687 0.009375
0 0.475781 0.276562 0.026562 0.009375
0 0.476562 0.286719 0.018750 0.007812
0 0.410156 0.294531 0.032813 0.017188
0 0.418750 0.312500 0.028125 0.012500
0 0.412500 0.323437 0.028125 0.012500
0 0.780469 0.287500 0.017188 0.018750
0 0.815625 0.289844 0.012500 0.017188
0 0.825781 0.291406 0.010937 0.020313
0 0.836719 0.289844 0.014063 0.020313
0 0.785156 0.332813 0.010937 0.018750
0 0.796875 0.332031 0.012500 0.017188
0 0.817969 0.335156 0.014063 0.023438
0 0.829688 0.332031 0.012500 0.017188
0 0.860938 0.330469 0.015625 0.023438
0 0.874219 0.332813 0.017188 0.021875
0 0.618750 0.627344 0.015625 0.023438
0 0.588281 0.622656 0.014063 0.017188
0 0.575000 0.621875 0.009375 0.018750
0 0.563281 0.622656 0.010937 0.017188
0 0.552344 0.621094 0.010937 0.020313
0 0.344531 0.668750 0.014063 0.018750
0 0.405469 0.677344 0.010937 0.023438
0 0.462500 0.678125 0.012500 0.018750
0 0.540625 0.682813 0.012500 0.018750
0 0.684375 0.713281 0.028125 0.010937
0 0.676562 0.786719 0.021875 0.010937
0 0.673438 0.796094 0.031250 0.007812
0 0.675000 0.822656 0.018750 0.010937
0 0.670312 0.835156 0.018750 0.014063
0 0.676562 0.843750 0.021875 0.009375
0 0.671875 0.869531 0.021875 0.010937
0 0.258594 0.888281 0.014063 0.020313
0 0.298438 0.783594 0.015625 0.014063
0 0.298438 0.810156 0.021875 0.010937
0 0.214062 0.703125 0.021875 0.012500
0 0.371094 0.980469 0.023438 0.017188
0 0.316406 0.950000 0.014063 0.018750
0 0.558594 0.964844 0.014063 0.017188
0 0.587500 0.967969 0.018750 0.023438
0 0.477344 0.298438 0.020313 0.009375
