0 0.957812 0.178125 0.015625 0.025000
0 0.531250 0.417187 0.021875 0.025000
0 0.382812 0.497656 0.028125 0.026562
0 0.540625 0.474219 0.009375 0.023438
0 0.552344 0.475000 0.014063 0.018750
0 0.554688 0.572656 0.015625 0.020313
0 0.671094 0.512500 0.020313 0.021875
0 0.621875 0.567969 0.015625 0.023438
0 0.635156 0.567187 0.017188 0.021875
0 0.638281 0.586719 0.023438 0.017188
0 0.915625 0.564844 0.012500 0.023438
0 0.935937 0.567187 0.015625 0.018750
0 0.957031 0.567969 0.017188 0.023438
0 0.937500 0.582812 0.018750 0.025000
0 0.951562 0.822656 0.021875 0.017188
0 0.871875 0.805469 0.018750 0.029687
0 0.907031 0.973437 0.026562 0.018750
