0 0.028125 0.731250 0.015625 0.015625
0 0.036719 0.746094 0.007812 0.023438
0 0.063281 0.753125 0.014063 0.021875
0 0.106250 0.775000 0.003125 0.018750
0 0.118750 0.777344 0.006250 0.020313
0 0.134375 0.783594 0.012500 0.020313
0 0.548438 0.292969 0.009375 0.017188
0 0.849219 0.225000 0.010937 0.018750
0 0.871094 0.250000 0.010937 0.021875
0 0.792969 0.614062 0.020313 0.006250
0 0.784375 0.636719 0.025000 0.010937
0 0.781250 0.643750 0.018750 0.006250
0 0.777344 0.652344 0.023438 0.007812
0 0.700000 0.620313 0.015625 0.009375
0 0.633594 0.605469 0.026562 0.010937
0 0.333594 0.136719 0.026562 0.017188
0 0.427344 0.527344 0.017188 0.023438
0 0.502344 0.561719 0.029687 0.017188
0 0.880469 0.293750 0.010937 0.015625
