0 0.013221 0.340144 0.021635 0.021635
0 0.027644 0.349760 0.021635 0.021635
0 0.049279 0.365385 0.026442 0.024038
0 0.056490 0.383413 0.031250 0.021635
0 0.069712 0.403846 0.033654 0.024038
0 0.078125 0.442308 0.036058 0.019231
0 0.069712 0.460337 0.028846 0.016827
0 0.066106 0.474760 0.031250 0.016827
0 0.056490 0.492788 0.036058 0.019231
0 0.049279 0.508413 0.031250 0.016827
0 0.034856 0.522837 0.031250 0.016827
0 0.010817 0.561298 0.016827 0.021635
0 0.397837 0.300481 0.040865 0.019231
0 0.412260 0.014423 0.021635 0.024038
0 0.129808 0.991587 0.043269 0.016827
