0 0.179087 0.022837 0.026442 0.026442
0 0.233173 0.046875 0.024038 0.021635
0 0.251202 0.056490 0.021635 0.026442
0 0.522837 0.209135 0.036058 0.024038
0 0.638221 0.256010 0.040865 0.021635
0 0.382212 0.304087 0.038462 0.026442
0 0.359375 0.348558 0.040865 0.024038
0 0.159856 0.486779 0.031250 0.016827
0 0.013221 0.437500 0.021635 0.024038
0 0.132212 0.557692 0.024038 0.028846
0 0.241587 0.550481 0.026442 0.033654
0 0.324519 0.537260 0.024038 0.031250
0 0.022837 0.883413 0.021635 0.021635
0 0.132212 0.836538 0.024038 0.024038
0 0.153846 0.828125 0.024038 0.021635
0 0.597356 0.959135 0.031250 0.024038
0 0.584135 0.933894 0.024038 0.016827
0 0.663462 0.905048 0.033654 0.026442
0 0.740385 0.835337 0.028846 0.031250
0 0.855769 0.788462 0.024038 0.028846
0 0.850962 0.825721 0.019231 0.026442
0 0.909856 0.866587 0.026442 0.026442
0 0.832933 0.789663 0.021635 0.031250
0 0.956731 0.538462 0.028846 0.028846
0 0.286058 0.069712 0.028846 0.033654
