0 0.568750 0.317969 0.025000 0.023438
0 0.621094 0.740625 0.017188 0.025000
0 0.317188 0.871094 0.025000 0.020313
0 0.218750 0.932813 0.018750 0.028125
0 0.837500 0.729688 0.025000 0.028125
0 0.852344 0.725000 0.023438 0.031250
0 0.953125 0.862500 0.025000 0.012500
0 0.953125 0.874219 0.025000 0.010937
0 0.956250 0.902344 0.025000 0.010937
0 0.955469 0.912500 0.026562 0.012500
0 0.954688 0.917969 0.025000 0.010937
0 0.950000 0.929688 0.025000 0.006250
0 0.956250 0.940625 0.028125 0.012500
0 0.954688 0.965625 0.021875 0.015625
0 0.950000 0.977344 0.021875 0.010937
