0 0.167969 0.240625 0.026562 0.009375
0 0.168750 0.250000 0.028125 0.012500
0 0.160938 0.264062 0.028125 0.015625
0 0.156250 0.274219 0.025000 0.014063
0 0.151562 0.284375 0.028125 0.012500
0 0.225781 0.280469 0.029687 0.010937
0 0.221094 0.291406 0.026562 0.010937
0 0.242188 0.304688 0.021875 0.012500
0 0.213281 0.307812 0.023438 0.012500
0 0.212500 0.318750 0.028125 0.012500
0 0.206250 0.326562 0.037500 0.018750
0 0.304688 0.312500 0.031250 0.018750
0 0.109375 0.409375 0.015625 0.025000
0 0.189844 0.425781 0.017188 0.017188
0 0.223438 0.428125 0.018750 0.025000
0 0.489063 0.426563 0.031250 0.018750
0 0.787500 0.501563 0.025000 0.028125
0 0.825000 0.517188 0.015625 0.021875
0 0.836719 0.525000 0.017188 0.021875
0 0.519531 0.491406 0.020313 0.026562
0 0.536719 0.499219 0.014063 0.020313
0 0.552344 0.500000 0.017188 0.021875
0 0.587500 0.511719 0.015625 0.020313
0 0.919531 0.685937 0.029687 0.018750
0 0.908594 0.714063 0.032813 0.021875
0 0.775000 0.805469 0.031250 0.010937
0 0.681250 0.774219 0.018750 0.017188
0 0.653125 0.771875 0.012500 0.018750
0 0.639062 0.770312 0.015625 0.015625
0 0.585938 0.762500 0.018750 0.015625
0 0.355469 0.757031 0.017188 0.026562
0 0.271875 0.751563 0.018750 0.021875
0 0.147656 0.746094 0.014063 0.020313
0 0.139844 0.811719 0.017188 0.023438
0 0.291406 0.816406 0.017188 0.020313
0 0.305469 0.828906 0.017188 0.017188
0 0.535156 0.835938 0.010937 0.018750
0 0.549219 0.832812 0.020313 0.025000
0 0.684375 0.846094 0.015625 0.020313
0 0.757812 0.853125 0.015625 0.021875
0 0.832031 0.847656 0.017188 0.029687
0 0.887500 0.839844 0.018750 0.026562
0 0.103906 0.745313 0.017188 0.021875
0 0.054688 0.808594 0.018750 0.029687
