0 0.364844 0.088281 0.029687 0.020313
0 0.081250 0.803125 0.021875 0.028125
0 0.246094 0.711719 0.020313 0.029687
0 0.720313 0.087500 0.028125 0.015625
0 0.724219 0.100781 0.029687 0.014063
0 0.721094 0.130469 0.023438 0.014063
0 0.721094 0.141406 0.023438 0.010937
0 0.722656 0.152344 0.026562 0.014063
0 0.724219 0.173437 0.029687 0.018750
0 0.723437 0.203125 0.021875 0.009375
0 0.722656 0.214844 0.026562 0.014063
0 0.722656 0.438281 0.020313 0.026562
0 0.259375 0.778125 0.018750 0.021875
0 0.274219 0.775781 0.014063 0.020313
0 0.276562 0.885938 0.015625 0.018750
0 0.401562 0.818750 0.015625 0.021875
0 0.353125 0.881250 0.015625 0.018750
0 0.365625 0.880469 0.015625 0.020313
0 0.365625 0.901563 0.015625 0.021875
0 0.678906 0.875781 0.020313 0.023438
0 0.699219 0.878125 0.017188 0.025000
0 0.722656 0.875781 0.020313 0.026562
0 0.703125 0.899219 0.018750 0.020313
0 0.828125 0.903125 0.015625 0.025000
0 0.830469 0.966406 0.017188 0.023438
0 0.865625 0.919531 0.021875 0.014063
0 0.867188 0.928125 0.025000 0.006250
0 0.866406 0.935156 0.023438 0.007812
0 0.864062 0.946875 0.018750 0.009375
0 0.861719 0.962500 0.026562 0.009375
0 0.864062 0.972656 0.025000 0.010937
0 0.866406 0.983594 0.023438 0.010937
