0 0.605469 0.022656 0.020313 0.023438
0 0.178906 0.100781 0.026562 0.023438
0 0.213281 0.114062 0.023438 0.021875
0 0.223438 0.121875 0.025000 0.021875
0 0.241406 0.130469 0.023438 0.020313
0 0.075781 0.151562 0.020313 0.025000
0 0.400000 0.220312 0.031250 0.021875
0 0.474219 0.253125 0.029687 0.018750
0 0.828906 0.370312 0.026562 0.028125
0 0.930469 0.510156 0.032813 0.026562
0 0.769531 0.453125 0.023438 0.025000
0 0.683594 0.435156 0.026562 0.023438
0 0.310156 0.284375 0.032813 0.018750
0 0.295312 0.310156 0.034375 0.020313
0 0.206250 0.380469 0.025000 0.020313
0 0.164062 0.400781 0.028125 0.010937
0 0.071094 0.373437 0.020313 0.021875
0 0.039844 0.367188 0.014063 0.021875
0 0.028125 0.367969 0.015625 0.020313
0 0.275781 0.435156 0.020313 0.029687
0 0.221875 0.444531 0.021875 0.029687
0 0.058594 0.435937 0.020313 0.025000
0 0.073438 0.443750 0.012500 0.015625
0 0.145313 0.449219 0.018750 0.020313
0 0.160156 0.627344 0.020313 0.023438
0 0.147656 0.633594 0.017188 0.017188
0 0.075781 0.663281 0.020313 0.020313
0 0.042188 0.679688 0.018750 0.021875
0 0.031250 0.678125 0.018750 0.018750
0 0.032813 0.836719 0.018750 0.020313
0 0.077344 0.847656 0.020313 0.020313
0 0.141406 0.875000 0.017188 0.018750
0 0.157812 0.866406 0.018750 0.023438
0 0.604688 0.605469 0.015625 0.023438
0 0.617188 0.596875 0.018750 0.021875
0 0.616406 0.622656 0.017188 0.017188
0 0.544531 0.628906 0.023438 0.026562
0 0.492969 0.677344 0.026562 0.026562
0 0.440625 0.696875 0.018750 0.009375
0 0.453125 0.710938 0.028125 0.018750
0 0.439063 0.752344 0.025000 0.014063
0 0.455469 0.785937 0.029687 0.015625
0 0.488281 0.842187 0.020313 0.021875
0 0.580469 0.761719 0.029687 0.020313
0 0.575000 0.837500 0.015625 0.021875
0 0.586719 0.832812 0.010937 0.015625
0 0.669531 0.799219 0.017188 0.023438
0 0.650000 0.650000 0.021875 0.021875
0 0.717187 0.698438 0.021875 0.021875
0 0.803906 0.725000 0.014063 0.018750
0 0.715625 0.810156 0.015625 0.020313
0 0.729688 0.821875 0.012500 0.018750
0 0.712500 0.835156 0.012500 0.017188
0 0.824219 0.827344 0.014063 0.026562
0 0.837500 0.842969 0.012500 0.020313
0 0.354687 0.959375 0.018750 0.021875
0 0.258594 0.982812 0.023438 0.012500
0 0.250000 0.993750 0.025000 0.012500
0 0.353125 0.994531 0.021875 0.010937
0 0.379688 0.994531 0.028125 0.010937
0 0.953125 0.145313 0.031250 0.018750
0 0.928906 0.170313 0.026562 0.018750
