0 0.050781 0.298438 0.023438 0.012500
0 0.050781 0.311719 0.020313 0.010937
0 0.050781 0.324219 0.023438 0.010937
0 0.053906 0.339062 0.020313 0.015625
0 0.054688 0.351562 0.018750 0.012500
0 0.119531 0.334375 0.014063 0.021875
0 0.143750 0.332813 0.015625 0.021875
0 0.155469 0.333594 0.010937 0.020313
0 0.167969 0.334375 0.014063 0.021875
0 0.095312 0.351562 0.012500 0.021875
0 0.120313 0.354687 0.015625 0.021875
0 0.129688 0.402344 0.015625 0.023438
0 0.143750 0.400781 0.018750 0.020313
0 0.168750 0.400781 0.015625 0.020313
0 0.108594 0.401562 0.014063 0.025000
0 0.767188 0.356250 0.028125 0.015625
0 0.771094 0.375781 0.029687 0.017188
0 0.901563 0.351562 0.028125 0.009375
0 0.904687 0.360938 0.025000 0.009375
0 0.903125 0.370312 0.028125 0.012500
0 0.901563 0.394531 0.028125 0.014063
0 0.901563 0.407813 0.028125 0.009375
0 0.901563 0.416406 0.028125 0.007812
0 0.902344 0.425781 0.023438 0.010937
0 0.903906 0.436719 0.023438 0.007812
0 0.905469 0.444531 0.023438 0.010937
0 0.903125 0.453906 0.031250 0.010937
0 0.843750 0.489063 0.025000 0.009375
0 0.844531 0.498437 0.023438 0.012500
