0 0.126562 0.004687 0.025000 0.006250
0 0.120313 0.021875 0.028125 0.009375
0 0.142969 0.062500 0.029687 0.012500
0 0.025000 0.062500 0.021875 0.012500
0 0.105469 0.084375 0.026562 0.018750
0 0.129688 0.092969 0.021875 0.014063
0 0.072656 0.117969 0.020313 0.017188
0 0.057031 0.112500 0.020313 0.021875
0 0.202344 0.575781 0.020313 0.026562
0 0.299219 0.575000 0.023438 0.021875
0 0.283594 0.593750 0.029687 0.018750
0 0.314844 0.632031 0.026562 0.020313
0 0.333594 0.676562 0.029687 0.015625
0 0.328906 0.685937 0.029687 0.018750
0 0.194531 0.708594 0.032813 0.017188
0 0.075781 0.664062 0.020313 0.015625
0 0.093750 0.681250 0.028125 0.018750
0 0.325781 0.925000 0.023438 0.018750
0 0.439844 0.933594 0.020313 0.026562
0 0.521875 0.957031 0.025000 0.020313
0 0.530469 0.965625 0.029687 0.018750
0 0.402344 0.967187 0.026562 0.015625
0 0.289844 0.993750 0.023438 0.012500
0 0.076563 0.985938 0.034375 0.015625
0 0.526563 0.994531 0.028125 0.010937
