0 0.187500 0.783594 0.025000 0.007812
0 0.190625 0.792969 0.031250 0.010937
0 0.221875 0.834375 0.025000 0.006250
0 0.306250 0.829688 0.028125 0.015625
0 0.196875 0.845313 0.025000 0.012500
0 0.225000 0.843750 0.028125 0.009375
0 0.205469 0.856250 0.020313 0.006250
0 0.225000 0.859375 0.025000 0.006250
0 0.202344 0.867969 0.029687 0.014063
0 0.203125 0.881250 0.028125 0.009375
0 0.209375 0.892969 0.031250 0.010937
0 0.293750 0.953125 0.025000 0.012500
0 0.215625 0.950000 0.025000 0.012500
0 0.342187 0.755469 0.028125 0.014063
