0 0.593750 0.046875 0.015625 0.021875
0 0.325000 0.105469 0.018750 0.010937
0 0.309375 0.418750 0.021875 0.025000
0 0.974219 0.459375 0.010937 0.018750
0 0.940625 0.457813 0.009375 0.015625
0 0.918750 0.457813 0.009375 0.018750
0 0.896875 0.471094 0.025000 0.010937
0 0.898438 0.478125 0.021875 0.009375
0 0.892969 0.511719 0.023438 0.010937
0 0.893750 0.521875 0.021875 0.006250
0 0.890625 0.537500 0.028125 0.009375
0 0.943750 0.534375 0.025000 0.009375
0 0.937500 0.565625 0.025000 0.009375
0 0.990625 0.592969 0.015625 0.017188
0 0.965625 0.589063 0.015625 0.018750
0 0.761719 0.580469 0.010937 0.017188
0 0.753125 0.578125 0.009375 0.018750
0 0.742188 0.575000 0.012500 0.015625
0 0.720313 0.620313 0.015625 0.018750
0 0.871094 0.631250 0.014063 0.021875
0 0.837500 0.626563 0.009375 0.015625
0 0.860156 0.587500 0.020313 0.015625
0 0.953125 0.630469 0.015625 0.017188
0 0.980469 0.635938 0.014063 0.018750
0 0.698438 0.636719 0.025000 0.014063
0 0.689063 0.667969 0.015625 0.007812
0 0.690625 0.677344 0.021875 0.007812
0 0.690625 0.693750 0.025000 0.009375
0 0.687500 0.706250 0.018750 0.006250
0 0.687500 0.718750 0.025000 0.009375
0 0.684375 0.728125 0.025000 0.009375
0 0.682813 0.760938 0.025000 0.015625
0 0.683594 0.783594 0.023438 0.007812
0 0.679688 0.824219 0.028125 0.007812
0 0.678125 0.834375 0.028125 0.009375
0 0.676562 0.850000 0.025000 0.006250
0 0.636719 0.689844 0.023438 0.010937
0 0.636719 0.700000 0.023438 0.009375
0 0.634375 0.727344 0.021875 0.007812
0 0.621875 0.796875 0.021875 0.006250
0 0.625000 0.815625 0.025000 0.009375
0 0.625000 0.834375 0.025000 0.009375
0 0.620313 0.849219 0.021875 0.010937
0 0.618750 0.858594 0.021875 0.007812
0 0.508594 0.969531 0.020313 0.023438
0 0.371875 0.903125 0.025000 0.009375
0 0.330469 0.901563 0.020313 0.015625
0 0.165625 0.889844 0.015625 0.020313
0 0.160938 0.964844 0.015625 0.026562
0 0.152344 0.870313 0.017188 0.025000
0 0.161719 0.804688 0.017188 0.021875
0 0.677344 0.858594 0.023438 0.014063
0 0.372656 0.976562 0.017188 0.021875
