0 0.177344 0.046094 0.026562 0.014063
0 0.296094 0.021094 0.032813 0.020313
0 0.715625 0.053125 0.025000 0.012500
0 0.792969 0.014063 0.026562 0.015625
0 0.843750 0.017188 0.025000 0.012500
0 0.809375 0.208594 0.028125 0.017188
0 0.337500 0.471875 0.021875 0.015625
0 0.046875 0.458594 0.025000 0.020313
0 0.053125 0.509375 0.025000 0.021875
0 0.068750 0.542969 0.025000 0.026562
0 0.189844 0.768750 0.026562 0.018750
0 0.261719 0.683594 0.029687 0.020313
0 0.312500 0.731250 0.021875 0.012500
0 0.325000 0.743750 0.028125 0.021875
0 0.215625 0.800000 0.025000 0.018750
0 0.443750 0.799219 0.021875 0.020313
0 0.550000 0.802344 0.015625 0.023438
0 0.575000 0.802344 0.015625 0.023438
0 0.589063 0.803125 0.009375 0.021875
0 0.600000 0.804688 0.012500 0.018750
0 0.635938 0.808594 0.015625 0.023438
0 0.478125 0.840625 0.012500 0.025000
0 0.492188 0.843750 0.012500 0.021875
0 0.502344 0.846094 0.014063 0.026562
0 0.571875 0.846094 0.018750 0.023438
0 0.595313 0.849219 0.015625 0.023438
0 0.665625 0.852344 0.018750 0.029687
0 0.687500 0.855469 0.015625 0.023438
0 0.971094 0.703125 0.014063 0.021875
0 0.792188 0.733594 0.021875 0.017188
0 0.777344 0.745313 0.023438 0.018750
0 0.751563 0.765625 0.021875 0.018750
0 0.730469 0.775000 0.020313 0.015625
0 0.721875 0.781250 0.018750 0.018750
0 0.707812 0.796875 0.025000 0.021875
0 0.831250 0.759375 0.025000 0.018750
0 0.821875 0.770312 0.021875 0.021875
0 0.809375 0.775000 0.028125 0.021875
0 0.796875 0.782813 0.025000 0.018750
0 0.787500 0.790625 0.025000 0.021875
0 0.470313 0.968750 0.021875 0.015625
0 0.481250 0.979688 0.025000 0.012500
0 0.421094 0.889844 0.026562 0.014063
0 0.425000 0.903125 0.034375 0.018750
0 0.446875 0.931250 0.021875 0.009375
0 0.125000 0.971094 0.021875 0.020313
