0 0.720313 0.990625 0.021875 0.018750
0 0.725781 0.715625 0.017188 0.028125
0 0.703906 0.716406 0.020313 0.020313
0 0.705469 0.737500 0.014063 0.028125
0 0.682031 0.713281 0.020313 0.023438
0 0.631250 0.979688 0.015625 0.025000
0 0.260937 0.552344 0.021875 0.029687
0 0.272656 0.618750 0.014063 0.018750
0 0.288281 0.614062 0.014063 0.021875
0 0.287500 0.724219 0.015625 0.029687
0 0.360156 0.717969 0.017188 0.023438
0 0.376563 0.717187 0.015625 0.021875
0 0.413281 0.657813 0.017188 0.025000
0 0.378906 0.738281 0.020313 0.020313
0 0.100781 0.643750 0.023438 0.028125
0 0.725781 0.287500 0.014063 0.021875
0 0.724219 0.067969 0.020313 0.014063
0 0.727344 0.057813 0.023438 0.015625
0 0.726562 0.027344 0.028125 0.020313
0 0.721094 0.014063 0.032813 0.012500
0 0.723437 0.006250 0.028125 0.009375
0 0.866406 0.723437 0.026562 0.015625
0 0.864062 0.739844 0.021875 0.007812
0 0.867969 0.756250 0.020313 0.009375
0 0.865625 0.766406 0.021875 0.007812
0 0.864062 0.774219 0.025000 0.007812
0 0.863281 0.782031 0.023438 0.010937
0 0.865625 0.792969 0.028125 0.010937
0 0.864062 0.808594 0.025000 0.007812
0 0.863281 0.820312 0.023438 0.009375
0 0.866406 0.848437 0.026562 0.012500
0 0.864844 0.865625 0.026562 0.012500
0 0.866406 0.878125 0.026562 0.009375
0 0.923438 0.893750 0.025000 0.012500
0 0.918750 0.885938 0.025000 0.009375
0 0.918750 0.875000 0.025000 0.009375
0 0.918750 0.852344 0.028125 0.010937
0 0.918750 0.842187 0.028125 0.012500
