0 0.656250 0.514062 0.025000 0.031250
0 0.559375 0.517969 0.018750 0.026562
0 0.532813 0.515625 0.021875 0.025000
0 0.532813 0.539844 0.021875 0.023438
0 0.475781 0.470313 0.017188 0.028125
0 0.425000 0.886719 0.018750 0.026562
0 0.420312 0.931250 0.018750 0.025000
0 0.437500 0.932813 0.012500 0.018750
0 0.436719 0.953906 0.014063 0.020313
0 0.450781 0.957031 0.017188 0.020313
0 0.475000 0.955469 0.018750 0.023438
0 0.448437 0.995313 0.015625 0.009375
0 0.462500 0.995313 0.012500 0.009375
0 0.476562 0.994531 0.015625 0.010937
0 0.512500 0.995313 0.015625 0.009375
