0 0.052344 0.003125 0.014063 0.003125
0 0.058594 0.021094 0.023438 0.020313
0 0.100000 0.055469 0.021875 0.020313
0 0.118750 0.111719 0.018750 0.023438
0 0.125000 0.096875 0.018750 0.021875
0 0.148438 0.142969 0.021875 0.026562
0 0.185938 0.192969 0.018750 0.020313
0 0.329688 0.287500 0.021875 0.025000
0 0.345313 0.283594 0.018750 0.023438
0 0.450000 0.286719 0.018750 0.026562
0 0.490625 0.290625 0.018750 0.025000
0 0.503125 0.293750 0.012500 0.021875
0 0.515625 0.296875 0.015625 0.018750
0 0.528125 0.296875 0.015625 0.021875
0 0.542969 0.302344 0.014063 0.020313
0 0.564844 0.309375 0.014063 0.028125
0 0.506250 0.421875 0.025000 0.009375
0 0.564844 0.679688 0.020313 0.015625
0 0.487500 0.571875 0.021875 0.015625
0 0.508594 0.353906 0.014063 0.017188
