0 0.860938 0.039062 0.012500 0.018750
0 0.807031 0.364844 0.029687 0.014063
0 0.810156 0.410938 0.023438 0.012500
0 0.791406 0.580469 0.020313 0.007812
0 0.809375 0.385156 0.031250 0.010937
0 0.792188 0.592187 0.021875 0.009375
0 0.789062 0.562500 0.021875 0.009375
0 0.784375 0.627344 0.021875 0.010937
0 0.783594 0.650781 0.026562 0.007812
0 0.778125 0.764844 0.025000 0.010937
0 0.775781 0.795312 0.023438 0.009375
0 0.774219 0.823438 0.023438 0.006250
0 0.956250 0.716406 0.021875 0.010937
0 0.951562 0.064062 0.009375 0.021875
0 0.992188 0.126562 0.015625 0.015625
0 0.021094 0.343750 0.020313 0.015625
