0 0.873798 0.799279 0.021635 0.026442
0 0.790865 0.693510 0.019231 0.031250
0 0.739183 0.637019 0.036058 0.024038
0 0.788462 0.383413 0.024038 0.026442
0 0.849760 0.383413 0.026442 0.026442
0 0.868990 0.387019 0.021635 0.024038
0 0.890625 0.390625 0.021635 0.021635
0 0.911058 0.393029 0.024038 0.026442
0 0.931490 0.394231 0.026442 0.028846
0 0.025240 0.397837 0.026442 0.031250
0 0.068510 0.400240 0.026442 0.026442
0 0.132212 0.406250 0.024038 0.024038
0 0.156250 0.406250 0.024038 0.024038
0 0.319712 0.414663 0.024038 0.021635
0 0.413462 0.356971 0.024038 0.021635
0 0.365385 0.350962 0.024038 0.024038
0 0.368990 0.323317 0.026442 0.021635
0 0.282452 0.319712 0.021635 0.024038
0 0.256010 0.319712 0.026442 0.024038
0 0.230769 0.348558 0.024038 0.024038
0 0.210337 0.343750 0.021635 0.024038
0 0.191106 0.335337 0.026442 0.026442
0 0.145433 0.338942 0.026442 0.028846
0 0.117788 0.335337 0.024038 0.026442
0 0.100962 0.324519 0.024038 0.024038
0 0.055288 0.230769 0.028846 0.038462
0 0.227163 0.241587 0.026442 0.040865
0 0.275240 0.239183 0.021635 0.031250
0 0.562500 0.146635 0.038462 0.019231
0 0.743990 0.177885 0.036058 0.019231
0 0.865385 0.163462 0.033654 0.019231
0 0.006010 0.236779 0.007212 0.026442
0 0.010817 0.400240 0.016827 0.026442
