0 0.288281 0.954688 0.017188 0.015625
0 0.287500 0.932813 0.015625 0.012500
0 0.291406 0.915625 0.014063 0.021875
0 0.295312 0.888281 0.015625 0.017188
0 0.301563 0.880469 0.018750 0.017188
0 0.312500 0.875781 0.018750 0.023438
0 0.322656 0.867969 0.017188 0.020313
0 0.335938 0.867969 0.015625 0.020313
0 0.350000 0.869531 0.018750 0.020313
0 0.337500 0.882031 0.018750 0.014063
0 0.371875 0.870313 0.018750 0.021875
0 0.383594 0.867969 0.017188 0.020313
0 0.396094 0.864062 0.014063 0.018750
0 0.407031 0.864062 0.014063 0.021875
0 0.416406 0.863281 0.014063 0.023438
0 0.427344 0.866406 0.014063 0.023438
0 0.439844 0.864844 0.014063 0.020313
0 0.453906 0.866406 0.017188 0.023438
0 0.358594 0.912500 0.020313 0.009375
0 0.360156 0.889062 0.023438 0.009375
0 0.417969 0.900000 0.023438 0.009375
0 0.418750 0.915625 0.018750 0.009375
0 0.558594 0.889844 0.014063 0.020313
0 0.545312 0.891406 0.012500 0.017188
0 0.578125 0.886719 0.012500 0.023438
0 0.632031 0.887500 0.014063 0.018750
0 0.671094 0.895312 0.010937 0.015625
0 0.710938 0.903906 0.018750 0.020313
0 0.732812 0.906250 0.018750 0.018750
0 0.780469 0.908594 0.020313 0.023438
0 0.554688 0.920312 0.012500 0.018750
0 0.566406 0.921094 0.014063 0.017188
0 0.550000 0.939844 0.015625 0.020313
0 0.561719 0.939844 0.010937 0.017188
0 0.574219 0.940625 0.010937 0.015625
0 0.585156 0.941406 0.010937 0.017188
0 0.596094 0.943750 0.010937 0.018750
0 0.631250 0.925000 0.009375 0.015625
0 0.617188 0.925000 0.012500 0.015625
0 0.625781 0.944531 0.010937 0.017188
0 0.648438 0.928125 0.015625 0.018750
0 0.647656 0.946094 0.010937 0.017188
0 0.657031 0.946875 0.010937 0.015625
0 0.666406 0.942969 0.007812 0.020313
0 0.710938 0.932813 0.018750 0.015625
0 0.744531 0.933594 0.017188 0.014063
0 0.766406 0.934375 0.020313 0.015625
0 0.707031 0.948438 0.010937 0.018750
0 0.714844 0.950781 0.010937 0.017188
0 0.725781 0.950000 0.014063 0.015625
0 0.753906 0.951562 0.010937 0.015625
0 0.777344 0.953906 0.010937 0.017188
0 0.787500 0.953906 0.009375 0.017188
0 0.796094 0.953906 0.010937 0.017188
0 0.803906 0.953906 0.010937 0.017188
0 0.814063 0.955469 0.009375 0.017188
0 0.821875 0.956250 0.006250 0.015625
0 0.831250 0.957031 0.009375 0.017188
0 0.841406 0.957031 0.010937 0.017188
0 0.858594 0.958594 0.010937 0.014063
0 0.838281 0.983594 0.010937 0.017188
0 0.825781 0.983594 0.010937 0.017188
0 0.815625 0.982812 0.009375 0.018750
0 0.806250 0.982031 0.009375 0.020313
0 0.796875 0.982031 0.009375 0.020313
0 0.786719 0.982031 0.007812 0.017188
0 0.777344 0.979688 0.007812 0.015625
0 0.770312 0.978906 0.009375 0.020313
0 0.760156 0.978906 0.014063 0.017188
0 0.747656 0.978125 0.010937 0.018750
0 0.738281 0.980469 0.007812 0.017188
0 0.728906 0.977344 0.007812 0.017188
0 0.720313 0.977344 0.012500 0.017188
0 0.708594 0.979688 0.010937 0.018750
0 0.698438 0.976562 0.012500 0.021875
0 0.649219 0.978906 0.010937 0.017188
0 0.629687 0.978125 0.012500 0.021875
0 0.867188 0.992969 0.012500 0.014063
0 0.854688 0.992188 0.015625 0.015625
0 0.514844 0.984375 0.023438 0.012500
0 0.514844 0.971875 0.020313 0.012500
0 0.515625 0.961719 0.021875 0.014063
0 0.595313 0.975781 0.009375 0.017188
0 0.607031 0.975781 0.010937 0.017188
0 0.617969 0.977344 0.010937 0.020313
0 0.487500 0.965625 0.028125 0.015625
