0 0.108594 0.585938 0.017188 0.028125
0 0.151562 0.589063 0.021875 0.031250
0 0.280469 0.598437 0.023438 0.034375
0 0.309375 0.590625 0.015625 0.025000
0 0.178125 0.655469 0.018750 0.023438
0 0.192188 0.664062 0.021875 0.021875
0 0.209375 0.667188 0.021875 0.021875
0 0.246875 0.667188 0.025000 0.025000
0 0.266406 0.669531 0.023438 0.023438
0 0.294531 0.653906 0.017188 0.020313
0 0.312500 0.652344 0.025000 0.023438
0 0.357031 0.654687 0.023438 0.021875
0 0.378906 0.654687 0.026562 0.021875
0 0.407813 0.659375 0.021875 0.021875
0 0.378906 0.674219 0.029687 0.023438
0 0.694531 0.700781 0.023438 0.023438
0 0.738281 0.703906 0.020313 0.023438
0 0.753125 0.706250 0.018750 0.021875
0 0.765625 0.706250 0.021875 0.021875
0 0.781250 0.707031 0.018750 0.029687
0 0.799219 0.709375 0.026562 0.025000
0 0.642188 0.746094 0.021875 0.023438
0 0.538281 0.708594 0.029687 0.023438
0 0.345313 0.722656 0.021875 0.023438
0 0.327344 0.722656 0.020313 0.023438
0 0.225000 0.718750 0.018750 0.021875
0 0.205469 0.715625 0.020313 0.025000
0 0.160156 0.712500 0.026562 0.025000
0 0.127344 0.707812 0.026562 0.025000
0 0.026562 0.700781 0.028125 0.023438
0 0.652344 0.886719 0.032813 0.014063
0 0.690625 0.928125 0.021875 0.025000
0 0.875000 0.959375 0.037500 0.018750
0 0.912500 0.960938 0.034375 0.015625
