0 0.021094 0.008594 0.020313 0.014063
0 0.285938 0.042969 0.028125 0.026562
0 0.330469 0.042969 0.020313 0.026562
0 0.343750 0.046875 0.015625 0.021875
0 0.356250 0.050000 0.018750 0.018750
0 0.371875 0.050000 0.012500 0.021875
0 0.387500 0.050000 0.018750 0.021875
0 0.248438 0.221094 0.028125 0.014063
0 0.284375 0.258594 0.015625 0.020313
0 0.456250 0.287500 0.031250 0.015625
0 0.492969 0.290625 0.026562 0.012500
0 0.692969 0.071094 0.014063 0.023438
0 0.709375 0.071094 0.015625 0.023438
0 0.800000 0.078125 0.018750 0.025000
0 0.825000 0.078125 0.015625 0.021875
0 0.353125 0.558594 0.025000 0.010937
0 0.349219 0.567969 0.026562 0.007812
0 0.378125 0.558594 0.025000 0.007812
0 0.376563 0.567969 0.025000 0.007812
0 0.377344 0.580469 0.026562 0.010937
0 0.737500 0.540625 0.021875 0.015625
0 0.734375 0.550000 0.025000 0.012500
0 0.730469 0.558594 0.023438 0.020313
0 0.720313 0.585938 0.025000 0.015625
0 0.714844 0.596875 0.023438 0.015625
0 0.784375 0.589844 0.028125 0.010937
0 0.782813 0.599219 0.025000 0.007812
0 0.800000 0.615625 0.025000 0.018750
0 0.859375 0.621094 0.028125 0.023438
0 0.775000 0.618750 0.028125 0.018750
0 0.770312 0.627344 0.025000 0.014063
0 0.767188 0.636719 0.034375 0.017188
0 0.782813 0.730469 0.018750 0.023438
0 0.751563 0.730469 0.015625 0.020313
0 0.677344 0.714844 0.017188 0.023438
0 0.517188 0.728125 0.015625 0.018750
0 0.549219 0.784375 0.017188 0.015625
0 0.509375 0.818750 0.015625 0.021875
0 0.577344 0.877344 0.020313 0.010937
0 0.568750 0.884375 0.031250 0.012500
0 0.548438 0.896875 0.018750 0.025000
0 0.368750 0.728125 0.034375 0.015625
0 0.368750 0.759375 0.025000 0.012500
0 0.311719 0.717969 0.032813 0.014063
0 0.283594 0.721875 0.026562 0.012500
0 0.281250 0.742188 0.028125 0.012500
0 0.302344 0.756250 0.035937 0.015625
0 0.225000 0.699219 0.025000 0.010937
0 0.221875 0.718750 0.025000 0.006250
0 0.224219 0.730469 0.029687 0.010937
0 0.564063 0.912500 0.028125 0.012500
0 0.561719 0.925000 0.026562 0.009375
0 0.531250 0.959375 0.021875 0.025000
0 0.321875 0.977344 0.012500 0.020313
0 0.309375 0.975000 0.015625 0.018750
0 0.242188 0.081250 0.015625 0.018750
0 0.946094 0.182031 0.029687 0.014063
0 0.945312 0.192969 0.031250 0.010937
