0 0.944712 0.490385 0.043269 0.024038
0 0.835337 0.256010 0.040865 0.021635
0 0.867788 0.272837 0.048077 0.026442
0 0.871394 0.356971 0.040865 0.021635
0 0.881010 0.373798 0.040865 0.021635
0 0.897837 0.396635 0.040865 0.019231
0 0.975962 0.210337 0.043269 0.016827
0 0.972356 0.194712 0.045673 0.014423
0 0.944712 0.158654 0.048077 0.019231
0 0.941106 0.134615 0.050481 0.014423
0 0.959135 0.180288 0.038462 0.019231
0 0.939904 0.116587 0.048077 0.016827
0 0.897837 0.070913 0.040865 0.021635
0 0.979567 0.230769 0.040865 0.024038
0 0.986779 0.253606 0.021635 0.021635
