0 0.970313 0.031250 0.012500 0.018750
0 0.960938 0.042969 0.012500 0.020313
0 0.941406 0.040625 0.014063 0.021875
0 0.928125 0.038281 0.018750 0.020313
0 0.891406 0.039062 0.014063 0.021875
0 0.790625 0.042969 0.015625 0.020313
0 0.703125 0.232813 0.025000 0.015625
0 0.700000 0.243750 0.028125 0.015625
0 0.636719 0.232813 0.023438 0.015625
0 0.630469 0.250781 0.029687 0.020313
0 0.678906 0.298438 0.029687 0.015625
0 0.869531 0.239844 0.010937 0.017188
0 0.884375 0.244531 0.012500 0.020313
0 0.910937 0.243750 0.012500 0.021875
0 0.947656 0.243750 0.010937 0.015625
0 0.960938 0.244531 0.012500 0.017188
0 0.985156 0.254688 0.010937 0.021875
0 0.995313 0.256250 0.009375 0.025000
0 0.973437 0.417187 0.015625 0.015625
0 0.992188 0.418750 0.015625 0.018750
0 0.750781 0.503125 0.026562 0.018750
0 0.740625 0.521094 0.031250 0.017188
0 0.721875 0.550781 0.021875 0.017188
0 0.651563 0.444531 0.015625 0.020313
0 0.432812 0.389062 0.015625 0.021875
0 0.028906 0.467187 0.023438 0.018750
0 0.060156 0.481250 0.014063 0.015625
0 0.072656 0.486719 0.020313 0.014063
0 0.236719 0.577344 0.029687 0.017188
0 0.304688 0.611719 0.028125 0.017188
0 0.541406 0.718750 0.032813 0.021875
0 0.637500 0.718750 0.025000 0.025000
0 0.667188 0.809375 0.025000 0.021875
0 0.762500 0.780469 0.018750 0.020313
0 0.722656 0.846094 0.026562 0.014063
0 0.739062 0.859375 0.021875 0.018750
0 0.580469 0.799219 0.020313 0.026562
0 0.501563 0.782031 0.021875 0.017188
0 0.153906 0.638281 0.029687 0.020313
0 0.139844 0.660937 0.029687 0.015625
0 0.016406 0.749219 0.026562 0.010937
0 0.067969 0.789062 0.020313 0.028125
0 0.442969 0.928906 0.017188 0.020313
0 0.426563 0.939063 0.018750 0.021875
0 0.441406 0.962500 0.017188 0.018750
0 0.371094 0.960156 0.020313 0.023438
0 0.475781 0.989062 0.023438 0.021875
0 0.014063 0.959375 0.018750 0.025000
0 0.007031 0.967187 0.010937 0.018750
0 0.890625 0.882812 0.025000 0.028125
0 0.146875 0.732812 0.028125 0.025000
