0 0.668750 0.007812 0.025000 0.012500
0 0.025000 0.017188 0.015625 0.021875
0 0.041406 0.016406 0.017188 0.026562
0 0.186719 0.016406 0.017188 0.023438
0 0.200000 0.028906 0.018750 0.017188
0 0.434375 0.034375 0.018750 0.021875
0 0.450000 0.031250 0.015625 0.025000
0 0.577344 0.044531 0.017188 0.020313
0 0.650000 0.048438 0.018750 0.021875
0 0.721875 0.045312 0.021875 0.037500
0 0.665625 0.225781 0.018750 0.026562
0 0.650000 0.228906 0.015625 0.023438
0 0.546094 0.274219 0.017188 0.020313
0 0.536719 0.275000 0.017188 0.018750
0 0.442969 0.300000 0.017188 0.025000
0 0.355469 0.310937 0.020313 0.025000
0 0.341406 0.312500 0.020313 0.021875
0 0.211719 0.339062 0.020313 0.025000
0 0.193750 0.329688 0.018750 0.021875
0 0.141406 0.335938 0.020313 0.025000
0 0.109375 0.335938 0.015625 0.018750
0 0.268750 0.413281 0.021875 0.023438
0 0.537500 0.426563 0.021875 0.028125
0 0.582812 0.437500 0.021875 0.021875
0 0.658594 0.454688 0.020313 0.025000
0 0.643750 0.463281 0.021875 0.023438
0 0.982812 0.268750 0.028125 0.034375
0 0.941406 0.300000 0.026562 0.028125
0 0.931250 0.342969 0.025000 0.017188
0 0.950000 0.376563 0.031250 0.021875
0 0.978125 0.432812 0.018750 0.025000
0 0.847656 0.545312 0.020313 0.025000
0 0.751563 0.567187 0.028125 0.018750
0 0.746094 0.579688 0.026562 0.012500
0 0.751563 0.592187 0.028125 0.021875
0 0.712500 0.635938 0.031250 0.021875
0 0.872656 0.583594 0.026562 0.020313
0 0.862500 0.613281 0.025000 0.020313
0 0.821094 0.662500 0.029687 0.021875
0 0.749219 0.685937 0.014063 0.021875
0 0.848437 0.793750 0.028125 0.021875
0 0.917188 0.889062 0.018750 0.025000
0 0.904687 0.893750 0.025000 0.028125
0 0.894531 0.904687 0.023438 0.025000
0 0.882812 0.912500 0.025000 0.021875
0 0.839063 0.950781 0.021875 0.020313
0 0.824219 0.953125 0.026562 0.021875
0 0.711719 0.835938 0.026562 0.012500
0 0.459375 0.746875 0.025000 0.012500
0 0.393750 0.690625 0.015625 0.021875
0 0.407813 0.692187 0.012500 0.021875
0 0.315625 0.685937 0.018750 0.021875
0 0.396875 0.827344 0.012500 0.020313
0 0.410938 0.828125 0.015625 0.018750
0 0.286719 0.829688 0.014063 0.021875
0 0.271875 0.830469 0.018750 0.020313
0 0.103906 0.707812 0.026562 0.034375
0 0.146875 0.896875 0.031250 0.018750
0 0.145313 0.925781 0.028125 0.014063
0 0.180469 0.571875 0.029687 0.015625
0 0.125000 0.483594 0.021875 0.035937
0 0.014063 0.504687 0.025000 0.015625
0 0.012500 0.532031 0.021875 0.014063
0 0.011719 0.546875 0.020313 0.012500
0 0.007812 0.592969 0.012500 0.017188
0 0.006250 0.609375 0.009375 0.012500
0 0.008594 0.622656 0.014063 0.007812
