0 0.442969 0.117969 0.014063 0.017188
0 0.466406 0.171875 0.010937 0.021875
0 0.453906 0.169531 0.010937 0.017188
0 0.441406 0.169531 0.014063 0.017188
0 0.417187 0.201563 0.012500 0.018750
0 0.438281 0.200781 0.014063 0.017188
0 0.450000 0.202344 0.012500 0.017188
0 0.464844 0.203125 0.014063 0.018750
0 0.313281 0.290625 0.014063 0.015625
0 0.298438 0.289062 0.012500 0.018750
0 0.279687 0.289062 0.015625 0.018750
0 0.335938 0.303906 0.015625 0.020313
0 0.269531 0.314063 0.010937 0.018750
0 0.310937 0.343750 0.012500 0.018750
0 0.299219 0.345313 0.010937 0.021875
0 0.282813 0.344531 0.015625 0.017188
0 0.339844 0.340625 0.014063 0.021875
0 0.326562 0.350000 0.012500 0.015625
0 0.337500 0.360938 0.025000 0.009375
0 0.347656 0.370312 0.020313 0.009375
0 0.271094 0.356250 0.020313 0.018750
0 0.281250 0.371094 0.012500 0.017188
0 0.258594 0.365625 0.017188 0.009375
0 0.258594 0.374219 0.020313 0.007812
0 0.262500 0.382812 0.018750 0.009375
0 0.263281 0.390625 0.023438 0.009375
0 0.260937 0.400781 0.018750 0.010937
0 0.257031 0.413281 0.020313 0.014063
0 0.257031 0.422656 0.020313 0.014063
0 0.259375 0.432812 0.018750 0.015625
0 0.257812 0.440625 0.021875 0.015625
0 0.253906 0.448437 0.020313 0.015625
0 0.257812 0.461719 0.021875 0.014063
0 0.255469 0.485938 0.023438 0.015625
0 0.256250 0.495312 0.018750 0.012500
0 0.253906 0.508594 0.020313 0.014063
0 0.256250 0.526563 0.025000 0.015625
0 0.310937 0.507812 0.021875 0.015625
0 0.304688 0.425000 0.025000 0.009375
0 0.343750 0.430469 0.018750 0.014063
0 0.342187 0.439063 0.018750 0.015625
0 0.342969 0.450000 0.020313 0.015625
0 0.342969 0.467969 0.023438 0.017188
0 0.339062 0.494531 0.018750 0.017188
0 0.328906 0.507031 0.017188 0.014063
0 0.444531 0.453125 0.026562 0.012500
0 0.445312 0.462500 0.028125 0.012500
0 0.450000 0.471875 0.021875 0.009375
0 0.451562 0.478906 0.018750 0.007812
0 0.475000 0.518750 0.028125 0.015625
0 0.793750 0.377344 0.021875 0.014063
0 0.810156 0.411719 0.029687 0.014063
0 0.933594 0.371875 0.023438 0.021875
0 0.919531 0.375781 0.020313 0.020313
0 0.206250 0.428125 0.021875 0.009375
0 0.203906 0.458594 0.023438 0.010937
0 0.202344 0.468750 0.023438 0.009375
0 0.200781 0.478125 0.023438 0.009375
0 0.202344 0.492969 0.023438 0.007812
0 0.153906 0.415625 0.023438 0.009375
0 0.151562 0.426563 0.025000 0.009375
0 0.154688 0.441406 0.028125 0.010937
0 0.153125 0.489844 0.028125 0.010937
0 0.160938 0.571875 0.025000 0.009375
0 0.064844 0.369531 0.020313 0.007812
0 0.062500 0.378906 0.025000 0.007812
0 0.057813 0.392188 0.025000 0.009375
0 0.056250 0.401562 0.021875 0.009375
0 0.051562 0.410938 0.021875 0.009375
0 0.054688 0.417969 0.021875 0.007812
0 0.055469 0.428125 0.020313 0.006250
0 0.055469 0.432812 0.023438 0.009375
0 0.055469 0.443750 0.017188 0.006250
0 0.056250 0.460156 0.025000 0.010937
0 0.052344 0.476562 0.026562 0.009375
0 0.012500 0.354687 0.021875 0.009375
0 0.010156 0.363281 0.017188 0.007812
0 0.012500 0.371094 0.021875 0.010937
0 0.011719 0.379688 0.020313 0.006250
0 0.010156 0.387500 0.017188 0.012500
0 0.011719 0.399219 0.020313 0.007812
0 0.010937 0.407813 0.018750 0.006250
0 0.007812 0.414844 0.012500 0.007812
0 0.007031 0.423438 0.010937 0.009375
0 0.008594 0.430469 0.014063 0.010937
