0 0.567187 0.124219 0.009375 0.017188
0 0.556250 0.121875 0.009375 0.018750
0 0.528125 0.120313 0.009375 0.018750
0 0.518750 0.121094 0.009375 0.017188
0 0.508594 0.120313 0.010937 0.018750
0 0.475000 0.120313 0.012500 0.018750
0 0.456250 0.120313 0.009375 0.018750
0 0.433594 0.130469 0.020313 0.007812
0 0.434375 0.139063 0.018750 0.009375
0 0.430469 0.171875 0.020313 0.009375
0 0.428125 0.193750 0.025000 0.012500
0 0.527344 0.162500 0.010937 0.018750
0 0.537500 0.162500 0.009375 0.021875
0 0.549219 0.162500 0.010937 0.018750
0 0.580469 0.162500 0.007812 0.015625
0 0.532813 0.249219 0.009375 0.017188
0 0.542188 0.251563 0.009375 0.015625
0 0.521875 0.249219 0.009375 0.020313
0 0.511719 0.246875 0.007812 0.021875
0 0.500000 0.246094 0.009375 0.020313
0 0.489844 0.246875 0.007812 0.021875
0 0.574219 0.290625 0.010937 0.018750
0 0.562500 0.287500 0.009375 0.025000
0 0.543750 0.287500 0.009375 0.018750
0 0.534375 0.287500 0.009375 0.021875
0 0.526563 0.286719 0.009375 0.020313
0 0.514844 0.286719 0.010937 0.020313
0 0.503125 0.284375 0.009375 0.018750
0 0.484375 0.283594 0.009375 0.020313
0 0.464844 0.284375 0.014063 0.021875
0 0.410938 0.281250 0.015625 0.021875
0 0.378125 0.278125 0.015625 0.021875
0 0.299219 0.234375 0.017188 0.018750
0 0.381250 0.236719 0.056250 0.026562
0 0.270313 0.273438 0.015625 0.018750
0 0.242188 0.318750 0.025000 0.009375
0 0.239844 0.343750 0.026562 0.012500
0 0.239063 0.361719 0.025000 0.010937
0 0.192188 0.336719 0.015625 0.007812
0 0.192188 0.345313 0.018750 0.006250
0 0.183594 0.415625 0.020313 0.009375
0 0.179688 0.440625 0.021875 0.009375
0 0.181250 0.457813 0.018750 0.009375
0 0.179688 0.475000 0.021875 0.006250
0 0.175000 0.489844 0.025000 0.010937
0 0.231250 0.465625 0.021875 0.012500
0 0.228125 0.475000 0.021875 0.009375
0 0.225000 0.492188 0.025000 0.009375
0 0.228125 0.501563 0.018750 0.009375
0 0.167969 0.605469 0.017188 0.023438
0 0.065625 0.609375 0.015625 0.021875
0 0.092969 0.636719 0.029687 0.014063
0 0.568750 0.962500 0.015625 0.021875
0 0.343750 0.925000 0.015625 0.018750
0 0.348438 0.968750 0.021875 0.025000
0 0.306250 0.995313 0.021875 0.009375
0 0.680469 0.189844 0.014063 0.017188
0 0.260156 0.234375 0.014063 0.018750
0 0.247656 0.232813 0.014063 0.021875
0 0.236719 0.428906 0.029687 0.017188
