0 0.333594 0.110156 0.020313 0.026562
0 0.307031 0.100781 0.017188 0.020313
0 0.292969 0.099219 0.014063 0.020313
0 0.252344 0.099219 0.017188 0.023438
0 0.223438 0.100000 0.009375 0.021875
0 0.210156 0.096875 0.014063 0.021875
0 0.313281 0.182812 0.017188 0.021875
0 0.315625 0.204687 0.015625 0.018750
0 0.290625 0.234375 0.034375 0.012500
0 0.386719 0.173437 0.029687 0.012500
0 0.384375 0.192188 0.025000 0.012500
0 0.403906 0.233594 0.029687 0.014063
0 0.371875 0.254688 0.031250 0.018750
0 0.399219 0.264062 0.020313 0.015625
0 0.336719 0.286719 0.014063 0.014063
0 0.320312 0.282813 0.021875 0.018750
0 0.067187 0.219531 0.018750 0.026562
0 0.031250 0.089844 0.028125 0.014063
0 0.026562 0.097656 0.028125 0.010937
0 0.027344 0.108594 0.017188 0.007812
0 0.014063 0.156250 0.025000 0.015625
0 0.084375 0.380469 0.025000 0.017188
0 0.069531 0.396094 0.029687 0.014063
0 0.049219 0.428906 0.023438 0.010937
0 0.564063 0.750000 0.028125 0.028125
0 0.578906 0.803906 0.032813 0.017188
0 0.598437 0.848437 0.031250 0.018750
0 0.597656 0.860938 0.032813 0.018750
0 0.465625 0.746875 0.021875 0.025000
0 0.457031 0.882812 0.029687 0.012500
0 0.338281 0.838281 0.023438 0.017188
0 0.361719 0.854688 0.026562 0.015625
0 0.167969 0.927344 0.029687 0.023438
0 0.064062 0.744531 0.031250 0.026562
0 0.096875 0.666406 0.031250 0.026562
0 0.192188 0.717187 0.018750 0.028125
0 0.225000 0.760156 0.015625 0.020313
0 0.232813 0.766406 0.018750 0.026562
