0 0.707812 0.417969 0.028125 0.014063
0 0.537500 0.419531 0.034375 0.017188
0 0.307812 0.405469 0.031250 0.020313
0 0.207031 0.372656 0.032813 0.020313
0 0.149219 0.357031 0.029687 0.017188
0 0.119531 0.350781 0.029687 0.017188
0 0.159375 0.482812 0.034375 0.018750
0 0.012500 0.414844 0.012500 0.020313
0 0.027344 0.417187 0.014063 0.021875
0 0.039062 0.417969 0.012500 0.023438
0 0.050781 0.419531 0.014063 0.023438
0 0.064844 0.421094 0.010937 0.023438
0 0.090625 0.417969 0.025000 0.017188
0 0.083594 0.439063 0.020313 0.015625
0 0.015625 0.444531 0.015625 0.010937
0 0.023438 0.467187 0.018750 0.012500
0 0.007812 0.474219 0.012500 0.010937
0 0.010156 0.463281 0.014063 0.010937
0 0.007812 0.513281 0.012500 0.014063
0 0.020313 0.514062 0.012500 0.021875
0 0.031250 0.514844 0.012500 0.020313
0 0.042969 0.513281 0.010937 0.020313
0 0.019531 0.529687 0.014063 0.009375
0 0.035937 0.530469 0.018750 0.010937
