0 0.272656 0.097656 0.026562 0.010937
0 0.307812 0.125000 0.028125 0.012500
0 0.414844 0.142969 0.029687 0.014063
0 0.542969 0.134375 0.026562 0.012500
0 0.571875 0.255469 0.015625 0.017188
0 0.593750 0.253906 0.015625 0.017188
0 0.659375 0.257812 0.012500 0.025000
0 0.678906 0.260937 0.014063 0.025000
0 0.751563 0.263281 0.009375 0.017188
0 0.789062 0.264844 0.015625 0.020313
0 0.828125 0.267969 0.015625 0.020313
0 0.876563 0.269531 0.012500 0.020313
0 0.895312 0.232031 0.021875 0.014063
0 0.897656 0.245312 0.029687 0.012500
0 0.795312 0.121875 0.025000 0.009375
0 0.971094 0.129688 0.032813 0.012500
0 0.985156 0.142187 0.029687 0.012500
0 0.962500 0.242188 0.031250 0.015625
0 0.049219 0.283594 0.020313 0.017188
0 0.005469 0.284375 0.007812 0.018750
0 0.239844 0.372656 0.029687 0.010937
0 0.527344 0.591406 0.029687 0.010937
0 0.532813 0.604688 0.028125 0.009375
0 0.531250 0.614062 0.028125 0.009375
0 0.535156 0.623437 0.026562 0.009375
0 0.533594 0.635156 0.029687 0.010937
0 0.468750 0.632812 0.028125 0.015625
0 0.472656 0.652344 0.029687 0.010937
0 0.469531 0.660937 0.026562 0.012500
0 0.859375 0.621094 0.015625 0.020313
0 0.890625 0.625000 0.012500 0.018750
0 0.903906 0.624219 0.014063 0.020313
0 0.915625 0.625000 0.012500 0.018750
0 0.864844 0.668750 0.010937 0.018750
0 0.877344 0.670312 0.014063 0.018750
0 0.897656 0.672656 0.010937 0.017188
0 0.911719 0.668750 0.014063 0.018750
0 0.946094 0.670312 0.014063 0.021875
0 0.960938 0.670312 0.012500 0.021875
