0 0.394531 0.205469 0.026562 0.032813
0 0.332031 0.538281 0.029687 0.014063
0 0.332031 0.549219 0.029687 0.010937
0 0.343750 0.581250 0.028125 0.015625
0 0.322656 0.737500 0.029687 0.009375
0 0.325781 0.755469 0.029687 0.014063
0 0.320312 0.767969 0.031250 0.017188
0 0.314063 0.807031 0.034375 0.020313
0 0.316406 0.826562 0.035937 0.012500
0 0.489063 0.897656 0.034375 0.017188
0 0.310937 0.946094 0.043750 0.017188
0 0.302344 0.974219 0.035937 0.014063
0 0.300781 0.994531 0.032813 0.010937
0 0.532031 0.291406 0.032813 0.017188
