0 0.104688 0.843750 0.031250 0.018750
0 0.350000 0.878125 0.031250 0.012500
0 0.323437 0.890625 0.021875 0.015625
0 0.706250 0.911719 0.025000 0.017188
0 0.587500 0.906250 0.025000 0.015625
0 0.949219 0.939063 0.026562 0.018750
0 0.415625 0.934375 0.018750 0.031250
0 0.521875 0.940625 0.018750 0.031250
0 0.550000 0.940625 0.015625 0.028125
0 0.228125 0.918750 0.015625 0.025000
0 0.212500 0.918750 0.012500 0.025000
0 0.201563 0.918750 0.015625 0.025000
0 0.039844 0.908594 0.017188 0.026562
0 0.608594 0.992188 0.020313 0.015625
0 0.553125 0.990625 0.018750 0.018750
0 0.532813 0.990625 0.018750 0.018750
0 0.439063 0.992969 0.025000 0.014063
0 0.455469 0.175000 0.017188 0.021875
