0 0.008594 0.025781 0.014063 0.010937
0 0.004687 0.038281 0.006250 0.017188
0 0.394531 0.081250 0.020313 0.021875
0 0.446094 0.096875 0.026562 0.018750
0 0.320312 0.154688 0.021875 0.018750
0 0.396875 0.171875 0.021875 0.018750
0 0.536719 0.216406 0.026562 0.020313
0 0.558594 0.282813 0.020313 0.018750
0 0.563281 0.155469 0.026562 0.023438
0 0.643750 0.193750 0.028125 0.021875
0 0.680469 0.238281 0.029687 0.026562
0 0.680469 0.275781 0.026562 0.014063
0 0.887500 0.215625 0.018750 0.021875
0 0.967969 0.220312 0.017188 0.018750
0 0.982031 0.265625 0.029687 0.021875
0 0.877344 0.338281 0.026562 0.014063
0 0.990625 0.526563 0.015625 0.012500
0 0.960156 0.588281 0.014063 0.017188
0 0.951562 0.600781 0.012500 0.020313
0 0.961719 0.606250 0.010937 0.025000
0 0.432812 0.412500 0.012500 0.018750
0 0.625000 0.375781 0.025000 0.023438
0 0.421094 0.399219 0.014063 0.020313
0 0.417187 0.414844 0.018750 0.020313
0 0.290625 0.339062 0.021875 0.028125
0 0.347656 0.378906 0.023438 0.023438
0 0.264844 0.292969 0.017188 0.023438
0 0.260937 0.314063 0.015625 0.025000
0 0.252344 0.298438 0.014063 0.028125
0 0.197656 0.320312 0.020313 0.021875
0 0.152344 0.360938 0.026562 0.021875
0 0.114844 0.390625 0.026562 0.015625
0 0.109375 0.428125 0.028125 0.015625
0 0.122656 0.458594 0.029687 0.014063
0 0.228125 0.433594 0.031250 0.023438
0 0.150000 0.507812 0.018750 0.021875
0 0.225000 0.502344 0.015625 0.023438
0 0.235937 0.496875 0.012500 0.015625
0 0.307031 0.467969 0.014063 0.020313
0 0.346875 0.481250 0.015625 0.018750
0 0.357812 0.492188 0.015625 0.021875
0 0.440625 0.490625 0.012500 0.028125
0 0.454688 0.508594 0.015625 0.020313
0 0.753906 0.703125 0.017188 0.025000
0 0.729688 0.721875 0.034375 0.015625
0 0.625781 0.674219 0.014063 0.023438
0 0.614062 0.683594 0.015625 0.023438
0 0.528125 0.679688 0.015625 0.021875
0 0.482031 0.670312 0.017188 0.021875
0 0.392188 0.666406 0.018750 0.020313
0 0.510938 0.763281 0.018750 0.023438
0 0.978906 0.951562 0.014063 0.025000
0 0.966406 0.944531 0.017188 0.023438
0 0.552344 0.951562 0.023438 0.012500
0 0.421875 0.918750 0.015625 0.012500
0 0.310937 0.735938 0.025000 0.012500
0 0.303125 0.788281 0.031250 0.017188
0 0.288281 0.821875 0.026562 0.012500
0 0.299219 0.829688 0.029687 0.012500
0 0.031250 0.608594 0.015625 0.017188
0 0.053906 0.640625 0.023438 0.015625
0 0.043750 0.665625 0.021875 0.015625
0 0.008594 0.711719 0.014063 0.023438
0 0.493750 0.500000 0.018750 0.025000
0 0.575000 0.485938 0.012500 0.025000
