0 0.434375 0.049219 0.025000 0.017188
0 0.503125 0.043750 0.025000 0.015625
0 0.642969 0.112500 0.029687 0.018750
0 0.546875 0.131250 0.018750 0.012500
0 0.557813 0.137500 0.025000 0.009375
0 0.304688 0.240625 0.018750 0.012500
0 0.321875 0.278125 0.018750 0.009375
0 0.339062 0.315625 0.025000 0.015625
0 0.361719 0.353125 0.029687 0.021875
0 0.375000 0.384375 0.028125 0.015625
0 0.424219 0.290625 0.023438 0.009375
0 0.439844 0.321875 0.026562 0.012500
0 0.456250 0.350000 0.025000 0.015625
0 0.470313 0.381250 0.028125 0.009375
0 0.496875 0.284375 0.025000 0.018750
0 0.520312 0.321875 0.025000 0.009375
0 0.534375 0.353125 0.025000 0.015625
0 0.965625 0.818750 0.025000 0.015625
0 0.986719 0.829688 0.026562 0.015625
0 0.990625 0.884375 0.018750 0.015625
0 0.989844 0.875000 0.020313 0.006250
