0 0.113281 0.492188 0.029687 0.015625
0 0.318750 0.484375 0.028125 0.015625
0 0.238281 0.489844 0.023438 0.014063
0 0.714063 0.508594 0.028125 0.017188
0 0.723437 0.562500 0.021875 0.021875
0 0.697656 0.567187 0.017188 0.021875
0 0.596875 0.557031 0.015625 0.026562
0 0.567187 0.561719 0.018750 0.023438
0 0.528125 0.556250 0.018750 0.025000
0 0.425781 0.543750 0.014063 0.018750
0 0.412500 0.542188 0.012500 0.021875
0 0.399219 0.542969 0.017188 0.023438
0 0.371875 0.527344 0.021875 0.026562
0 0.620313 0.611719 0.012500 0.017188
0 0.631250 0.621875 0.012500 0.018750
0 0.645312 0.623437 0.018750 0.025000
0 0.675000 0.623437 0.025000 0.015625
0 0.714063 0.613281 0.021875 0.020313
0 0.726562 0.609375 0.021875 0.025000
0 0.734375 0.628125 0.021875 0.018750
0 0.781250 0.614062 0.021875 0.015625
0 0.775000 0.629687 0.018750 0.021875
0 0.787500 0.632031 0.015625 0.020313
0 0.988281 0.795312 0.020313 0.021875
0 0.748437 0.664844 0.018750 0.014063
0 0.680469 0.660937 0.017188 0.018750
0 0.603906 0.657031 0.020313 0.020313
0 0.582031 0.654687 0.020313 0.021875
0 0.227344 0.581250 0.029687 0.015625
