0 0.384375 0.074219 0.015625 0.026562
0 0.878125 0.349219 0.018750 0.010937
0 0.925000 0.350000 0.021875 0.009375
0 0.653125 0.485938 0.021875 0.034375
0 0.671875 0.485938 0.018750 0.028125
0 0.456250 0.510938 0.021875 0.018750
0 0.452344 0.609375 0.023438 0.021875
0 0.034375 0.687500 0.015625 0.018750
0 0.771875 0.618750 0.021875 0.012500
0 0.771875 0.627344 0.021875 0.014063
0 0.771875 0.653125 0.021875 0.012500
0 0.775000 0.664844 0.018750 0.010937
0 0.775000 0.673438 0.018750 0.012500
0 0.773438 0.692969 0.025000 0.017188
0 0.774219 0.718750 0.017188 0.015625
0 0.774219 0.728125 0.020313 0.015625
0 0.774219 0.931250 0.014063 0.021875
