0 0.286719 0.445312 0.029687 0.015625
0 0.030469 0.219531 0.023438 0.017188
0 0.019531 0.207031 0.017188 0.017188
0 0.007812 0.191406 0.012500 0.026562
0 0.623437 0.871875 0.018750 0.025000
0 0.775000 0.991406 0.018750 0.017188
0 0.791406 0.992969 0.017188 0.014063
0 0.125781 0.853906 0.026562 0.010937
0 0.040625 0.901563 0.025000 0.009375
0 0.014063 0.621875 0.025000 0.025000
0 0.036719 0.610938 0.023438 0.021875
0 0.054688 0.598437 0.025000 0.018750
0 0.061719 0.587500 0.026562 0.015625
0 0.079687 0.575000 0.028125 0.012500
0 0.082031 0.563281 0.023438 0.010937
0 0.092188 0.553906 0.028125 0.010937
0 0.091406 0.542969 0.029687 0.010937
0 0.096875 0.532813 0.031250 0.012500
0 0.098437 0.521875 0.028125 0.012500
0 0.092188 0.510156 0.028125 0.014063
0 0.089844 0.499219 0.026562 0.010937
0 0.083594 0.487500 0.023438 0.018750
0 0.070312 0.479687 0.018750 0.018750
0 0.061719 0.473438 0.014063 0.021875
0 0.053906 0.471094 0.010937 0.017188
0 0.043750 0.471875 0.009375 0.018750
0 0.031250 0.463281 0.012500 0.017188
0 0.019531 0.463281 0.010937 0.017188
0 0.007812 0.464062 0.009375 0.015625
0 0.031250 0.538281 0.021875 0.014063
0 0.019531 0.555469 0.020313 0.017188
0 0.014063 0.563281 0.018750 0.017188
0 0.025000 0.549219 0.021875 0.014063
