0 0.453125 0.764844 0.034375 0.017188
0 0.146875 0.190625 0.034375 0.015625
0 0.073438 0.181250 0.025000 0.012500
0 0.017969 0.180469 0.029687 0.017188
0 0.124219 0.862500 0.020313 0.018750
0 0.134375 0.856250 0.031250 0.018750
0 0.673438 0.784375 0.021875 0.021875
0 0.676562 0.800000 0.025000 0.018750
0 0.730469 0.799219 0.023438 0.023438
0 0.767188 0.792969 0.015625 0.023438
0 0.875000 0.777344 0.018750 0.023438
0 0.936719 0.771094 0.020313 0.023438
0 0.965625 0.736719 0.028125 0.017188
0 0.886719 0.702344 0.026562 0.014063
0 0.890625 0.714844 0.028125 0.010937
0 0.815625 0.821875 0.025000 0.015625
0 0.839844 0.835938 0.026562 0.012500
0 0.845313 0.871875 0.034375 0.015625
0 0.776563 0.921875 0.018750 0.025000
0 0.783594 0.943750 0.017188 0.015625
0 0.950000 0.909375 0.021875 0.021875
0 0.940625 0.921875 0.025000 0.021875
0 0.930469 0.934375 0.020313 0.021875
0 0.918750 0.970313 0.025000 0.025000
0 0.890625 0.981250 0.018750 0.018750
0 0.077344 0.372656 0.020313 0.020313
