0 0.367188 0.393750 0.031250 0.009375
0 0.368750 0.405469 0.034375 0.014063
0 0.502344 0.442969 0.026562 0.014063
0 0.499219 0.431250 0.026562 0.009375
0 0.403125 0.449219 0.031250 0.010937
0 0.408594 0.460938 0.032813 0.012500
0 0.376563 0.461719 0.025000 0.010937
0 0.381250 0.473438 0.021875 0.009375
0 0.407813 0.478125 0.031250 0.015625
0 0.381250 0.487500 0.037500 0.009375
0 0.387500 0.501563 0.028125 0.009375
0 0.387500 0.514844 0.028125 0.014063
0 0.390625 0.527344 0.025000 0.010937
0 0.481250 0.581250 0.025000 0.009375
0 0.518750 0.640625 0.031250 0.015625
0 0.449219 0.630469 0.023438 0.032813
0 0.535156 0.360938 0.023438 0.012500
