0 0.457031 0.274219 0.029687 0.017188
0 0.409375 0.287500 0.037500 0.021875
0 0.611719 0.297656 0.029687 0.014063
0 0.796875 0.294531 0.112500 0.023438
0 0.857812 0.338281 0.028125 0.014063
0 0.863281 0.417969 0.026562 0.014063
0 0.789062 0.407813 0.028125 0.012500
0 0.791406 0.423438 0.026562 0.012500
0 0.767188 0.450000 0.018750 0.025000
0 0.715625 0.446875 0.015625 0.021875
0 0.631250 0.444531 0.015625 0.020313
0 0.550000 0.438281 0.021875 0.026562
0 0.526563 0.433594 0.018750 0.023438
0 0.458594 0.430469 0.017188 0.020313
0 0.432031 0.432812 0.017188 0.025000
0 0.068750 0.560937 0.031250 0.018750
0 0.065625 0.584375 0.034375 0.015625
0 0.319531 0.846875 0.026562 0.018750
0 0.321875 0.866406 0.031250 0.010937
0 0.319531 0.878125 0.023438 0.009375
0 0.316406 0.892969 0.026562 0.010937
0 0.385156 0.799219 0.026562 0.014063
0 0.389844 0.812500 0.029687 0.012500
0 0.388281 0.823438 0.029687 0.009375
0 0.390625 0.835938 0.025000 0.009375
0 0.390625 0.846875 0.028125 0.009375
0 0.852344 0.765625 0.014063 0.018750
0 0.749219 0.835156 0.017188 0.020313
0 0.786719 0.836719 0.017188 0.020313
0 0.799219 0.837500 0.014063 0.021875
0 0.814063 0.840625 0.015625 0.021875
0 0.757031 0.889844 0.010937 0.020313
0 0.769531 0.889062 0.017188 0.021875
0 0.794531 0.892969 0.014063 0.020313
0 0.808594 0.888281 0.014063 0.023438
0 0.846094 0.889062 0.017188 0.021875
0 0.861719 0.892969 0.014063 0.023438
