0 0.866587 0.513221 0.050481 0.021635
0 0.491587 0.615385 0.036058 0.038462
0 0.676683 0.532452 0.026442 0.031250
0 0.787260 0.536058 0.021635 0.028846
0 0.810096 0.539663 0.024038 0.031250
0 0.771635 0.491587 0.043269 0.021635
0 0.680288 0.462740 0.043269 0.021635
0 0.829327 0.448317 0.028846 0.040865
0 0.186298 0.500000 0.021635 0.038462
0 0.210337 0.503606 0.021635 0.036058
0 0.599760 0.149038 0.040865 0.019231
0 0.936298 0.024038 0.021635 0.033654
0 0.989183 0.021635 0.021635 0.028846
0 0.537260 0.808894 0.045673 0.016827
0 0.536058 0.763221 0.038462 0.021635
0 0.543269 0.716346 0.048077 0.024038
0 0.599760 0.133413 0.040865 0.016827
0 0.543269 0.673077 0.038462 0.024038
0 0.419471 0.233173 0.036058 0.014423
0 0.987981 0.441106 0.024038 0.026442
