0 0.153125 0.344531 0.018750 0.020313
0 0.149219 0.389844 0.020313 0.026562
0 0.165625 0.394531 0.015625 0.023438
0 0.162500 0.413281 0.018750 0.020313
0 0.178906 0.413281 0.017188 0.023438
0 0.205469 0.415625 0.017188 0.021875
0 0.244531 0.460938 0.017188 0.025000
0 0.205469 0.459375 0.014063 0.021875
0 0.190625 0.461719 0.012500 0.020313
0 0.180469 0.461719 0.017188 0.023438
0 0.151562 0.485156 0.015625 0.023438
0 0.167187 0.483594 0.012500 0.020313
0 0.180469 0.483594 0.014063 0.023438
0 0.206250 0.481250 0.012500 0.018750
0 0.217969 0.481250 0.014063 0.021875
0 0.153906 0.530469 0.014063 0.023438
0 0.203906 0.528906 0.014063 0.020313
0 0.220312 0.531250 0.015625 0.021875
0 0.234375 0.528906 0.012500 0.020313
0 0.271875 0.528906 0.015625 0.023438
0 0.246094 0.550781 0.017188 0.023438
0 0.207813 0.551562 0.015625 0.021875
0 0.179688 0.553125 0.015625 0.025000
0 0.155469 0.551562 0.017188 0.025000
0 0.171875 0.600781 0.015625 0.023438
0 0.172656 0.755469 0.017188 0.023438
0 0.653906 0.502344 0.023438 0.023438
