0 0.132212 0.073317 0.028846 0.040865
0 0.179087 0.068510 0.021635 0.036058
0 0.014423 0.175481 0.024038 0.033654
0 0.052885 0.242788 0.033654 0.033654
0 0.100962 0.241587 0.033654 0.026442
0 0.037260 0.177885 0.031250 0.033654
0 0.087740 0.174279 0.031250 0.026442
0 0.155048 0.152644 0.021635 0.040865
0 0.183894 0.153846 0.021635 0.024038
0 0.203125 0.185096 0.031250 0.024038
0 0.278846 0.159856 0.024038 0.026442
0 0.274038 0.186298 0.028846 0.021635
0 0.296875 0.193510 0.021635 0.021635
0 0.112981 0.179087 0.024038 0.026442
0 0.225962 0.253606 0.028846 0.026442
0 0.278846 0.256010 0.024038 0.026442
0 0.724760 0.224760 0.031250 0.031250
0 0.814904 0.224760 0.019231 0.026442
0 0.834135 0.227163 0.019231 0.021635
0 0.852163 0.225962 0.021635 0.028846
0 0.793269 0.225962 0.024038 0.028846
0 0.881010 0.229567 0.026442 0.021635
0 0.669471 0.491587 0.040865 0.021635
0 0.709135 0.474760 0.038462 0.016827
0 0.725962 0.551683 0.024038 0.031250
0 0.087740 0.956731 0.040865 0.014423
0 0.129808 0.960337 0.033654 0.021635
0 0.132212 0.183894 0.024038 0.021635
0 0.814904 0.665865 0.019231 0.028846
0 0.225962 0.962740 0.038462 0.016827
0 0.221154 0.978365 0.052885 0.019231
0 0.013221 0.967548 0.021635 0.016827
