0 0.846875 0.225000 0.021875 0.015625
0 0.985938 0.428125 0.015625 0.025000
0 0.901563 0.504687 0.012500 0.025000
0 0.887500 0.515625 0.012500 0.025000
0 0.996094 0.328125 0.007812 0.009375
0 0.990625 0.346094 0.018750 0.020313
0 0.981250 0.353125 0.021875 0.015625
0 0.971875 0.358594 0.021875 0.020313
0 0.965625 0.367969 0.018750 0.020313
0 0.956250 0.375000 0.025000 0.018750
0 0.950000 0.378125 0.018750 0.018750
0 0.939844 0.387500 0.020313 0.018750
0 0.931250 0.390625 0.018750 0.012500
0 0.925000 0.398438 0.021875 0.015625
0 0.912500 0.406250 0.018750 0.012500
0 0.906250 0.412500 0.018750 0.012500
0 0.899219 0.417969 0.017188 0.017188
0 0.886719 0.424219 0.020313 0.014063
0 0.880469 0.431250 0.020313 0.015625
0 0.871875 0.437500 0.018750 0.015625
0 0.862500 0.443750 0.015625 0.015625
0 0.855469 0.450000 0.017188 0.021875
0 0.825000 0.478125 0.025000 0.018750
0 0.543750 0.731250 0.021875 0.012500
0 0.531250 0.737500 0.018750 0.015625
0 0.525000 0.746094 0.021875 0.014063
0 0.514062 0.753125 0.025000 0.018750
0 0.503125 0.762500 0.021875 0.015625
0 0.493750 0.773438 0.015625 0.021875
0 0.483594 0.780469 0.014063 0.014063
0 0.467969 0.790625 0.017188 0.015625
0 0.458594 0.800000 0.023438 0.018750
0 0.446875 0.807813 0.021875 0.015625
0 0.554688 0.750000 0.021875 0.018750
0 0.536719 0.756250 0.023438 0.018750
0 0.525000 0.767188 0.025000 0.015625
0 0.512500 0.784375 0.021875 0.018750
0 0.493750 0.790625 0.021875 0.018750
0 0.486719 0.803125 0.026562 0.012500
0 0.478125 0.812500 0.018750 0.012500
0 0.467969 0.821875 0.020313 0.015625
0 0.453125 0.827344 0.021875 0.014063
0 0.440625 0.835938 0.025000 0.018750
0 0.346094 0.898438 0.020313 0.012500
0 0.334375 0.905469 0.021875 0.017188
0 0.328125 0.909375 0.015625 0.009375
0 0.317188 0.921094 0.018750 0.014063
0 0.307812 0.928125 0.021875 0.009375
0 0.300000 0.932813 0.018750 0.015625
0 0.296094 0.940625 0.017188 0.015625
0 0.290625 0.946875 0.015625 0.018750
0 0.282813 0.950000 0.021875 0.015625
0 0.275000 0.954688 0.018750 0.015625
0 0.271094 0.961719 0.023438 0.020313
0 0.254688 0.971875 0.025000 0.015625
0 0.240625 0.981250 0.025000 0.018750
0 0.221875 0.992188 0.021875 0.009375
0 0.376563 0.925000 0.015625 0.012500
0 0.362500 0.936719 0.025000 0.020313
0 0.350000 0.946875 0.025000 0.018750
0 0.339844 0.956250 0.023438 0.015625
0 0.332813 0.968750 0.021875 0.015625
0 0.317969 0.974219 0.020313 0.010937
0 0.302344 0.986719 0.026562 0.010937
0 0.395313 0.936719 0.025000 0.014063
0 0.387500 0.949219 0.025000 0.014063
0 0.368750 0.964063 0.031250 0.015625
0 0.348438 0.981250 0.018750 0.012500
0 0.331250 0.990625 0.025000 0.018750
0 0.904687 0.525781 0.015625 0.017188
0 0.993750 0.446094 0.012500 0.017188
