0 0.815625 0.030469 0.025000 0.017188
0 0.799219 0.057813 0.023438 0.018750
0 0.958594 0.023438 0.020313 0.018750
0 0.964063 0.043750 0.025000 0.018750
0 0.975000 0.100000 0.025000 0.021875
0 0.917969 0.140625 0.023438 0.021875
0 0.917969 0.330469 0.020313 0.020313
0 0.849219 0.395313 0.026562 0.021875
0 0.845313 0.299219 0.028125 0.020313
0 0.821094 0.331250 0.023438 0.018750
0 0.575000 0.067969 0.021875 0.014063
0 0.650000 0.010156 0.025000 0.017188
0 0.567187 0.076563 0.021875 0.012500
0 0.550000 0.081250 0.021875 0.021875
0 0.503125 0.128125 0.021875 0.015625
0 0.431250 0.162500 0.025000 0.025000
0 0.353125 0.234375 0.031250 0.018750
0 0.403125 0.268750 0.021875 0.025000
0 0.512500 0.281250 0.025000 0.018750
0 0.683594 0.400000 0.020313 0.018750
0 0.675000 0.407813 0.025000 0.015625
0 0.662500 0.429688 0.025000 0.021875
0 0.808594 0.411719 0.014063 0.023438
0 0.805469 0.492969 0.020313 0.014063
0 0.646875 0.484375 0.025000 0.021875
0 0.675000 0.503125 0.018750 0.021875
0 0.705469 0.521875 0.026562 0.018750
0 0.667969 0.667969 0.020313 0.023438
0 0.684375 0.675000 0.021875 0.025000
0 0.720313 0.692969 0.031250 0.014063
0 0.731250 0.702344 0.034375 0.014063
0 0.729688 0.728125 0.031250 0.015625
0 0.693750 0.753125 0.018750 0.025000
0 0.762500 0.861719 0.015625 0.023438
0 0.714844 0.858594 0.010937 0.026562
0 0.682813 0.856250 0.015625 0.021875
0 0.780469 0.909375 0.014063 0.025000
0 0.793750 0.908594 0.015625 0.023438
0 0.400000 0.862500 0.018750 0.031250
0 0.278906 0.904687 0.017188 0.028125
0 0.398438 0.182031 0.028125 0.020313
0 0.410156 0.162500 0.020313 0.015625
0 0.389062 0.186719 0.025000 0.014063
