0 0.849760 0.042067 0.040865 0.026442
0 0.897837 0.131010 0.026442 0.031250
0 0.193510 0.116587 0.031250 0.031250
0 0.271635 0.140625 0.028846 0.031250
0 0.362981 0.177885 0.028846 0.028846
0 0.393029 0.162260 0.026442 0.031250
0 0.693510 0.304087 0.026442 0.031250
0 0.646635 0.334135 0.024038 0.028846
0 0.543269 0.335337 0.024038 0.021635
0 0.532452 0.356971 0.031250 0.021635
0 0.537260 0.378606 0.036058 0.021635
0 0.480769 0.450721 0.038462 0.021635
0 0.039663 0.519231 0.021635 0.028846
0 0.084135 0.616587 0.038462 0.021635
0 0.472356 0.599760 0.040865 0.016827
0 0.477163 0.616587 0.040865 0.016827
0 0.477163 0.762019 0.040865 0.024038
0 0.459135 0.819712 0.033654 0.024038
0 0.475962 0.834135 0.028846 0.028846
0 0.657452 0.944712 0.031250 0.028846
0 0.679087 0.944712 0.026442 0.024038
0 0.746394 0.882212 0.021635 0.028846
0 0.772837 0.872596 0.031250 0.024038
0 0.788462 0.856971 0.038462 0.040865
0 0.802885 0.850962 0.028846 0.028846
0 0.725962 0.725962 0.028846 0.024038
0 0.693510 0.703125 0.031250 0.031250
0 0.646635 0.491587 0.038462 0.026442
0 0.711538 0.412260 0.033654 0.021635
0 0.737981 0.366587 0.038462 0.031250
0 0.528846 0.531250 0.024038 0.038462
0 0.096154 0.564904 0.038462 0.019231
