0 0.900000 0.050781 0.021875 0.023438
0 0.596094 0.017188 0.039062 0.018750
0 0.250781 0.007812 0.039062 0.012500
0 0.305469 0.189844 0.029687 0.017188
0 0.387500 0.191406 0.034375 0.014063
0 0.625000 0.145313 0.034375 0.018750
0 0.623437 0.166406 0.031250 0.014063
0 0.701562 0.907813 0.021875 0.025000
0 0.765625 0.577344 0.037500 0.020313
0 0.766406 0.546875 0.035937 0.015625
0 0.901563 0.479687 0.025000 0.025000
0 0.913281 0.478125 0.020313 0.025000
0 0.947656 0.324219 0.020313 0.020313
0 0.728906 0.323437 0.020313 0.021875
0 0.725781 0.350781 0.023438 0.026562
0 0.635938 0.620313 0.025000 0.021875
0 0.617969 0.619531 0.023438 0.023438
0 0.600781 0.619531 0.026562 0.023438
0 0.582812 0.621875 0.018750 0.018750
0 0.569531 0.624219 0.017188 0.020313
0 0.807031 0.214062 0.032813 0.018750
0 0.749219 0.123438 0.017188 0.031250
0 0.622656 0.178125 0.032813 0.009375
0 0.622656 0.187500 0.035937 0.012500
0 0.615625 0.231250 0.025000 0.012500
0 0.614844 0.242188 0.026562 0.009375
0 0.615625 0.253125 0.031250 0.009375
0 0.615625 0.263281 0.028125 0.010937
0 0.421094 0.346875 0.029687 0.015625
