0 0.807813 0.323437 0.015625 0.021875
0 0.931250 0.584375 0.025000 0.021875
0 0.253906 0.861719 0.017188 0.014063
0 0.749219 0.702344 0.017188 0.017188
0 0.703906 0.737500 0.017188 0.015625
0 0.696875 0.745313 0.018750 0.015625
0 0.690625 0.752344 0.018750 0.017188
0 0.682031 0.759375 0.020313 0.015625
0 0.671875 0.765625 0.018750 0.018750
0 0.664062 0.771094 0.021875 0.017188
0 0.654687 0.778125 0.021875 0.018750
0 0.646094 0.784375 0.020313 0.015625
0 0.638281 0.792188 0.020313 0.021875
0 0.632031 0.800000 0.023438 0.021875
0 0.622656 0.807813 0.017188 0.021875
0 0.614062 0.812500 0.021875 0.021875
0 0.602344 0.817969 0.020313 0.020313
0 0.592969 0.824219 0.017188 0.017188
0 0.585938 0.832812 0.018750 0.021875
0 0.576562 0.838281 0.021875 0.020313
0 0.568750 0.844531 0.018750 0.020313
0 0.559375 0.850781 0.018750 0.020313
0 0.552344 0.859375 0.023438 0.021875
0 0.542969 0.864062 0.020313 0.021875
0 0.534375 0.872656 0.018750 0.020313
0 0.524219 0.878125 0.020313 0.018750
0 0.496875 0.908594 0.025000 0.023438
0 0.774219 0.771094 0.014063 0.020313
0 0.764844 0.777344 0.014063 0.017188
0 0.758594 0.786719 0.014063 0.020313
0 0.750000 0.794531 0.012500 0.020313
0 0.742188 0.800781 0.012500 0.020313
0 0.733594 0.807031 0.014063 0.023438
0 0.725000 0.814844 0.012500 0.020313
0 0.716406 0.821094 0.010937 0.020313
0 0.707812 0.828125 0.012500 0.018750
0 0.698438 0.835156 0.012500 0.020313
0 0.691406 0.843750 0.010937 0.018750
0 0.684375 0.847656 0.012500 0.020313
0 0.673438 0.854688 0.015625 0.021875
0 0.661719 0.857031 0.014063 0.023438
0 0.572656 0.935156 0.017188 0.023438
0 0.563281 0.943750 0.017188 0.021875
0 0.575000 0.958594 0.018750 0.020313
0 0.789062 0.784375 0.015625 0.021875
0 0.939063 0.723437 0.015625 0.018750
0 0.459375 0.987500 0.021875 0.018750
0 0.778906 0.789844 0.014063 0.017188
0 0.772656 0.799219 0.010937 0.017188
0 0.766406 0.806250 0.014063 0.018750
0 0.757812 0.815625 0.012500 0.015625
0 0.748437 0.821875 0.012500 0.018750
0 0.741406 0.828125 0.014063 0.018750
0 0.732812 0.833594 0.015625 0.020313
0 0.725000 0.842969 0.015625 0.020313
0 0.714844 0.848437 0.014063 0.018750
0 0.707031 0.853906 0.014063 0.017188
0 0.697656 0.858594 0.014063 0.017188
0 0.689063 0.868750 0.012500 0.018750
0 0.680469 0.874219 0.014063 0.017188
0 0.672656 0.878125 0.014063 0.018750
0 0.664844 0.888281 0.017188 0.020313
