0 0.815625 0.775000 0.018750 0.025000
0 0.791406 0.074219 0.029687 0.017188
0 0.893750 0.339062 0.037500 0.012500
0 0.892969 0.354687 0.032813 0.009375
0 0.794531 0.721875 0.014063 0.012500
0 0.789062 0.780469 0.012500 0.017188
0 0.802344 0.781250 0.014063 0.015625
0 0.761719 0.815625 0.014063 0.021875
0 0.786719 0.814063 0.010937 0.015625
0 0.800000 0.817969 0.012500 0.017188
0 0.814844 0.816406 0.010937 0.020313
0 0.612500 0.910937 0.015625 0.018750
0 0.632812 0.911719 0.015625 0.017188
0 0.649219 0.912500 0.014063 0.018750
0 0.671094 0.927344 0.014063 0.020313
0 0.677344 0.965625 0.017188 0.025000
0 0.642969 0.971875 0.014063 0.018750
0 0.628125 0.974219 0.015625 0.026562
0 0.599219 0.985156 0.023438 0.026562
0 0.672656 0.989844 0.023438 0.014063
0 0.682031 0.995313 0.023438 0.009375
0 0.316406 0.983594 0.023438 0.014063
0 0.314844 0.995313 0.023438 0.009375
0 0.122656 0.964063 0.017188 0.018750
0 0.089844 0.954688 0.014063 0.015625
0 0.090625 0.982031 0.021875 0.010937
0 0.129688 0.986719 0.018750 0.007812
0 0.169531 0.993750 0.020313 0.012500
0 0.017188 0.935937 0.025000 0.012500
0 0.013281 0.956250 0.023438 0.012500
0 0.017188 0.975000 0.028125 0.009375
0 0.013281 0.985938 0.023438 0.009375
0 0.014844 0.995313 0.023438 0.009375
0 0.989062 0.290625 0.021875 0.012500
