0 0.915625 0.212500 0.015625 0.018750
0 0.921875 0.150000 0.018750 0.037500
0 0.467969 0.032813 0.020313 0.012500
0 0.536719 0.028125 0.023438 0.015625
0 0.673438 0.093750 0.021875 0.009375
0 0.579688 0.112500 0.018750 0.015625
0 0.589844 0.118750 0.023438 0.015625
0 0.340625 0.217969 0.021875 0.014063
0 0.360938 0.254688 0.021875 0.012500
0 0.378125 0.290625 0.025000 0.015625
0 0.400000 0.328125 0.021875 0.009375
0 0.414844 0.358594 0.020313 0.010937
0 0.461719 0.267969 0.020313 0.014063
0 0.477344 0.296875 0.023438 0.012500
0 0.490625 0.325000 0.025000 0.015625
0 0.506250 0.356250 0.021875 0.015625
0 0.530469 0.262500 0.026562 0.015625
0 0.557813 0.299219 0.025000 0.010937
0 0.567187 0.329688 0.025000 0.012500
0 0.152344 0.556250 0.014063 0.018750
0 0.243750 0.565625 0.021875 0.012500
0 0.365625 0.971094 0.018750 0.017188
