0 0.348438 0.138281 0.012500 0.017188
0 0.340625 0.143750 0.012500 0.021875
0 0.325000 0.147656 0.018750 0.026562
0 0.262500 0.151562 0.012500 0.018750
0 0.252344 0.150781 0.014063 0.020313
0 0.237500 0.151562 0.015625 0.018750
0 0.221875 0.153125 0.015625 0.018750
0 0.217188 0.201563 0.015625 0.018750
0 0.171094 0.207031 0.032813 0.048438
0 0.146094 0.207031 0.017188 0.023438
0 0.128906 0.208594 0.020313 0.026562
0 0.037500 0.166406 0.012500 0.020313
0 0.016406 0.169531 0.017188 0.020313
0 0.004687 0.169531 0.006250 0.020313
0 0.095312 0.209375 0.018750 0.018750
0 0.068750 0.212500 0.012500 0.018750
0 0.055469 0.212500 0.014063 0.018750
0 0.043750 0.214844 0.015625 0.020313
0 0.017969 0.217188 0.010937 0.021875
0 0.238281 0.630469 0.023438 0.017188
0 0.223438 0.614844 0.015625 0.014063
0 0.252344 0.593750 0.014063 0.018750
