0 0.423438 0.337500 0.021875 0.028125
0 0.653125 0.525000 0.034375 0.018750
0 0.571094 0.923438 0.017188 0.059375
0 0.271094 0.700000 0.029687 0.012500
0 0.275000 0.721875 0.025000 0.012500
0 0.393750 0.698438 0.025000 0.009375
0 0.396094 0.706250 0.026562 0.009375
0 0.393750 0.715625 0.025000 0.009375
0 0.393750 0.737500 0.028125 0.009375
0 0.393750 0.750000 0.025000 0.009375
0 0.392969 0.756250 0.029687 0.012500
0 0.395313 0.765625 0.021875 0.009375
0 0.396094 0.774219 0.020313 0.007812
0 0.396875 0.782813 0.025000 0.009375
0 0.396875 0.792969 0.021875 0.007812
0 0.340625 0.825000 0.025000 0.009375
0 0.340625 0.834375 0.025000 0.012500
0 0.103125 0.912500 0.034375 0.012500
