0 0.389062 0.271875 0.031250 0.015625
0 0.530469 0.027344 0.029687 0.023438
0 0.750000 0.051562 0.018750 0.021875
0 0.975781 0.340625 0.014063 0.025000
0 0.989062 0.341406 0.015625 0.026562
0 0.364844 0.598437 0.023438 0.021875
0 0.249219 0.772656 0.023438 0.029687
0 0.234375 0.944531 0.015625 0.026562
0 0.965625 0.647656 0.021875 0.010937
0 0.990625 0.636719 0.012500 0.017188
0 0.966406 0.658594 0.020313 0.007812
0 0.962500 0.692187 0.018750 0.009375
0 0.960938 0.701562 0.018750 0.009375
0 0.960156 0.717969 0.023438 0.010937
0 0.909375 0.765625 0.050000 0.025000
0 0.942969 0.812500 0.010937 0.025000
0 0.909375 0.810937 0.012500 0.018750
0 0.835156 0.763281 0.010937 0.017188
0 0.821094 0.760156 0.017188 0.020313
0 0.781250 0.758594 0.012500 0.020313
0 0.767969 0.757031 0.014063 0.020313
0 0.791406 0.804688 0.014063 0.021875
0 0.758594 0.900781 0.026562 0.017188
0 0.705469 0.870313 0.023438 0.012500
0 0.707031 0.882031 0.023438 0.010937
0 0.698438 0.957031 0.025000 0.017188
0 0.749219 0.949219 0.026562 0.010937
0 0.695312 0.989844 0.028125 0.014063
