0 0.058594 0.412500 0.020313 0.025000
0 0.081250 0.410938 0.018750 0.021875
0 0.071875 0.459375 0.015625 0.012500
0 0.086719 0.458594 0.014063 0.014063
0 0.140625 0.462500 0.018750 0.015625
0 0.136719 0.477344 0.026562 0.020313
0 0.086719 0.478125 0.023438 0.021875
0 0.011719 0.471875 0.020313 0.015625
0 0.009375 0.506250 0.015625 0.025000
0 0.112500 0.515625 0.021875 0.018750
0 0.377344 0.496875 0.020313 0.018750
0 0.746875 0.392188 0.018750 0.009375
0 0.749219 0.405469 0.029687 0.010937
0 0.414844 0.496875 0.020313 0.015625
0 0.428125 0.499219 0.012500 0.017188
0 0.434375 0.501563 0.015625 0.018750
0 0.446875 0.501563 0.015625 0.018750
0 0.461719 0.503125 0.017188 0.018750
0 0.349219 0.643750 0.026562 0.018750
0 0.383594 0.675000 0.017188 0.025000
0 0.712500 0.521094 0.015625 0.023438
0 0.725000 0.525000 0.015625 0.025000
0 0.758594 0.521875 0.020313 0.025000
0 0.800000 0.527344 0.015625 0.020313
0 0.818750 0.525000 0.018750 0.025000
0 0.924219 0.583594 0.023438 0.014063
0 0.925000 0.615625 0.025000 0.012500
0 0.925000 0.625000 0.028125 0.012500
0 0.527344 0.440625 0.010937 0.018750
0 0.981250 0.593750 0.021875 0.012500
0 0.981250 0.604688 0.021875 0.009375
0 0.809375 0.825000 0.015625 0.018750
0 0.756250 0.909375 0.025000 0.009375
0 0.753125 0.915625 0.018750 0.009375
0 0.750000 0.925000 0.018750 0.009375
0 0.743750 0.937500 0.018750 0.009375
0 0.742188 0.943750 0.021875 0.009375
0 0.737500 0.953125 0.021875 0.015625
0 0.798438 0.950000 0.018750 0.009375
0 0.792969 0.959375 0.020313 0.009375
0 0.787500 0.971875 0.018750 0.012500
0 0.784375 0.981250 0.018750 0.009375
0 0.778125 0.987500 0.025000 0.012500
0 0.808594 0.967969 0.020313 0.010937
0 0.439844 0.923438 0.017188 0.012500
0 0.462500 0.921875 0.021875 0.006250
0 0.462500 0.931250 0.021875 0.009375
0 0.462500 0.939844 0.025000 0.010937
0 0.440625 0.930469 0.021875 0.010937
0 0.429688 0.736719 0.012500 0.017188
0 0.037500 0.892969 0.021875 0.010937
0 0.061719 0.895312 0.023438 0.009375
0 0.038281 0.914844 0.020313 0.010937
0 0.110937 0.905469 0.028125 0.007812
0 0.114844 0.896094 0.026562 0.010937
0 0.060156 0.925781 0.020313 0.007812
0 0.038281 0.923438 0.020313 0.009375
0 0.035937 0.932031 0.021875 0.010937
0 0.044531 0.964063 0.026562 0.012500
0 0.183594 0.389062 0.032813 0.012500
