0 0.697656 0.231250 0.029687 0.012500
0 0.693750 0.239063 0.025000 0.012500
0 0.689844 0.247656 0.026562 0.014063
0 0.689844 0.258594 0.026562 0.014063
0 0.682031 0.277344 0.023438 0.010937
0 0.679688 0.285938 0.025000 0.009375
0 0.677344 0.294531 0.029687 0.010937
0 0.675781 0.305469 0.026562 0.010937
0 0.673438 0.315625 0.028125 0.012500
0 0.769531 0.225000 0.029687 0.012500
0 0.769531 0.235156 0.029687 0.010937
0 0.765625 0.242188 0.031250 0.009375
0 0.763281 0.251563 0.023438 0.009375
0 0.753125 0.280469 0.028125 0.014063
0 0.748437 0.299219 0.025000 0.010937
0 0.747656 0.307812 0.026562 0.012500
0 0.742969 0.317969 0.029687 0.014063
0 0.689063 0.406250 0.015625 0.018750
