0 0.384375 0.031250 0.021875 0.015625
0 0.381250 0.042969 0.025000 0.014063
0 0.384375 0.052344 0.021875 0.014063
0 0.384375 0.061719 0.018750 0.010937
0 0.384375 0.071094 0.025000 0.014063
0 0.659375 0.037500 0.012500 0.015625
0 0.679688 0.034375 0.012500 0.015625
0 0.692969 0.034375 0.014063 0.021875
0 0.665625 0.076563 0.015625 0.018750
0 0.771094 0.034375 0.014063 0.021875
0 0.782813 0.033594 0.015625 0.026562
0 0.490625 0.134375 0.021875 0.009375
0 0.230469 0.655469 0.017188 0.020313
0 0.271094 0.659375 0.014063 0.021875
0 0.370312 0.750000 0.015625 0.018750
0 0.365625 0.825000 0.015625 0.018750
0 0.387500 0.824219 0.018750 0.020313
0 0.743750 0.751563 0.015625 0.021875
0 0.756250 0.752344 0.012500 0.023438
