0 0.071875 0.379688 0.034375 0.015625
0 0.189844 0.375781 0.026562 0.017188
0 0.361719 0.396875 0.026562 0.018750
0 0.639844 0.408594 0.026562 0.014063
0 0.025000 0.425000 0.012500 0.021875
0 0.035937 0.426563 0.012500 0.021875
0 0.047656 0.429688 0.017188 0.025000
0 0.060156 0.430469 0.010937 0.023438
0 0.074219 0.431250 0.010937 0.021875
0 0.085938 0.433594 0.009375 0.017188
0 0.094531 0.432812 0.014063 0.021875
0 0.106250 0.433594 0.012500 0.023438
0 0.117188 0.437500 0.012500 0.021875
0 0.128906 0.435156 0.010937 0.020313
0 0.144531 0.433594 0.020313 0.020313
0 0.055469 0.482812 0.010937 0.018750
0 0.045312 0.481250 0.009375 0.021875
0 0.030469 0.478125 0.014063 0.021875
0 0.015625 0.478125 0.009375 0.018750
0 0.004687 0.481250 0.006250 0.025000
0 0.014844 0.501563 0.020313 0.009375
0 0.014063 0.511719 0.021875 0.010937
0 0.085156 0.534375 0.026562 0.012500
0 0.080469 0.546875 0.026562 0.009375
0 0.078906 0.555469 0.026562 0.007812
