0 0.907813 0.014063 0.015625 0.021875
0 0.734375 0.106250 0.025000 0.025000
0 0.918750 0.078125 0.012500 0.025000
0 0.934375 0.076563 0.015625 0.025000
0 0.936719 0.190625 0.014063 0.021875
0 0.928125 0.696875 0.025000 0.018750
0 0.990625 0.814063 0.018750 0.015625
0 0.153125 0.800000 0.021875 0.018750
0 0.096094 0.815625 0.020313 0.025000
0 0.053125 0.831250 0.021875 0.021875
0 0.030469 0.836719 0.020313 0.020313
0 0.021094 0.858594 0.026562 0.023438
0 0.007031 0.909375 0.010937 0.018750
0 0.080469 0.889844 0.026562 0.014063
0 0.189844 0.850000 0.026562 0.028125
0 0.253125 0.818750 0.025000 0.025000
0 0.300000 0.805469 0.018750 0.020313
