0 0.724219 0.063281 0.014063 0.023438
0 0.738281 0.065625 0.014063 0.025000
0 0.756250 0.069531 0.015625 0.017188
0 0.812500 0.011719 0.021875 0.020313
0 0.839063 0.007031 0.015625 0.010937
0 0.697656 0.005469 0.017188 0.007812
0 0.784375 0.066406 0.018750 0.020313
0 0.804688 0.067187 0.021875 0.021875
0 0.813281 0.075000 0.017188 0.012500
0 0.826562 0.055469 0.021875 0.020313
0 0.845313 0.055469 0.015625 0.023438
0 0.904687 0.058594 0.021875 0.020313
0 0.903906 0.078125 0.023438 0.015625
0 0.930469 0.078906 0.014063 0.017188
0 0.705469 0.112500 0.020313 0.021875
0 0.764844 0.115625 0.020313 0.021875
0 0.746094 0.114844 0.014063 0.023438
0 0.872656 0.121875 0.020313 0.021875
0 0.674219 0.107031 0.020313 0.023438
0 0.589063 0.100000 0.031250 0.025000
0 0.539062 0.096875 0.018750 0.021875
0 0.527344 0.100000 0.020313 0.021875
0 0.509375 0.095312 0.018750 0.018750
0 0.453125 0.091406 0.021875 0.023438
0 0.424219 0.039062 0.020313 0.015625
0 0.173437 0.207031 0.015625 0.023438
0 0.807813 0.557813 0.021875 0.015625
0 0.784375 0.555469 0.018750 0.017188
0 0.871094 0.558594 0.023438 0.014063
0 0.869531 0.570312 0.026562 0.012500
0 0.729688 0.560156 0.031250 0.014063
0 0.727344 0.569531 0.023438 0.010937
0 0.726562 0.580469 0.021875 0.010937
0 0.725000 0.607031 0.031250 0.017188
0 0.784375 0.581250 0.025000 0.015625
0 0.782031 0.591406 0.023438 0.010937
0 0.807031 0.592187 0.026562 0.015625
0 0.867969 0.596094 0.023438 0.014063
0 0.782813 0.601562 0.028125 0.012500
0 0.790625 0.636719 0.028125 0.010937
0 0.750781 0.711719 0.026562 0.014063
0 0.751563 0.731250 0.025000 0.009375
0 0.746094 0.747656 0.023438 0.010937
0 0.746875 0.758594 0.028125 0.010937
0 0.811719 0.729688 0.026562 0.018750
0 0.835938 0.742188 0.025000 0.015625
0 0.810937 0.750781 0.025000 0.010937
0 0.272656 0.610156 0.023438 0.010937
0 0.593750 0.657031 0.028125 0.017188
0 0.295312 0.960938 0.021875 0.015625
0 0.292969 0.969531 0.029687 0.014063
0 0.290625 0.984375 0.028125 0.015625
0 0.292187 0.996875 0.028125 0.006250
0 0.718750 0.984375 0.025000 0.012500
0 0.718750 0.996094 0.028125 0.007812
0 0.792188 0.978906 0.025000 0.014063
0 0.789844 0.994531 0.029687 0.010937
