0 0.371875 0.728125 0.021875 0.015625
0 0.238281 0.765625 0.020313 0.028125
0 0.321094 0.808594 0.017188 0.020313
0 0.714063 0.440625 0.031250 0.012500
0 0.617188 0.491406 0.028125 0.014063
0 0.571094 0.534375 0.023438 0.028125
0 0.560156 0.483594 0.017188 0.026562
0 0.534375 0.488281 0.015625 0.023438
0 0.663281 0.294531 0.035937 0.017188
0 0.028906 0.176563 0.020313 0.028125
0 0.418750 0.142969 0.031250 0.014063
0 0.414844 0.131250 0.023438 0.009375
0 0.415625 0.120313 0.031250 0.009375
0 0.421875 0.107813 0.028125 0.009375
0 0.427344 0.097656 0.026562 0.010937
0 0.429688 0.082812 0.031250 0.015625
0 0.442969 0.073438 0.035937 0.018750
0 0.496094 0.112500 0.026562 0.018750
0 0.520312 0.139844 0.015625 0.026562
0 0.506250 0.092969 0.021875 0.023438
0 0.535937 0.139844 0.012500 0.026562
0 0.515625 0.083594 0.018750 0.020313
0 0.526563 0.078125 0.018750 0.025000
0 0.549219 0.135937 0.014063 0.025000
0 0.541406 0.070312 0.014063 0.025000
0 0.555469 0.069531 0.010937 0.020313
0 0.567187 0.066406 0.012500 0.026562
0 0.582031 0.064844 0.014063 0.023438
0 0.598437 0.102344 0.021875 0.020313
0 0.592187 0.110937 0.021875 0.021875
0 0.586719 0.116406 0.020313 0.017188
0 0.572656 0.128125 0.023438 0.025000
0 0.564844 0.135156 0.020313 0.023438
0 0.530469 0.200000 0.023438 0.031250
0 0.589063 0.181250 0.034375 0.028125
0 0.611719 0.169531 0.029687 0.023438
0 0.625781 0.164844 0.026562 0.020313
0 0.632031 0.154688 0.026562 0.018750
0 0.657031 0.126562 0.026562 0.015625
0 0.660156 0.114844 0.026562 0.014063
0 0.671094 0.105469 0.029687 0.010937
0 0.671875 0.095312 0.025000 0.009375
0 0.680469 0.083594 0.026562 0.014063
0 0.678906 0.071094 0.029687 0.010937
0 0.675781 0.059375 0.029687 0.012500
0 0.670312 0.046094 0.025000 0.014063
0 0.664062 0.035156 0.012500 0.023438
0 0.650000 0.027344 0.015625 0.020313
0 0.639844 0.020313 0.014063 0.025000
0 0.625781 0.017188 0.017188 0.021875
0 0.608594 0.011719 0.017188 0.020313
0 0.594531 0.010156 0.017188 0.017188
0 0.581250 0.010937 0.015625 0.018750
0 0.564063 0.011719 0.021875 0.020313
0 0.547656 0.012500 0.023438 0.021875
0 0.531250 0.015625 0.028125 0.021875
0 0.518750 0.018750 0.021875 0.018750
