0 0.281250 0.331250 0.031250 0.012500
0 0.604688 0.272656 0.084375 0.026562
0 0.874219 0.208594 0.026562 0.017188
0 0.864844 0.224219 0.029687 0.017188
0 0.715625 0.361719 0.028125 0.017188
0 0.498437 0.655469 0.021875 0.023438
0 0.774219 0.629687 0.017188 0.018750
0 0.808594 0.628906 0.014063 0.023438
0 0.832031 0.628125 0.014063 0.021875
0 0.877344 0.670312 0.017188 0.021875
0 0.857031 0.667969 0.014063 0.020313
0 0.695312 0.678125 0.015625 0.021875
0 0.679688 0.680469 0.012500 0.017188
0 0.627344 0.691406 0.014063 0.023438
0 0.537500 0.697656 0.012500 0.023438
0 0.523438 0.697656 0.018750 0.023438
0 0.389062 0.704688 0.015625 0.021875
0 0.371875 0.705469 0.015625 0.020313
0 0.257031 0.682031 0.020313 0.010937
0 0.252344 0.698438 0.017188 0.009375
0 0.250000 0.709375 0.021875 0.009375
0 0.243750 0.715625 0.018750 0.009375
0 0.242969 0.725781 0.017188 0.010937
0 0.207031 0.829688 0.023438 0.012500
0 0.206250 0.840625 0.025000 0.018750
0 0.203125 0.864844 0.018750 0.007812
0 0.219531 0.988281 0.020313 0.010937
0 0.225781 0.995313 0.026562 0.009375
0 0.290625 0.764062 0.025000 0.012500
0 0.286719 0.779687 0.017188 0.015625
0 0.278125 0.797656 0.018750 0.007812
0 0.277344 0.807813 0.020313 0.015625
0 0.266406 0.822656 0.020313 0.010937
0 0.262500 0.840625 0.025000 0.012500
0 0.266406 0.876563 0.026562 0.009375
0 0.267188 0.900000 0.021875 0.012500
0 0.268750 0.928906 0.025000 0.010937
0 0.269531 0.939063 0.020313 0.012500
0 0.275781 0.953125 0.023438 0.009375
0 0.289062 0.994531 0.021875 0.010937
