0 0.223558 0.272837 0.028846 0.016827
0 0.147837 0.771635 0.031250 0.014423
0 0.147837 0.795673 0.036058 0.024038
0 0.347356 0.699519 0.040865 0.024038
0 0.348558 0.712740 0.038462 0.016827
0 0.632212 0.570913 0.024038 0.031250
0 0.698317 0.580529 0.021635 0.031250
0 0.757212 0.574519 0.024038 0.024038
0 0.903846 0.599760 0.024038 0.031250
0 0.855769 0.951923 0.038462 0.038462
0 0.786058 0.989183 0.024038 0.021635
0 0.802885 0.974760 0.024038 0.026442
0 0.963942 0.962740 0.038462 0.026442
0 0.991587 0.969952 0.016827 0.026442
0 0.926683 0.602163 0.021635 0.040865
