0 0.214844 0.049219 0.017188 0.026562
0 0.168750 0.500000 0.015625 0.021875
0 0.189844 0.501563 0.017188 0.025000
0 0.214844 0.500000 0.017188 0.025000
0 0.192969 0.527344 0.017188 0.020313
0 0.206250 0.798438 0.021875 0.025000
0 0.112500 0.776563 0.015625 0.021875
0 0.150000 0.975000 0.025000 0.012500
0 0.867188 0.006250 0.018750 0.009375
0 0.890625 0.009375 0.021875 0.015625
0 0.868750 0.021875 0.015625 0.021875
0 0.735938 0.080469 0.021875 0.020313
0 0.784375 0.353125 0.018750 0.021875
0 0.781250 0.393750 0.018750 0.025000
0 0.793750 0.393750 0.006250 0.021875
0 0.831250 0.414844 0.012500 0.023438
0 0.805469 0.412500 0.014063 0.021875
0 0.792969 0.412500 0.010937 0.025000
0 0.780469 0.415625 0.014063 0.021875
0 0.865625 0.457813 0.012500 0.021875
0 0.829688 0.456250 0.012500 0.018750
0 0.806250 0.456250 0.015625 0.018750
0 0.796875 0.475000 0.015625 0.021875
0 0.781250 0.478125 0.015625 0.021875
0 0.854688 0.475000 0.012500 0.021875
0 0.842969 0.475000 0.010937 0.021875
0 0.831250 0.475000 0.009375 0.018750
0 0.890625 0.521094 0.009375 0.023438
0 0.855469 0.521094 0.010937 0.017188
0 0.868750 0.540625 0.015625 0.025000
0 0.843750 0.520312 0.015625 0.021875
0 0.830469 0.521094 0.014063 0.023438
0 0.783594 0.518750 0.017188 0.021875
0 0.809375 0.540625 0.012500 0.021875
0 0.784375 0.540625 0.015625 0.021875
0 0.796875 0.581250 0.015625 0.025000
0 0.798438 0.723437 0.015625 0.021875
0 0.782813 0.776563 0.021875 0.009375
0 0.918750 0.712500 0.015625 0.015625
0 0.652344 0.789844 0.010937 0.017188
0 0.640625 0.787500 0.015625 0.018750
0 0.625000 0.785937 0.018750 0.025000
0 0.640625 0.831250 0.015625 0.021875
0 0.627344 0.833594 0.010937 0.020313
0 0.615625 0.833594 0.009375 0.020313
0 0.605469 0.836719 0.010937 0.020313
0 0.592969 0.835938 0.010937 0.018750
0 0.581250 0.834375 0.009375 0.018750
0 0.571875 0.835938 0.009375 0.018750
0 0.559375 0.835938 0.009375 0.018750
0 0.549219 0.833594 0.010937 0.020313
0 0.533594 0.831250 0.014063 0.025000
0 0.546875 0.855469 0.009375 0.020313
0 0.581250 0.855469 0.012500 0.020313
0 0.595313 0.856250 0.012500 0.018750
0 0.501563 0.905469 0.015625 0.023438
0 0.478125 0.890625 0.021875 0.009375
0 0.475000 0.839063 0.028125 0.012500
0 0.480469 0.821094 0.023438 0.010937
0 0.475000 0.803125 0.025000 0.015625
0 0.434375 0.787500 0.025000 0.009375
0 0.415625 0.681250 0.021875 0.009375
0 0.414844 0.667969 0.020313 0.007812
0 0.411719 0.653125 0.017188 0.006250
0 0.403125 0.643750 0.025000 0.012500
0 0.358594 0.662500 0.023438 0.006250
0 0.364063 0.643750 0.025000 0.009375
0 0.360938 0.610938 0.021875 0.009375
0 0.359375 0.600000 0.021875 0.009375
0 0.360938 0.590625 0.025000 0.006250
0 0.360938 0.581250 0.021875 0.009375
0 0.359375 0.573438 0.018750 0.009375
0 0.362500 0.564063 0.025000 0.009375
0 0.359375 0.546875 0.018750 0.006250
0 0.359375 0.537500 0.021875 0.009375
