0 0.737500 0.073438 0.028125 0.015625
0 0.314063 0.621094 0.018750 0.026562
0 0.273438 0.937500 0.018750 0.025000
0 0.267188 0.992188 0.021875 0.015625
0 0.267188 0.859375 0.012500 0.025000
0 0.149219 0.006250 0.017188 0.009375
0 0.171875 0.006250 0.015625 0.009375
0 0.128125 0.043750 0.018750 0.012500
0 0.150000 0.047656 0.015625 0.010937
0 0.187500 0.050000 0.009375 0.015625
0 0.208594 0.050000 0.014063 0.018750
0 0.230469 0.048438 0.020313 0.015625
0 0.315625 0.131250 0.015625 0.018750
0 0.314063 0.154688 0.015625 0.021875
0 0.215625 0.362500 0.021875 0.009375
0 0.218750 0.371875 0.018750 0.009375
0 0.217188 0.380469 0.021875 0.010937
0 0.440625 0.012500 0.025000 0.009375
0 0.440625 0.023438 0.025000 0.009375
0 0.439063 0.036719 0.021875 0.007812
0 0.439063 0.053125 0.021875 0.009375
0 0.437500 0.061719 0.025000 0.007812
0 0.437500 0.077344 0.021875 0.007812
0 0.434375 0.084375 0.025000 0.009375
0 0.434375 0.106250 0.018750 0.009375
0 0.437500 0.117188 0.025000 0.009375
0 0.358594 0.246875 0.023438 0.009375
0 0.364844 0.125000 0.026562 0.009375
0 0.364844 0.136719 0.020313 0.007812
0 0.364844 0.146875 0.026562 0.009375
0 0.367188 0.156250 0.021875 0.006250
0 0.364844 0.162500 0.023438 0.006250
0 0.364844 0.174219 0.026562 0.010937
0 0.364844 0.183594 0.026562 0.010937
0 0.364844 0.193750 0.023438 0.006250
0 0.361719 0.202344 0.020313 0.007812
0 0.362500 0.210938 0.021875 0.009375
0 0.361719 0.218750 0.020313 0.006250
0 0.361719 0.228125 0.020313 0.006250
0 0.358594 0.236719 0.023438 0.007812
0 0.527344 0.306250 0.023438 0.015625
0 0.084375 0.340625 0.018750 0.018750
0 0.006250 0.606250 0.009375 0.021875
0 0.146094 0.496875 0.014063 0.025000
0 0.167969 0.537500 0.014063 0.018750
0 0.140625 0.537500 0.009375 0.018750
0 0.111719 0.534375 0.010937 0.018750
0 0.125000 0.535937 0.015625 0.021875
0 0.099219 0.533594 0.010937 0.020313
0 0.085938 0.531250 0.012500 0.021875
0 0.112500 0.496094 0.015625 0.020313
0 0.061719 0.492188 0.010937 0.021875
0 0.050000 0.490625 0.012500 0.025000
0 0.028125 0.492188 0.012500 0.025000
0 0.012500 0.489063 0.015625 0.021875
0 0.003125 0.487500 0.003125 0.025000
0 0.918750 0.990625 0.025000 0.018750
0 0.964063 0.956250 0.021875 0.021875
0 0.318750 0.003906 0.012500 0.004687
0 0.305469 0.670312 0.014063 0.021875
