0 0.052885 0.911058 0.024038 0.033654
0 0.070913 0.896635 0.021635 0.038462
0 0.152644 0.727163 0.021635 0.031250
0 0.043269 0.691106 0.024038 0.036058
0 0.132212 0.725962 0.024038 0.028846
0 0.427885 0.768029 0.028846 0.031250
0 0.334135 0.864183 0.024038 0.036058
0 0.354567 0.865385 0.021635 0.038462
0 0.472356 0.912260 0.026442 0.031250
0 0.490385 0.925481 0.024038 0.033654
0 0.528846 0.929087 0.024038 0.036058
0 0.632212 0.948317 0.038462 0.040865
0 0.194712 0.737981 0.024038 0.038462
0 0.288462 0.739183 0.019231 0.026442
0 0.069712 0.085337 0.028846 0.040865
0 0.167067 0.097356 0.021635 0.036058
0 0.504808 0.381010 0.033654 0.026442
0 0.528846 0.405048 0.024038 0.021635
0 0.707933 0.474760 0.036058 0.026442
0 0.411058 0.269231 0.019231 0.024038
0 0.399038 0.301683 0.019231 0.026442
0 0.397837 0.230769 0.026442 0.038462
0 0.375000 0.258413 0.038462 0.016827
0 0.881010 0.818510 0.036058 0.026442
0 0.902644 0.972356 0.021635 0.036058
0 0.710337 0.016827 0.026442 0.028846
0 0.764423 0.020433 0.024038 0.036058
0 0.840144 0.021635 0.021635 0.028846
0 0.866587 0.100962 0.026442 0.033654
0 0.894231 0.098558 0.019231 0.038462
0 0.024038 0.687500 0.019231 0.038462
0 0.272837 0.025240 0.026442 0.040865
