0 0.850000 0.067969 0.018750 0.023438
0 0.790625 0.105469 0.018750 0.020313
0 0.721875 0.306250 0.012500 0.018750
0 0.746875 0.415625 0.015625 0.018750
0 0.727344 0.589844 0.017188 0.020313
0 0.690625 0.675000 0.018750 0.021875
0 0.668750 0.812500 0.015625 0.021875
0 0.492969 0.096875 0.010937 0.015625
0 0.578125 0.103125 0.009375 0.015625
0 0.565625 0.103125 0.009375 0.015625
0 0.542969 0.139063 0.010937 0.015625
0 0.531250 0.139063 0.009375 0.015625
0 0.517188 0.139844 0.012500 0.014063
0 0.337500 0.207813 0.009375 0.015625
0 0.410938 0.212500 0.009375 0.015625
0 0.431250 0.212500 0.009375 0.015625
0 0.411719 0.249219 0.014063 0.017188
0 0.659375 0.937500 0.012500 0.021875
0 0.346094 0.250000 0.014063 0.021875
0 0.356250 0.210938 0.012500 0.021875
0 0.375000 0.248438 0.015625 0.018750
0 0.392188 0.249219 0.015625 0.020313
0 0.317188 0.092969 0.018750 0.020313
0 0.410938 0.096875 0.012500 0.018750
0 0.418750 0.093750 0.009375 0.015625
0 0.430469 0.092188 0.010937 0.018750
0 0.442188 0.093750 0.015625 0.021875
0 0.457813 0.096875 0.015625 0.025000
0 0.475000 0.100000 0.015625 0.018750
0 0.546094 0.100000 0.014063 0.021875
0 0.831250 0.028125 0.021875 0.025000
