0 0.415625 0.078125 0.018750 0.021875
0 0.437500 0.078125 0.015625 0.018750
0 0.496875 0.081250 0.012500 0.021875
0 0.518750 0.084375 0.015625 0.021875
0 0.589844 0.086719 0.014063 0.020313
0 0.625000 0.087500 0.012500 0.018750
0 0.725000 0.058594 0.018750 0.010937
0 0.727344 0.071875 0.020313 0.009375
0 0.789844 0.065625 0.029687 0.009375
0 0.706250 0.093750 0.015625 0.021875
0 0.662500 0.090625 0.015625 0.018750
0 0.746875 0.436719 0.015625 0.017188
0 0.734375 0.434375 0.009375 0.018750
0 0.721875 0.434375 0.012500 0.018750
0 0.689063 0.431250 0.015625 0.021875
0 0.696875 0.475000 0.009375 0.015625
0 0.706250 0.477344 0.012500 0.020313
0 0.729688 0.481250 0.012500 0.018750
0 0.740625 0.475000 0.015625 0.021875
0 0.773438 0.478125 0.015625 0.021875
0 0.787500 0.478125 0.015625 0.021875
0 0.375000 0.402344 0.028125 0.010937
0 0.378125 0.414844 0.025000 0.010937
0 0.375000 0.423438 0.025000 0.009375
0 0.379688 0.431250 0.025000 0.006250
0 0.376563 0.442969 0.025000 0.010937
0 0.312500 0.442188 0.025000 0.015625
0 0.318750 0.459375 0.025000 0.006250
0 0.315625 0.470313 0.025000 0.009375
0 0.096875 0.193750 0.025000 0.009375
0 0.025000 0.364844 0.028125 0.017188
0 0.581250 0.800000 0.034375 0.018750
0 0.581250 0.871875 0.028125 0.012500
0 0.518750 0.784375 0.018750 0.021875
0 0.484375 0.782813 0.015625 0.021875
0 0.471875 0.781250 0.009375 0.021875
0 0.450000 0.782813 0.015625 0.025000
0 0.321875 0.787500 0.025000 0.012500
0 0.296094 0.784375 0.020313 0.009375
0 0.270313 0.784375 0.018750 0.009375
0 0.239063 0.829688 0.012500 0.018750
0 0.300000 0.839063 0.015625 0.018750
0 0.356250 0.839844 0.012500 0.020313
0 0.436719 0.842969 0.014063 0.020313
0 0.992969 0.071094 0.014063 0.029687
