0 0.100000 0.212500 0.025000 0.018750
0 0.081250 0.217969 0.018750 0.014063
0 0.065625 0.234375 0.021875 0.018750
0 0.053125 0.243750 0.025000 0.021875
0 0.017188 0.296094 0.021875 0.014063
0 0.252344 0.115625 0.017188 0.012500
0 0.243750 0.123438 0.015625 0.012500
0 0.225000 0.130469 0.015625 0.007812
0 0.179688 0.180469 0.021875 0.014063
0 0.071875 0.329688 0.025000 0.018750
0 0.184375 0.340625 0.025000 0.015625
0 0.489844 0.104688 0.014063 0.012500
0 0.514844 0.078125 0.017188 0.012500
0 0.552344 0.040625 0.014063 0.009375
0 0.578125 0.027344 0.015625 0.017188
0 0.618750 0.025000 0.021875 0.018750
0 0.667969 0.071094 0.023438 0.023438
0 0.668750 0.092188 0.018750 0.015625
0 0.621094 0.193750 0.017188 0.018750
0 0.653125 0.176563 0.015625 0.015625
0 0.681250 0.150000 0.015625 0.015625
0 0.565625 0.352344 0.018750 0.010937
0 0.543750 0.365625 0.018750 0.015625
0 0.537500 0.375000 0.015625 0.012500
0 0.510938 0.396875 0.025000 0.015625
0 0.371875 0.473438 0.018750 0.015625
0 0.361719 0.481250 0.020313 0.009375
0 0.349219 0.500000 0.020313 0.012500
0 0.332813 0.559375 0.018750 0.015625
0 0.364844 0.580469 0.023438 0.017188
0 0.390625 0.590625 0.012500 0.018750
0 0.398438 0.603125 0.021875 0.025000
0 0.503125 0.571875 0.018750 0.015625
0 0.520312 0.568750 0.021875 0.015625
0 0.552344 0.464844 0.023438 0.017188
0 0.606250 0.417969 0.015625 0.014063
0 0.621094 0.398438 0.014063 0.012500
0 0.909375 0.228125 0.015625 0.006250
0 0.914844 0.225000 0.017188 0.015625
0 0.942969 0.525000 0.017188 0.009375
0 0.940625 0.539844 0.018750 0.010937
0 0.956250 0.606250 0.012500 0.018750
0 0.977344 0.627344 0.014063 0.010937
0 0.971094 0.637500 0.017188 0.009375
0 0.958594 0.657813 0.020313 0.012500
0 0.767188 0.730469 0.018750 0.010937
0 0.778125 0.708594 0.021875 0.014063
0 0.760938 0.743750 0.025000 0.015625
0 0.970313 0.733594 0.031250 0.014063
0 0.360938 0.756250 0.021875 0.018750
0 0.414844 0.782813 0.029687 0.009375
0 0.429688 0.821094 0.031250 0.010937
0 0.378125 0.764062 0.015625 0.025000
0 0.504687 0.483594 0.021875 0.023438
0 0.728906 0.371094 0.026562 0.020313
0 0.987500 0.287500 0.025000 0.015625
0 0.528125 0.545312 0.028125 0.021875
