0 0.165625 0.010156 0.018750 0.017188
0 0.295312 0.073438 0.015625 0.018750
0 0.331250 0.072656 0.015625 0.020313
0 0.439063 0.076563 0.015625 0.021875
0 0.510938 0.082031 0.018750 0.026562
0 0.706250 0.089063 0.012500 0.018750
0 0.751563 0.100000 0.012500 0.021875
0 0.764062 0.096875 0.012500 0.021875
0 0.791406 0.101562 0.014063 0.021875
0 0.867188 0.126562 0.018750 0.009375
0 0.790625 0.163281 0.012500 0.017188
0 0.675000 0.149219 0.015625 0.020313
0 0.663281 0.153906 0.014063 0.020313
0 0.454688 0.135937 0.015625 0.021875
0 0.324219 0.133594 0.014063 0.023438
0 0.310156 0.137500 0.017188 0.018750
0 0.252344 0.125000 0.014063 0.021875
0 0.239844 0.133594 0.014063 0.017188
0 0.113281 0.206250 0.017188 0.018750
0 0.112500 0.228906 0.015625 0.020313
0 0.138281 0.261719 0.017188 0.023438
0 0.105469 0.293750 0.017188 0.021875
0 0.103906 0.316406 0.014063 0.020313
0 0.099219 0.339844 0.017188 0.020313
0 0.385156 0.417187 0.014063 0.021875
0 0.406250 0.422656 0.012500 0.020313
0 0.452344 0.417187 0.017188 0.018750
0 0.468750 0.421094 0.018750 0.020313
0 0.586719 0.396094 0.014063 0.023438
0 0.597656 0.397656 0.017188 0.020313
0 0.668750 0.389062 0.015625 0.018750
0 0.762500 0.364063 0.015625 0.021875
0 0.790625 0.348438 0.015625 0.025000
0 0.919531 0.161719 0.014063 0.023438
0 0.978125 0.127344 0.015625 0.017188
0 0.989844 0.111719 0.020313 0.023438
0 0.853906 0.322656 0.020313 0.026562
0 0.864844 0.317969 0.020313 0.026562
0 0.861719 0.529687 0.017188 0.025000
0 0.846094 0.536719 0.017188 0.017188
0 0.793750 0.515625 0.018750 0.021875
0 0.755469 0.503906 0.017188 0.020313
0 0.946875 0.625781 0.025000 0.014063
0 0.936719 0.635156 0.020313 0.014063
0 0.942969 0.646875 0.026562 0.015625
0 0.910156 0.687500 0.029687 0.015625
0 0.942969 0.733594 0.014063 0.023438
0 0.521875 0.492188 0.015625 0.018750
0 0.270313 0.467187 0.028125 0.015625
0 0.401562 0.545312 0.015625 0.018750
