0 0.399038 0.115385 0.019231 0.028846
0 0.372596 0.102163 0.024038 0.026442
0 0.382212 0.131010 0.019231 0.026442
0 0.902644 0.022837 0.021635 0.026442
0 0.915865 0.050481 0.019231 0.028846
0 0.330529 0.153846 0.036058 0.024038
0 0.319712 0.217548 0.038462 0.021635
0 0.304087 0.260817 0.040865 0.016827
0 0.294471 0.276442 0.036058 0.014423
0 0.282452 0.300481 0.031250 0.014423
0 0.318510 0.301683 0.040865 0.016827
0 0.295673 0.316106 0.043269 0.012019
0 0.318510 0.365385 0.021635 0.028846
0 0.408654 0.358173 0.019231 0.024038
0 0.456731 0.304087 0.038462 0.021635
0 0.465144 0.361779 0.016827 0.026442
0 0.484375 0.373798 0.021635 0.026442
0 0.528846 0.364183 0.024038 0.031250
0 0.554087 0.366587 0.016827 0.026442
0 0.707933 0.266827 0.021635 0.024038
0 0.901442 0.593750 0.028846 0.024038
0 0.890625 0.606971 0.031250 0.021635
0 0.796875 0.692308 0.031250 0.019231
0 0.736779 0.790865 0.031250 0.019231
0 0.724760 0.813702 0.026442 0.016827
0 0.900240 0.757212 0.031250 0.019231
0 0.875000 0.788462 0.038462 0.019231
0 0.881010 0.807692 0.031250 0.019231
0 0.873798 0.875000 0.040865 0.024038
0 0.800481 0.931490 0.024038 0.026442
0 0.459135 0.936298 0.024038 0.021635
0 0.486779 0.942308 0.026442 0.024038
0 0.348558 0.977163 0.033654 0.031250
0 0.367788 0.986779 0.024038 0.026442
0 0.895433 0.646635 0.026442 0.024038
0 0.985577 0.022837 0.028846 0.021635
