0 0.156250 0.014063 0.025000 0.025000
0 0.969531 0.364844 0.026562 0.020313
0 0.217188 0.293750 0.025000 0.015625
0 0.226562 0.317969 0.021875 0.014063
0 0.237500 0.330469 0.025000 0.014063
0 0.239063 0.343750 0.025000 0.009375
0 0.292969 0.348438 0.023438 0.028125
0 0.405469 0.395313 0.026562 0.025000
0 0.434375 0.403125 0.025000 0.025000
0 0.548438 0.717187 0.034375 0.012500
0 0.553906 0.732031 0.029687 0.014063
0 0.550000 0.748437 0.028125 0.015625
0 0.550781 0.761719 0.026562 0.014063
0 0.539844 0.772656 0.026562 0.014063
0 0.520312 0.747656 0.025000 0.026562
