0 0.275781 0.058594 0.023438 0.017188
0 0.075781 0.036719 0.023438 0.014063
0 0.596875 0.090625 0.025000 0.012500
0 0.885156 0.079687 0.020313 0.012500
0 0.987500 0.208594 0.012500 0.017188
0 0.956250 0.206250 0.012500 0.018750
0 0.875781 0.200781 0.017188 0.017188
0 0.817969 0.198437 0.014063 0.015625
0 0.259375 0.166406 0.015625 0.020313
0 0.285938 0.224219 0.012500 0.017188
0 0.307812 0.227344 0.009375 0.014063
0 0.349219 0.225781 0.014063 0.017188
0 0.043750 0.348438 0.009375 0.018750
0 0.007812 0.344531 0.012500 0.020313
0 0.097656 0.480469 0.020313 0.010937
0 0.142969 0.476562 0.023438 0.021875
0 0.167969 0.489063 0.017188 0.015625
0 0.235937 0.566406 0.015625 0.014063
0 0.256250 0.583594 0.021875 0.020313
0 0.270313 0.591406 0.018750 0.020313
0 0.315625 0.615625 0.015625 0.012500
0 0.263281 0.648438 0.017188 0.015625
0 0.235156 0.631250 0.014063 0.015625
0 0.204687 0.610938 0.015625 0.015625
0 0.214062 0.618750 0.015625 0.012500
0 0.708594 0.525781 0.023438 0.010937
0 0.714063 0.539844 0.021875 0.007812
0 0.714063 0.550781 0.025000 0.014063
0 0.767969 0.489844 0.020313 0.010937
0 0.768750 0.501563 0.018750 0.006250
0 0.767188 0.507812 0.025000 0.006250
0 0.771094 0.517188 0.020313 0.009375
0 0.771094 0.526563 0.023438 0.009375
0 0.577344 0.827344 0.020313 0.010937
0 0.603125 0.828906 0.021875 0.010937
0 0.646094 0.832031 0.026562 0.007812
0 0.669531 0.832812 0.023438 0.009375
0 0.696094 0.832812 0.020313 0.009375
0 0.721094 0.836719 0.020313 0.014063
0 0.835156 0.833594 0.017188 0.020313
0 0.865625 0.833594 0.012500 0.017188
0 0.895312 0.835156 0.018750 0.023438
0 0.953906 0.850000 0.023438 0.009375
0 0.823438 0.885938 0.012500 0.015625
0 0.750781 0.885156 0.010937 0.017188
0 0.697656 0.882812 0.017188 0.021875
