0 0.912500 0.100000 0.028125 0.015625
0 0.540625 0.273438 0.021875 0.012500
0 0.610938 0.381250 0.025000 0.009375
0 0.609375 0.392969 0.028125 0.014063
0 0.659375 0.261719 0.021875 0.007812
0 0.660937 0.271875 0.021875 0.006250
0 0.660937 0.282813 0.025000 0.009375
0 0.661719 0.301563 0.023438 0.009375
0 0.659375 0.312500 0.025000 0.009375
0 0.659375 0.318750 0.021875 0.006250
0 0.662500 0.327344 0.025000 0.010937
0 0.662500 0.336719 0.025000 0.007812
0 0.662500 0.342969 0.025000 0.007812
0 0.664844 0.353125 0.026562 0.009375
0 0.837500 0.478125 0.021875 0.062500
0 0.871094 0.809375 0.023438 0.012500
0 0.706250 0.912500 0.021875 0.012500
0 0.278125 0.932813 0.025000 0.012500
0 0.278125 0.946094 0.031250 0.010937
0 0.385156 0.469531 0.029687 0.014063
