0 0.487500 0.032813 0.012500 0.018750
0 0.474219 0.033594 0.014063 0.023438
0 0.459375 0.031250 0.009375 0.021875
0 0.443750 0.034375 0.015625 0.025000
0 0.456250 0.059375 0.015625 0.025000
0 0.474219 0.053125 0.010937 0.015625
0 0.429688 0.057813 0.012500 0.018750
0 0.412500 0.056250 0.015625 0.025000
0 0.378125 0.057813 0.018750 0.025000
0 0.364844 0.118750 0.020313 0.028125
0 0.753125 0.178125 0.025000 0.009375
0 0.740625 0.186719 0.025000 0.010937
0 0.134375 0.164844 0.015625 0.017188
0 0.096875 0.308594 0.015625 0.023438
0 0.118750 0.327344 0.015625 0.017188
0 0.059375 0.526563 0.018750 0.025000
0 0.071875 0.577344 0.015625 0.020313
0 0.190625 0.487500 0.015625 0.021875
0 0.215625 0.490625 0.012500 0.021875
0 0.228125 0.492188 0.009375 0.018750
0 0.239063 0.493750 0.012500 0.015625
0 0.256250 0.490625 0.012500 0.021875
0 0.270313 0.490625 0.012500 0.021875
0 0.283594 0.493750 0.014063 0.021875
0 0.234375 0.543750 0.021875 0.012500
0 0.255469 0.518750 0.023438 0.009375
0 0.256250 0.528125 0.018750 0.009375
0 0.234375 0.553125 0.018750 0.006250
0 0.234375 0.562500 0.018750 0.006250
0 0.234375 0.571875 0.018750 0.006250
0 0.174219 0.568750 0.026562 0.012500
0 0.174219 0.587500 0.026562 0.009375
0 0.171875 0.603125 0.021875 0.009375
0 0.010156 0.671094 0.017188 0.010937
0 0.154688 0.021875 0.012500 0.025000
