0 0.102163 0.616587 0.021635 0.031250
0 0.150240 0.550481 0.040865 0.014423
0 0.156250 0.567308 0.038462 0.014423
0 0.162260 0.504808 0.040865 0.014423
0 0.069712 0.395433 0.024038 0.026442
0 0.084135 0.256010 0.024038 0.026442
0 0.492788 0.055288 0.038462 0.019231
0 0.519231 0.088942 0.033654 0.019231
0 0.475962 0.111779 0.038462 0.016827
0 0.491587 0.069712 0.036058 0.014423
0 0.462740 0.125000 0.050481 0.024038
0 0.479567 0.097356 0.040865 0.016827
0 0.394231 0.049279 0.043269 0.012019
0 0.388221 0.061298 0.040865 0.012019
0 0.396635 0.032452 0.033654 0.016827
0 0.491587 0.269231 0.021635 0.028846
0 0.443510 0.269231 0.026442 0.028846
0 0.325721 0.243990 0.021635 0.031250
0 0.925481 0.361779 0.024038 0.031250
0 0.965144 0.373798 0.021635 0.036058
0 0.943510 0.366587 0.021635 0.031250
0 0.956731 0.850962 0.019231 0.033654
0 0.931490 0.856971 0.021635 0.026442
0 0.554087 0.736779 0.016827 0.026442
0 0.679087 0.743990 0.026442 0.040865
0 0.584135 0.830529 0.024038 0.031250
0 0.366587 0.828125 0.021635 0.040865
0 0.342548 0.834135 0.021635 0.033654
0 0.241587 0.816106 0.031250 0.045673
0 0.377404 0.729567 0.019231 0.031250
0 0.319712 0.728365 0.019231 0.033654
0 0.012019 0.985577 0.019231 0.028846
0 0.013221 0.943510 0.021635 0.031250
0 0.413462 0.012019 0.038462 0.019231
