0 0.009375 0.264844 0.015625 0.017188
0 0.513281 0.264062 0.026562 0.012500
0 0.764844 0.217969 0.035937 0.014063
0 0.508594 0.531250 0.020313 0.025000
0 0.430469 0.577344 0.014063 0.026562
0 0.415625 0.581250 0.018750 0.021875
0 0.357031 0.685937 0.032813 0.009375
0 0.356250 0.699219 0.025000 0.010937
0 0.235156 0.594531 0.014063 0.023438
0 0.214062 0.595313 0.018750 0.025000
0 0.176563 0.592969 0.018750 0.017188
0 0.053906 0.648438 0.020313 0.015625
0 0.029687 0.643750 0.015625 0.021875
0 0.098437 0.644531 0.015625 0.023438
0 0.255469 0.635938 0.020313 0.025000
0 0.277344 0.636719 0.020313 0.023438
0 0.431250 0.775000 0.031250 0.025000
0 0.432812 0.807031 0.028125 0.010937
0 0.428906 0.817969 0.032813 0.014063
0 0.341406 0.971094 0.023438 0.017188
0 0.299219 0.973437 0.014063 0.025000
0 0.288281 0.972656 0.017188 0.026562
0 0.270313 0.976562 0.015625 0.025000
0 0.252344 0.978906 0.020313 0.026562
0 0.141406 0.983594 0.017188 0.023438
0 0.128125 0.982812 0.012500 0.025000
0 0.117969 0.984375 0.014063 0.025000
0 0.107813 0.983594 0.015625 0.026562
0 0.098437 0.983594 0.012500 0.020313
0 0.084375 0.988281 0.015625 0.023438
0 0.070312 0.988281 0.018750 0.023438
0 0.020313 0.989062 0.015625 0.021875
0 0.008594 0.989062 0.014063 0.021875
