0 0.007031 0.160938 0.010937 0.015625
0 0.007812 0.186719 0.012500 0.014063
0 0.048438 0.163281 0.031250 0.014063
0 0.215625 0.183594 0.037500 0.017188
0 0.246875 0.200000 0.034375 0.012500
0 0.048438 0.189062 0.025000 0.009375
0 0.082031 0.189844 0.023438 0.010937
0 0.117969 0.191406 0.032813 0.014063
0 0.021094 0.200781 0.032813 0.010937
0 0.016406 0.211719 0.029687 0.010937
0 0.121094 0.239844 0.020313 0.023438
0 0.092188 0.365625 0.037500 0.015625
0 0.167969 0.248438 0.017188 0.025000
0 0.184375 0.249219 0.015625 0.020313
0 0.200000 0.250000 0.015625 0.021875
0 0.214844 0.252344 0.017188 0.023438
0 0.168750 0.285938 0.028125 0.012500
0 0.373437 0.270313 0.018750 0.025000
0 0.417187 0.267969 0.015625 0.026562
0 0.544531 0.276562 0.014063 0.028125
0 0.638281 0.336719 0.020313 0.020313
0 0.617969 0.334375 0.020313 0.021875
0 0.574219 0.332031 0.020313 0.023438
0 0.555469 0.332031 0.020313 0.020313
0 0.172656 0.331250 0.023438 0.018750
0 0.217188 0.334375 0.018750 0.025000
0 0.327344 0.339062 0.023438 0.021875
0 0.439844 0.336719 0.023438 0.023438
0 0.454688 0.343750 0.018750 0.021875
0 0.471875 0.347656 0.021875 0.020313
0 0.491406 0.350000 0.020313 0.025000
0 0.507812 0.347656 0.018750 0.029687
0 0.525781 0.349219 0.017188 0.026562
0 0.537500 0.353125 0.018750 0.025000
0 0.585938 0.356250 0.021875 0.021875
0 0.638281 0.355469 0.023438 0.020313
0 0.832031 0.317188 0.017188 0.025000
0 0.143750 0.375000 0.015625 0.015625
0 0.110937 0.311719 0.021875 0.014063
0 0.161719 0.375000 0.017188 0.015625
0 0.225000 0.379688 0.015625 0.015625
0 0.242969 0.379688 0.017188 0.015625
0 0.292187 0.384375 0.025000 0.018750
0 0.374219 0.386719 0.017188 0.017188
0 0.406250 0.389844 0.015625 0.017188
0 0.423438 0.392969 0.021875 0.020313
0 0.467969 0.396094 0.023438 0.020313
0 0.489063 0.398438 0.025000 0.018750
0 0.521094 0.397656 0.023438 0.020313
0 0.588281 0.400781 0.023438 0.023438
0 0.604688 0.401562 0.025000 0.021875
0 0.623437 0.400781 0.025000 0.023438
0 0.641406 0.404687 0.020313 0.028125
0 0.943750 0.379688 0.021875 0.021875
0 0.989844 0.382031 0.020313 0.020313
0 0.899219 0.421094 0.023438 0.020313
0 0.940625 0.422656 0.018750 0.020313
0 0.906250 0.561719 0.028125 0.020313
0 0.944531 0.602344 0.017188 0.023438
0 0.507812 0.878125 0.021875 0.012500
0 0.535156 0.880469 0.026562 0.014063
0 0.601562 0.882031 0.021875 0.010937
0 0.598437 0.892969 0.034375 0.014063
0 0.596094 0.921875 0.029687 0.009375
0 0.592187 0.932031 0.031250 0.010937
0 0.506250 0.905469 0.025000 0.010937
0 0.502344 0.917188 0.026562 0.009375
0 0.532031 0.919531 0.026562 0.010937
0 0.505469 0.928906 0.029687 0.010937
0 0.440625 0.892969 0.025000 0.010937
0 0.441406 0.905469 0.026562 0.010937
0 0.440625 0.914844 0.028125 0.010937
0 0.439063 0.933594 0.034375 0.014063
0 0.514844 0.966406 0.035937 0.014063
0 0.335156 0.956250 0.035937 0.012500
0 0.299219 0.985156 0.035937 0.014063
0 0.360156 0.989844 0.023438 0.007812
