0 0.428125 0.739844 0.025000 0.007812
0 0.436719 0.750000 0.023438 0.012500
0 0.442188 0.760938 0.021875 0.009375
0 0.400000 0.771094 0.018750 0.023438
0 0.421875 0.828125 0.018750 0.018750
0 0.164844 0.321875 0.026562 0.009375
0 0.181250 0.348438 0.018750 0.012500
0 0.181250 0.354687 0.021875 0.009375
0 0.185938 0.364063 0.021875 0.012500
0 0.195312 0.380469 0.021875 0.010937
0 0.225000 0.390625 0.018750 0.009375
0 0.234375 0.408594 0.025000 0.014063
0 0.201563 0.396094 0.021875 0.010937
0 0.207813 0.403125 0.021875 0.009375
0 0.212500 0.412500 0.018750 0.009375
0 0.218750 0.423438 0.021875 0.012500
0 0.237500 0.454688 0.025000 0.012500
0 0.240625 0.464844 0.018750 0.007812
0 0.242969 0.471875 0.017188 0.006250
0 0.253125 0.485938 0.021875 0.009375
0 0.256250 0.496875 0.025000 0.015625
0 0.127344 0.423438 0.020313 0.009375
0 0.146094 0.431250 0.023438 0.012500
0 0.131250 0.449219 0.018750 0.007812
0 0.117188 0.475000 0.015625 0.015625
0 0.148438 0.475000 0.018750 0.009375
0 0.154688 0.484375 0.021875 0.009375
0 0.177344 0.534375 0.020313 0.009375
0 0.410156 0.802344 0.029687 0.029687
0 0.618750 0.673438 0.025000 0.021875
