0 0.809375 0.058594 0.028125 0.026562
0 0.878125 0.095312 0.028125 0.025000
0 0.183594 0.084375 0.023438 0.021875
0 0.134375 0.120313 0.021875 0.018750
0 0.211719 0.159375 0.020313 0.021875
0 0.228125 0.170313 0.018750 0.025000
0 0.218750 0.181250 0.015625 0.018750
0 0.203125 0.167969 0.015625 0.023438
0 0.211719 0.189062 0.017188 0.021875
0 0.195312 0.173437 0.012500 0.021875
0 0.203906 0.199219 0.014063 0.020313
0 0.185156 0.182812 0.014063 0.025000
0 0.193750 0.209375 0.015625 0.021875
0 0.177344 0.192188 0.014063 0.018750
0 0.167969 0.202344 0.017188 0.023438
0 0.178125 0.217969 0.012500 0.020313
0 0.149219 0.213281 0.017188 0.023438
0 0.164844 0.228125 0.017188 0.021875
0 0.154688 0.238281 0.018750 0.023438
0 0.138281 0.223438 0.017188 0.025000
0 0.128906 0.231250 0.017188 0.021875
0 0.138281 0.247656 0.017188 0.023438
0 0.128125 0.257031 0.018750 0.020313
0 0.117969 0.267969 0.017188 0.023438
0 0.107813 0.274219 0.018750 0.023438
0 0.087500 0.257812 0.021875 0.031250
0 0.101562 0.250781 0.018750 0.026562
0 0.112500 0.235937 0.021875 0.025000
0 0.122656 0.132812 0.032813 0.018750
0 0.109375 0.142969 0.028125 0.020313
0 0.096094 0.150000 0.026562 0.025000
0 0.081250 0.161719 0.025000 0.020313
0 0.069531 0.172656 0.023438 0.020313
0 0.060937 0.182812 0.028125 0.021875
0 0.052344 0.192969 0.026562 0.017188
0 0.042969 0.198437 0.023438 0.025000
0 0.032813 0.206250 0.025000 0.021875
0 0.024219 0.214062 0.023438 0.021875
0 0.014063 0.217188 0.018750 0.018750
