0 0.359375 0.214062 0.021875 0.021875
0 0.314063 0.250000 0.015625 0.021875
0 0.300781 0.266406 0.017188 0.017188
0 0.290625 0.271094 0.018750 0.014063
0 0.280469 0.282031 0.020313 0.020313
0 0.270313 0.285938 0.018750 0.015625
0 0.264062 0.292969 0.021875 0.020313
0 0.257031 0.297656 0.020313 0.020313
0 0.247656 0.306250 0.026562 0.021875
0 0.239844 0.314844 0.023438 0.020313
0 0.227344 0.319531 0.020313 0.017188
0 0.222656 0.326562 0.023438 0.021875
0 0.208594 0.331250 0.020313 0.018750
0 0.205469 0.339844 0.020313 0.020313
0 0.196094 0.346094 0.020313 0.023438
0 0.186719 0.351562 0.020313 0.021875
0 0.179688 0.361719 0.025000 0.023438
0 0.171094 0.367969 0.020313 0.020313
0 0.162500 0.372656 0.021875 0.020313
0 0.153125 0.378906 0.021875 0.026562
0 0.142969 0.386719 0.020313 0.023438
0 0.135156 0.394531 0.023438 0.026562
0 0.106250 0.421875 0.028125 0.021875
0 0.170313 0.460156 0.018750 0.017188
0 0.181250 0.452344 0.018750 0.023438
0 0.376563 0.292187 0.015625 0.018750
0 0.367969 0.301563 0.017188 0.021875
0 0.360156 0.310156 0.017188 0.023438
0 0.351562 0.317188 0.015625 0.018750
0 0.343750 0.325000 0.018750 0.025000
0 0.333594 0.329688 0.017188 0.025000
0 0.317969 0.342187 0.014063 0.018750
0 0.310937 0.348438 0.012500 0.018750
0 0.285156 0.370312 0.017188 0.018750
0 0.272656 0.378125 0.020313 0.025000
0 0.280469 0.396875 0.017188 0.021875
0 0.289844 0.387500 0.014063 0.021875
0 0.300781 0.382812 0.017188 0.018750
0 0.316406 0.366406 0.014063 0.023438
0 0.325000 0.362500 0.015625 0.018750
0 0.332031 0.356250 0.017188 0.018750
0 0.339062 0.350000 0.018750 0.018750
0 0.351562 0.342187 0.015625 0.018750
0 0.367188 0.332813 0.015625 0.018750
0 0.375000 0.323437 0.015625 0.018750
0 0.384375 0.313281 0.012500 0.020313
0 0.389062 0.306250 0.018750 0.018750
0 0.401562 0.297656 0.015625 0.020313
