0 0.193750 0.179688 0.015625 0.018750
0 0.171094 0.174219 0.017188 0.020313
0 0.205469 0.225000 0.014063 0.021875
0 0.193750 0.224219 0.009375 0.020313
0 0.181250 0.221875 0.009375 0.025000
0 0.162500 0.218750 0.015625 0.021875
0 0.146875 0.217188 0.018750 0.021875
0 0.100000 0.143750 0.025000 0.015625
0 0.096875 0.154688 0.025000 0.012500
0 0.096875 0.162500 0.028125 0.012500
0 0.093750 0.171875 0.025000 0.012500
0 0.090625 0.179688 0.021875 0.009375
0 0.087500 0.189844 0.025000 0.010937
0 0.085938 0.196875 0.021875 0.012500
0 0.084375 0.207813 0.021875 0.009375
0 0.081250 0.214844 0.021875 0.007812
0 0.080469 0.223438 0.026562 0.012500
0 0.075000 0.237500 0.025000 0.012500
0 0.264844 0.306250 0.020313 0.021875
0 0.410938 0.224219 0.025000 0.017188
0 0.446875 0.321875 0.028125 0.018750
0 0.503125 0.337500 0.021875 0.021875
0 0.490625 0.346094 0.021875 0.020313
0 0.481250 0.352344 0.021875 0.020313
0 0.471875 0.358594 0.021875 0.020313
0 0.662500 0.501563 0.025000 0.028125
0 0.720313 0.589844 0.021875 0.010937
0 0.725000 0.604688 0.025000 0.012500
0 0.734375 0.630469 0.018750 0.007812
0 0.734375 0.643750 0.025000 0.012500
0 0.528125 0.539844 0.025000 0.020313
0 0.567969 0.624219 0.023438 0.020313
0 0.589844 0.665625 0.020313 0.012500
0 0.595313 0.678125 0.012500 0.018750
0 0.478125 0.536719 0.018750 0.014063
0 0.490625 0.553125 0.021875 0.015625
0 0.501563 0.574219 0.021875 0.020313
0 0.546875 0.659375 0.018750 0.018750
0 0.555469 0.681250 0.017188 0.015625
0 0.610938 0.753125 0.018750 0.018750
0 0.353125 0.389844 0.021875 0.017188
0 0.383594 0.446875 0.026562 0.018750
0 0.430469 0.478125 0.023438 0.021875
0 0.327344 0.411719 0.026562 0.017188
0 0.349219 0.423438 0.026562 0.018750
0 0.300000 0.400000 0.025000 0.018750
0 0.262500 0.387500 0.028125 0.018750
0 0.205469 0.368750 0.026562 0.021875
0 0.190625 0.340625 0.021875 0.015625
0 0.164844 0.337500 0.017188 0.012500
0 0.146094 0.333594 0.020313 0.014063
0 0.117969 0.354687 0.026562 0.009375
0 0.084375 0.350000 0.028125 0.015625
0 0.014063 0.337500 0.025000 0.012500
0 0.039844 0.430469 0.026562 0.014063
0 0.087500 0.471875 0.015625 0.021875
0 0.100000 0.471875 0.015625 0.021875
0 0.117188 0.473438 0.015625 0.018750
0 0.131250 0.478125 0.015625 0.018750
0 0.140625 0.521875 0.015625 0.018750
0 0.254688 0.517969 0.018750 0.026562
0 0.267969 0.530469 0.014063 0.026562
0 0.275000 0.536719 0.015625 0.023438
0 0.287500 0.540625 0.015625 0.025000
0 0.298438 0.546875 0.018750 0.021875
0 0.218750 0.550000 0.018750 0.018750
0 0.228125 0.557813 0.012500 0.015625
0 0.246875 0.567969 0.018750 0.023438
0 0.239844 0.705469 0.017188 0.023438
0 0.271875 0.699219 0.018750 0.023438
0 0.284375 0.696094 0.015625 0.023438
0 0.146875 0.703125 0.021875 0.018750
0 0.150000 0.711719 0.018750 0.014063
0 0.131250 0.751563 0.018750 0.021875
0 0.117188 0.756250 0.018750 0.021875
0 0.367188 0.734375 0.025000 0.009375
0 0.423438 0.718750 0.025000 0.012500
0 0.371875 0.759375 0.025000 0.009375
0 0.421875 0.743750 0.028125 0.009375
0 0.428125 0.753125 0.025000 0.012500
0 0.429688 0.762500 0.021875 0.006250
0 0.428125 0.771094 0.018750 0.007812
0 0.577344 0.767188 0.017188 0.021875
0 0.574219 0.821094 0.017188 0.023438
0 0.610938 0.824219 0.021875 0.023438
0 0.568750 0.884375 0.018750 0.021875
0 0.605469 0.871094 0.014063 0.020313
0 0.603125 0.917188 0.015625 0.018750
0 0.564844 0.936719 0.014063 0.020313
0 0.559375 0.975000 0.015625 0.018750
0 0.596094 0.974219 0.014063 0.017188
0 0.593750 0.996094 0.015625 0.007812
0 0.475000 0.883594 0.012500 0.020313
0 0.462500 0.881250 0.015625 0.018750
0 0.443750 0.883594 0.015625 0.020313
0 0.337500 0.880469 0.012500 0.017188
0 0.323437 0.876563 0.015625 0.021875
0 0.346094 0.918750 0.014063 0.021875
0 0.332813 0.921094 0.009375 0.020313
0 0.321875 0.918750 0.012500 0.021875
0 0.306250 0.917969 0.015625 0.023438
0 0.134375 0.937500 0.009375 0.021875
0 0.146094 0.975000 0.014063 0.021875
0 0.443750 0.034375 0.025000 0.012500
0 0.442969 0.050000 0.023438 0.009375
0 0.017969 0.478125 0.026562 0.012500
0 0.013281 0.503125 0.023438 0.015625
0 0.742188 0.946875 0.025000 0.012500
0 0.743750 0.928906 0.025000 0.010937
0 0.746094 0.917969 0.023438 0.010937
0 0.746094 0.893750 0.026562 0.012500
0 0.749219 0.877344 0.023438 0.010937
0 0.755469 0.853125 0.020313 0.012500
0 0.302344 0.874219 0.020313 0.026562
