0 0.140625 0.471875 0.018750 0.021875
0 0.099219 0.062500 0.023438 0.018750
0 0.628125 0.030469 0.018750 0.020313
0 0.683594 0.106250 0.023438 0.015625
0 0.682813 0.115625 0.021875 0.009375
0 0.683594 0.125000 0.023438 0.009375
0 0.683594 0.134375 0.026562 0.009375
0 0.683594 0.145313 0.023438 0.012500
0 0.906250 0.103125 0.018750 0.015625
0 0.962500 0.109375 0.015625 0.025000
0 0.967969 0.149219 0.014063 0.020313
0 0.984375 0.109375 0.009375 0.018750
0 0.993750 0.109375 0.012500 0.025000
0 0.527344 0.736719 0.020313 0.023438
0 0.260937 0.734375 0.025000 0.012500
0 0.568750 0.742969 0.012500 0.023438
0 0.675000 0.837500 0.015625 0.021875
0 0.665625 0.909375 0.018750 0.021875
0 0.687500 0.907813 0.015625 0.018750
