0 0.521875 0.314844 0.018750 0.026562
0 0.549219 0.317188 0.014063 0.021875
0 0.559375 0.318750 0.009375 0.018750
0 0.571875 0.321094 0.018750 0.023438
0 0.595313 0.317969 0.018750 0.020313
0 0.611719 0.317969 0.014063 0.023438
0 0.621875 0.321875 0.012500 0.021875
0 0.662500 0.392969 0.021875 0.010937
0 0.665625 0.403125 0.021875 0.009375
0 0.662500 0.424219 0.021875 0.010937
0 0.667969 0.450000 0.023438 0.012500
0 0.567969 0.374219 0.023438 0.010937
0 0.568750 0.384375 0.021875 0.009375
0 0.568750 0.396094 0.025000 0.007812
0 0.559375 0.402344 0.000000 0.001563
0 0.571875 0.407813 0.025000 0.009375
0 0.574219 0.424219 0.023438 0.010937
0 0.574219 0.449219 0.023438 0.010937
0 0.496875 0.403125 0.025000 0.009375
0 0.496094 0.460938 0.026562 0.012500
0 0.489844 0.481250 0.023438 0.009375
0 0.534375 0.506250 0.021875 0.018750
0 0.368750 0.489063 0.018750 0.031250
0 0.728125 0.434375 0.028125 0.012500
0 0.964063 0.527344 0.031250 0.017188
0 0.805469 0.556250 0.032813 0.015625
0 0.585938 0.537500 0.028125 0.015625
0 0.584375 0.555469 0.025000 0.010937
0 0.564844 0.593750 0.026562 0.018750
0 0.533594 0.546875 0.029687 0.018750
0 0.546094 0.562500 0.026562 0.012500
0 0.514844 0.567969 0.029687 0.014063
0 0.480469 0.553125 0.029687 0.015625
0 0.483594 0.568750 0.023438 0.012500
0 0.543750 0.718750 0.021875 0.025000
0 0.559375 0.714844 0.018750 0.023438
0 0.605469 0.712500 0.020313 0.025000
0 0.621094 0.709375 0.020313 0.025000
0 0.896094 0.909375 0.014063 0.018750
0 0.881250 0.912500 0.009375 0.021875
0 0.868750 0.912500 0.012500 0.018750
0 0.840625 0.917188 0.015625 0.021875
0 0.821094 0.921875 0.017188 0.025000
0 0.784375 0.925000 0.018750 0.021875
0 0.759375 0.927344 0.018750 0.023438
0 0.875000 0.962500 0.018750 0.025000
0 0.862500 0.962500 0.009375 0.025000
0 0.850000 0.965625 0.012500 0.025000
0 0.835938 0.965625 0.015625 0.025000
0 0.808594 0.967969 0.020313 0.023438
0 0.408594 0.698438 0.020313 0.025000
0 0.360938 0.730469 0.021875 0.029687
0 0.393750 0.905469 0.025000 0.026562
0 0.262500 0.610938 0.028125 0.012500
0 0.268750 0.624219 0.025000 0.014063
0 0.281250 0.636719 0.025000 0.010937
0 0.296875 0.676562 0.025000 0.025000
0 0.287500 0.690625 0.025000 0.021875
0 0.278125 0.703125 0.018750 0.021875
0 0.240625 0.459375 0.031250 0.009375
0 0.025000 0.501563 0.025000 0.015625
0 0.034375 0.561719 0.031250 0.020313
0 0.037500 0.575000 0.025000 0.015625
0 0.086719 0.573438 0.023438 0.025000
0 0.128125 0.576562 0.021875 0.025000
0 0.092969 0.635938 0.035937 0.015625
0 0.115625 0.656250 0.034375 0.015625
0 0.202344 0.646094 0.029687 0.007812
0 0.243750 0.642188 0.034375 0.012500
0 0.267969 0.737500 0.020313 0.021875
0 0.240625 0.750000 0.015625 0.021875
0 0.259375 0.768750 0.028125 0.012500
