0 0.558594 0.053906 0.026562 0.023438
0 0.591406 0.035156 0.032813 0.017188
0 0.578906 0.063281 0.029687 0.014063
0 0.478906 0.034375 0.029687 0.015625
0 0.502344 0.011719 0.017188 0.020313
0 0.524219 0.088281 0.023438 0.023438
0 0.506250 0.085156 0.018750 0.023438
0 0.429688 0.085156 0.034375 0.020313
0 0.200000 0.053125 0.025000 0.028125
0 0.273438 0.183594 0.028125 0.020313
0 0.250000 0.209375 0.018750 0.012500
0 0.235937 0.229687 0.025000 0.015625
0 0.753906 0.552344 0.026562 0.029687
0 0.769531 0.607812 0.032813 0.025000
0 0.784375 0.653906 0.028125 0.014063
0 0.789062 0.662500 0.028125 0.018750
0 0.653125 0.550000 0.025000 0.025000
0 0.642969 0.686719 0.032813 0.014063
0 0.525781 0.639062 0.020313 0.018750
0 0.542188 0.658594 0.025000 0.020313
0 0.146094 0.406250 0.029687 0.031250
0 0.175781 0.500781 0.029687 0.014063
0 0.245312 0.546875 0.037500 0.025000
0 0.086719 0.489844 0.026562 0.023438
0 0.006250 0.473438 0.009375 0.031250
0 0.354687 0.729688 0.028125 0.031250
0 0.119531 0.760156 0.017188 0.023438
0 0.130469 0.767969 0.017188 0.026562
0 0.033594 0.733594 0.029687 0.026562
0 0.029687 0.852344 0.021875 0.026562
0 0.046875 0.861719 0.015625 0.023438
0 0.142969 0.860938 0.020313 0.028125
0 0.154688 0.878906 0.018750 0.023438
0 0.200781 0.873437 0.023438 0.025000
0 0.300000 0.853906 0.021875 0.026562
0 0.708594 0.900000 0.023438 0.028125
0 0.777344 0.902344 0.020313 0.023438
0 0.893750 0.914062 0.021875 0.034375
0 0.853125 0.946094 0.037500 0.014063
0 0.975781 0.935156 0.029687 0.017188
0 0.982812 0.948438 0.025000 0.015625
0 0.980469 0.978906 0.035937 0.014063
0 0.960938 0.992969 0.031250 0.014063
0 0.787500 0.991406 0.021875 0.017188
0 0.803906 0.989844 0.020313 0.020313
0 0.731250 0.987500 0.012500 0.025000
0 0.744531 0.982812 0.017188 0.031250
0 0.528906 0.964844 0.039062 0.023438
