0 0.048438 0.036719 0.015625 0.017188
0 0.064844 0.037500 0.017188 0.018750
0 0.117188 0.037500 0.015625 0.015625
0 0.112500 0.054688 0.018750 0.015625
0 0.009375 0.046875 0.015625 0.018750
0 0.021094 0.046875 0.010937 0.015625
0 0.033594 0.050000 0.010937 0.009375
0 0.021094 0.086719 0.017188 0.017188
0 0.087500 0.092969 0.018750 0.014063
0 0.353125 0.070312 0.018750 0.018750
0 0.390625 0.074219 0.015625 0.014063
0 0.403125 0.075000 0.012500 0.015625
0 0.412500 0.078125 0.015625 0.018750
0 0.425000 0.078125 0.015625 0.021875
0 0.439844 0.078125 0.014063 0.018750
0 0.325000 0.218750 0.018750 0.012500
0 0.358594 0.249219 0.017188 0.023438
0 0.406250 0.314844 0.015625 0.023438
0 0.017188 0.468750 0.021875 0.015625
0 0.036719 0.468750 0.017188 0.015625
0 0.014063 0.490625 0.021875 0.009375
0 0.036719 0.496875 0.023438 0.009375
0 0.014063 0.499219 0.021875 0.010937
0 0.015625 0.509375 0.018750 0.009375
0 0.021875 0.537500 0.025000 0.015625
0 0.089063 0.470313 0.018750 0.009375
0 0.084375 0.478125 0.025000 0.012500
0 0.500000 0.275000 0.028125 0.015625
0 0.526563 0.278125 0.025000 0.012500
0 0.693750 0.096875 0.015625 0.015625
0 0.706250 0.096875 0.009375 0.018750
0 0.737500 0.100000 0.012500 0.018750
0 0.776563 0.102344 0.015625 0.023438
0 0.796875 0.100000 0.015625 0.018750
0 0.906250 0.187500 0.021875 0.015625
0 0.906250 0.199219 0.025000 0.010937
0 0.959375 0.168750 0.021875 0.009375
0 0.961719 0.178125 0.020313 0.006250
0 0.789844 0.403125 0.014063 0.018750
0 0.734375 0.483594 0.018750 0.010937
0 0.733594 0.492969 0.020313 0.007812
0 0.729688 0.500000 0.015625 0.009375
0 0.724219 0.511719 0.023438 0.007812
0 0.721875 0.520312 0.018750 0.009375
0 0.720313 0.528125 0.021875 0.009375
0 0.778125 0.527344 0.015625 0.010937
0 0.773438 0.533594 0.015625 0.010937
0 0.790625 0.542969 0.018750 0.010937
0 0.837500 0.550000 0.021875 0.009375
0 0.839063 0.528125 0.015625 0.015625
0 0.767969 0.546875 0.017188 0.009375
0 0.765625 0.554688 0.018750 0.009375
0 0.758594 0.561719 0.023438 0.010937
0 0.774219 0.637500 0.017188 0.018750
0 0.687500 0.625000 0.015625 0.021875
0 0.415625 0.496875 0.018750 0.009375
0 0.415625 0.504687 0.018750 0.006250
0 0.439844 0.496875 0.020313 0.006250
0 0.437500 0.504687 0.021875 0.006250
0 0.439844 0.514062 0.020313 0.006250
0 0.410938 0.537500 0.018750 0.006250
0 0.415625 0.545312 0.018750 0.006250
0 0.384375 0.627344 0.021875 0.010937
0 0.429688 0.634375 0.025000 0.015625
0 0.430469 0.659375 0.023438 0.012500
0 0.364844 0.631250 0.020313 0.009375
0 0.360938 0.646875 0.018750 0.009375
0 0.355469 0.656250 0.023438 0.006250
0 0.379688 0.659375 0.018750 0.009375
0 0.314844 0.612500 0.020313 0.009375
0 0.314063 0.628125 0.018750 0.006250
0 0.314844 0.636719 0.020313 0.007812
0 0.550000 0.709375 0.012500 0.015625
0 0.586719 0.727344 0.010937 0.017188
0 0.581250 0.776563 0.009375 0.021875
0 0.599219 0.754687 0.014063 0.009375
0 0.596875 0.767969 0.015625 0.010937
0 0.596094 0.789844 0.020313 0.007812
0 0.593750 0.799219 0.021875 0.010937
0 0.568750 0.825000 0.015625 0.018750
0 0.535937 0.846094 0.009375 0.017188
0 0.643750 0.933594 0.015625 0.020313
0 0.699219 0.940625 0.007812 0.018750
0 0.711719 0.940625 0.010937 0.018750
0 0.686719 0.885938 0.010937 0.018750
0 0.714844 0.885938 0.010937 0.015625
0 0.523438 0.964844 0.012500 0.017188
0 0.393750 0.840625 0.006250 0.018750
0 0.381250 0.839844 0.012500 0.020313
0 0.503125 0.018750 0.009375 0.015625
0 0.059375 0.605469 0.025000 0.010937
0 0.037500 0.617969 0.018750 0.010937
0 0.058594 0.628125 0.023438 0.012500
0 0.037500 0.634375 0.018750 0.006250
0 0.021875 0.827344 0.021875 0.007812
0 0.021875 0.834375 0.025000 0.006250
0 0.018750 0.842969 0.025000 0.004687
0 0.018750 0.850000 0.021875 0.006250
0 0.012500 0.876563 0.021875 0.012500
0 0.008594 0.890625 0.014063 0.009375
0 0.007031 0.900000 0.010937 0.009375
0 0.811719 0.890625 0.010937 0.021875
0 0.829688 0.940625 0.009375 0.018750
0 0.839844 0.949219 0.010937 0.014063
0 0.878125 0.893750 0.015625 0.021875
0 0.940625 0.007812 0.025000 0.012500
