0 0.330469 0.164844 0.017188 0.020313
0 0.357031 0.164062 0.017188 0.021875
0 0.392188 0.164062 0.015625 0.018750
0 0.403906 0.164844 0.010937 0.017188
0 0.417187 0.165625 0.015625 0.018750
0 0.304688 0.175000 0.021875 0.012500
0 0.305469 0.183594 0.020313 0.010937
0 0.417187 0.211719 0.015625 0.026562
0 0.429688 0.214844 0.015625 0.023438
0 0.299219 0.221094 0.026562 0.010937
0 0.299219 0.231250 0.026562 0.009375
0 0.298438 0.250781 0.028125 0.014063
0 0.370312 0.307812 0.012500 0.018750
0 0.384375 0.309375 0.012500 0.018750
0 0.398438 0.311719 0.015625 0.020313
0 0.410938 0.313281 0.012500 0.020313
0 0.423438 0.314844 0.012500 0.023438
0 0.435156 0.318750 0.017188 0.021875
0 0.146875 0.299219 0.015625 0.023438
0 0.242969 0.303906 0.070312 0.029687
0 0.099219 0.296875 0.010937 0.018750
0 0.085938 0.295312 0.015625 0.018750
0 0.111719 0.344531 0.014063 0.020313
0 0.241406 0.351562 0.017188 0.025000
0 0.278906 0.353125 0.020313 0.028125
0 0.294531 0.353125 0.014063 0.025000
0 0.341406 0.357031 0.014063 0.026562
0 0.372656 0.358594 0.017188 0.023438
0 0.389062 0.358594 0.012500 0.023438
0 0.400781 0.361719 0.014063 0.023438
0 0.421875 0.361719 0.015625 0.023438
0 0.435937 0.363281 0.012500 0.023438
0 0.458594 0.363281 0.014063 0.023438
0 0.472656 0.367188 0.014063 0.021875
0 0.076563 0.396094 0.028125 0.010937
0 0.075781 0.407031 0.029687 0.010937
0 0.073438 0.425000 0.018750 0.009375
0 0.075000 0.439063 0.028125 0.012500
0 0.077344 0.450000 0.023438 0.012500
0 0.070312 0.460938 0.031250 0.012500
0 0.067969 0.499219 0.029687 0.010937
0 0.069531 0.528906 0.029687 0.010937
0 0.064062 0.570312 0.028125 0.012500
0 0.062500 0.581250 0.025000 0.009375
0 0.061719 0.601562 0.029687 0.009375
0 0.065625 0.612500 0.025000 0.012500
0 0.019531 0.418750 0.023438 0.009375
0 0.018750 0.429688 0.028125 0.012500
0 0.013281 0.513281 0.023438 0.014063
0 0.007812 0.542969 0.012500 0.010937
0 0.009375 0.562500 0.015625 0.009375
0 0.010937 0.581250 0.018750 0.009375
0 0.008594 0.600781 0.014063 0.010937
0 0.008594 0.611719 0.014063 0.007812
0 0.142969 0.965625 0.026562 0.012500
0 0.138281 0.977344 0.023438 0.007812
0 0.554688 0.920312 0.025000 0.012500
0 0.647656 0.913281 0.029687 0.010937
