0 0.693750 0.728125 0.018750 0.018750
0 0.619531 0.934375 0.020313 0.021875
0 0.611719 0.832812 0.017188 0.018750
0 0.864062 0.852344 0.015625 0.014063
0 0.853906 0.859375 0.014063 0.015625
0 0.845313 0.866406 0.015625 0.014063
0 0.832812 0.875000 0.018750 0.015625
0 0.823438 0.882031 0.021875 0.017188
0 0.815625 0.890625 0.018750 0.015625
0 0.806250 0.896875 0.018750 0.018750
0 0.791406 0.910156 0.017188 0.014063
0 0.778125 0.919531 0.025000 0.020313
0 0.770312 0.926562 0.015625 0.012500
0 0.872656 0.868750 0.023438 0.018750
0 0.860156 0.878125 0.017188 0.015625
0 0.849219 0.886719 0.020313 0.017188
0 0.839063 0.894531 0.018750 0.017188
0 0.831250 0.903125 0.021875 0.015625
0 0.820312 0.910937 0.021875 0.018750
0 0.803906 0.922656 0.020313 0.017188
0 0.796094 0.931250 0.020313 0.015625
0 0.788281 0.940625 0.023438 0.015625
0 0.780469 0.946875 0.023438 0.018750
0 0.764062 0.953125 0.025000 0.018750
