0 0.165625 0.150000 0.031250 0.028125
0 0.154688 0.167969 0.031250 0.029687
0 0.228125 0.171094 0.040625 0.023438
0 0.464844 0.080469 0.029687 0.020313
0 0.491406 0.098437 0.026562 0.015625
0 0.707031 0.257812 0.020313 0.028125
0 0.867188 0.352344 0.015625 0.026562
0 0.892188 0.673438 0.018750 0.025000
0 0.902344 0.717187 0.029687 0.015625
0 0.764844 0.696875 0.017188 0.025000
0 0.782031 0.737500 0.023438 0.012500
0 0.835156 0.725781 0.023438 0.014063
0 0.851562 0.765625 0.028125 0.015625
0 0.792969 0.772656 0.026562 0.014063
