0 0.300000 0.313281 0.025000 0.010937
0 0.055469 0.418750 0.020313 0.018750
0 0.038281 0.417969 0.017188 0.017188
0 0.025000 0.417187 0.015625 0.018750
0 0.010937 0.415625 0.015625 0.018750
0 0.005469 0.416406 0.007812 0.020313
0 0.364844 0.440625 0.017188 0.021875
0 0.379688 0.442188 0.015625 0.021875
0 0.469531 0.446094 0.014063 0.017188
0 0.496094 0.446094 0.014063 0.020313
0 0.794531 0.458594 0.014063 0.020313
0 0.821094 0.461719 0.010937 0.017188
0 0.700000 0.532813 0.012500 0.018750
0 0.623437 0.550000 0.028125 0.012500
0 0.622656 0.562500 0.026562 0.012500
0 0.128125 0.659375 0.034375 0.015625
0 0.163281 0.658594 0.020313 0.010937
0 0.010156 0.701562 0.017188 0.021875
0 0.481250 0.810156 0.012500 0.020313
0 0.412500 0.910937 0.021875 0.012500
0 0.410156 0.923438 0.020313 0.009375
0 0.410156 0.932813 0.020313 0.009375
0 0.399219 0.945312 0.023438 0.009375
0 0.396875 0.955469 0.021875 0.007812
0 0.393750 0.965625 0.025000 0.009375
0 0.462500 0.962500 0.025000 0.009375
0 0.457813 0.971875 0.025000 0.009375
0 0.477344 0.983594 0.023438 0.014063
0 0.451562 0.988281 0.025000 0.007812
0 0.452344 0.996094 0.032813 0.007812
0 0.539844 0.965625 0.020313 0.009375
0 0.535156 0.992188 0.023438 0.012500
0 0.024219 0.930469 0.020313 0.007812
0 0.023438 0.940625 0.021875 0.009375
0 0.050000 0.932813 0.021875 0.009375
0 0.050000 0.942187 0.025000 0.009375
0 0.050000 0.951562 0.028125 0.009375
