0 0.825000 0.743750 0.015625 0.025000
0 0.830469 0.871875 0.020313 0.018750
0 0.362500 0.512500 0.021875 0.009375
0 0.371875 0.527344 0.021875 0.010937
0 0.378125 0.534375 0.025000 0.009375
0 0.381250 0.542969 0.028125 0.010937
0 0.403125 0.578125 0.025000 0.009375
0 0.412500 0.596094 0.021875 0.010937
0 0.418750 0.609375 0.028125 0.015625
0 0.415625 0.626563 0.021875 0.012500
0 0.434375 0.633594 0.037500 0.026562
0 0.446094 0.656250 0.020313 0.012500
0 0.312500 0.596094 0.021875 0.014063
0 0.289844 0.600000 0.029687 0.009375
0 0.345313 0.642188 0.021875 0.015625
0 0.335938 0.657813 0.025000 0.012500
0 0.314844 0.656250 0.020313 0.009375
0 0.328125 0.693750 0.025000 0.015625
0 0.277344 0.678125 0.023438 0.009375
0 0.360938 0.689844 0.031250 0.014063
