0 0.540625 0.051562 0.028125 0.018750
0 0.541406 0.070312 0.026562 0.009375
0 0.542188 0.089844 0.031250 0.017188
0 0.540625 0.228906 0.028125 0.014063
0 0.536719 0.255469 0.029687 0.017188
0 0.538281 0.243750 0.032813 0.012500
0 0.529687 0.413281 0.028125 0.017188
0 0.689063 0.371094 0.028125 0.020313
0 0.526563 0.460156 0.025000 0.014063
0 0.536719 0.289062 0.029687 0.015625
0 0.536719 0.310156 0.029687 0.010937
0 0.029687 0.871875 0.028125 0.021875
0 0.067969 0.939063 0.014063 0.025000
0 0.078125 0.948438 0.021875 0.025000
