0 0.809375 0.155469 0.025000 0.017188
0 0.789844 0.165625 0.020313 0.015625
0 0.828125 0.205469 0.025000 0.017188
0 0.852344 0.249219 0.026562 0.014063
0 0.881250 0.296875 0.025000 0.018750
0 0.899219 0.335938 0.026562 0.015625
0 0.956250 0.218750 0.028125 0.015625
0 0.978125 0.256250 0.028125 0.018750
0 0.990625 0.293750 0.018750 0.015625
0 0.696875 0.596094 0.025000 0.014063
0 0.840625 0.554688 0.025000 0.015625
0 0.987500 0.510938 0.025000 0.015625
0 0.706250 0.792969 0.018750 0.020313
0 0.714844 0.909375 0.023438 0.025000
