0 0.252404 0.801683 0.043269 0.021635
0 0.201923 0.694712 0.038462 0.019231
0 0.189904 0.675481 0.033654 0.024038
0 0.256010 0.597356 0.026442 0.026442
0 0.146635 0.573317 0.038462 0.021635
0 0.186298 0.591346 0.040865 0.024038
0 0.258413 0.429087 0.036058 0.016827
0 0.266827 0.447115 0.048077 0.024038
0 0.272837 0.461538 0.040865 0.014423
0 0.289663 0.495192 0.036058 0.024038
0 0.300481 0.507212 0.033654 0.019231
0 0.301683 0.528846 0.040865 0.019231
0 0.317308 0.545673 0.043269 0.024038
0 0.325721 0.564904 0.040865 0.024038
0 0.366587 0.545673 0.036058 0.024038
0 0.342548 0.594952 0.036058 0.021635
0 0.368990 0.639423 0.045673 0.024038
0 0.381010 0.675481 0.036058 0.019231
0 0.396635 0.692308 0.043269 0.014423
0 0.411058 0.724760 0.043269 0.021635
0 0.344952 0.513221 0.040865 0.021635
0 0.399038 0.707933 0.043269 0.016827
0 0.332933 0.575721 0.036058 0.016827
