0 0.611719 0.492188 0.010937 0.021875
0 0.643750 0.643750 0.012500 0.021875
0 0.678125 0.674219 0.015625 0.020313
0 0.700000 0.050000 0.015625 0.015625
0 0.718750 0.087500 0.021875 0.015625
0 0.737500 0.124219 0.021875 0.014063
0 0.758594 0.162500 0.023438 0.015625
0 0.773438 0.189844 0.018750 0.014063
0 0.834375 0.103125 0.021875 0.015625
0 0.850000 0.131250 0.025000 0.015625
0 0.865625 0.158594 0.021875 0.017188
0 0.881250 0.190625 0.025000 0.015625
0 0.906250 0.099219 0.021875 0.014063
0 0.930469 0.131250 0.020313 0.015625
0 0.940625 0.164062 0.018750 0.009375
