0 0.411058 0.171875 0.033654 0.021635
0 0.366587 0.248798 0.021635 0.021635
0 0.179087 0.348558 0.026442 0.024038
0 0.149038 0.443510 0.028846 0.026442
0 0.161058 0.461538 0.033654 0.019231
0 0.350962 0.573317 0.028846 0.021635
0 0.365385 0.561298 0.024038 0.021635
0 0.385817 0.546875 0.021635 0.021635
0 0.403846 0.537260 0.024038 0.021635
0 0.460337 0.645433 0.016827 0.021635
0 0.486779 0.662260 0.026442 0.016827
0 0.050481 0.929087 0.033654 0.026442
0 0.449519 0.942308 0.024038 0.024038
0 0.921875 0.030048 0.040865 0.021635
0 0.977163 0.338942 0.031250 0.043269
