0 0.173437 0.020313 0.031250 0.018750
0 0.015625 0.096094 0.015625 0.023438
0 0.356250 0.633594 0.018750 0.023438
0 0.194531 0.725000 0.020313 0.021875
0 0.369531 0.698438 0.017188 0.018750
0 0.382031 0.695312 0.017188 0.021875
0 0.382812 0.805469 0.018750 0.017188
0 0.509375 0.739844 0.012500 0.020313
0 0.460938 0.802344 0.015625 0.020313
0 0.473438 0.801562 0.012500 0.015625
0 0.474219 0.820312 0.017188 0.021875
0 0.780469 0.794531 0.017188 0.023438
0 0.803906 0.796875 0.017188 0.021875
0 0.826562 0.795312 0.015625 0.025000
0 0.804688 0.817969 0.015625 0.023438
0 0.825781 0.364844 0.017188 0.026562
0 0.824219 0.017969 0.026562 0.014063
0 0.825781 0.028125 0.026562 0.015625
0 0.826562 0.059375 0.025000 0.015625
0 0.825000 0.070312 0.025000 0.012500
0 0.825781 0.079687 0.026562 0.018750
0 0.825781 0.101562 0.029687 0.018750
0 0.825781 0.129688 0.020313 0.015625
0 0.824219 0.142187 0.023438 0.015625
