0 0.662500 0.862500 0.028125 0.015625
0 0.881250 0.398438 0.018750 0.021875
0 0.906250 0.399219 0.015625 0.023438
0 0.912500 0.442188 0.018750 0.021875
0 0.956250 0.403125 0.031250 0.015625
0 0.881250 0.150000 0.015625 0.025000
0 0.928125 0.136719 0.028125 0.026562
0 0.952344 0.130469 0.023438 0.017188
0 0.971094 0.117969 0.020313 0.014063
0 0.979688 0.107813 0.025000 0.018750
0 0.992188 0.093750 0.012500 0.012500
0 0.992969 0.084375 0.014063 0.009375
0 0.855469 0.024219 0.023438 0.020313
0 0.809375 0.117188 0.018750 0.018750
0 0.856250 0.080469 0.025000 0.017188
0 0.860938 0.061719 0.018750 0.020313
0 0.870313 0.053125 0.015625 0.015625
0 0.880469 0.049219 0.017188 0.017188
0 0.890625 0.043750 0.015625 0.015625
0 0.903125 0.040625 0.012500 0.021875
0 0.915625 0.042188 0.012500 0.021875
0 0.929688 0.036719 0.012500 0.020313
0 0.987500 0.007031 0.012500 0.010937
0 0.993750 0.014063 0.006250 0.015625
0 0.949219 0.062500 0.020313 0.015625
0 0.940625 0.071094 0.021875 0.020313
0 0.934375 0.078125 0.018750 0.018750
0 0.928125 0.085938 0.015625 0.018750
0 0.918750 0.092969 0.018750 0.020313
0 0.908594 0.099219 0.010937 0.020313
0 0.896875 0.102344 0.015625 0.020313
0 0.885938 0.103125 0.012500 0.018750
0 0.875000 0.102344 0.012500 0.017188
0 0.867969 0.103125 0.014063 0.018750
0 0.807813 0.046094 0.025000 0.014063
0 0.800000 0.055469 0.025000 0.010937
0 0.792969 0.065625 0.023438 0.009375
0 0.790625 0.074219 0.025000 0.014063
0 0.784375 0.084375 0.025000 0.009375
0 0.784375 0.096875 0.025000 0.012500
0 0.785937 0.106250 0.025000 0.015625
0 0.694531 0.671875 0.020313 0.018750
