0 0.881250 0.057813 0.015625 0.028125
0 0.737500 0.139063 0.018750 0.025000
0 0.893750 0.114844 0.009375 0.020313
0 0.903125 0.112500 0.015625 0.021875
0 0.907813 0.212500 0.015625 0.021875
0 0.978125 0.208594 0.012500 0.023438
0 0.987500 0.207813 0.012500 0.018750
0 0.989844 0.228125 0.010937 0.018750
0 0.906250 0.648438 0.025000 0.015625
0 0.964844 0.746094 0.020313 0.010937
0 0.854688 0.928125 0.018750 0.012500
0 0.871875 0.964063 0.021875 0.012500
0 0.893750 0.993750 0.021875 0.009375
0 0.971875 0.975000 0.025000 0.015625
0 0.237500 0.730469 0.015625 0.020313
0 0.189844 0.750000 0.017188 0.021875
0 0.154688 0.759375 0.015625 0.021875
0 0.136719 0.767188 0.017188 0.018750
0 0.126562 0.784375 0.021875 0.025000
0 0.099219 0.792969 0.017188 0.023438
0 0.114844 0.830469 0.020313 0.020313
0 0.176563 0.812500 0.021875 0.012500
0 0.271094 0.777344 0.020313 0.026562
0 0.328906 0.749219 0.020313 0.020313
