0 0.295312 0.184375 0.018750 0.021875
0 0.214844 0.238281 0.014063 0.020313
0 0.067187 0.244531 0.025000 0.014063
0 0.068750 0.256250 0.025000 0.015625
0 0.068750 0.268750 0.028125 0.018750
0 0.069531 0.287500 0.023438 0.015625
0 0.070312 0.300000 0.028125 0.018750
0 0.191406 0.284375 0.014063 0.018750
0 0.178125 0.281250 0.012500 0.021875
0 0.165625 0.280469 0.012500 0.020313
0 0.139844 0.282813 0.014063 0.018750
0 0.142187 0.301563 0.015625 0.018750
0 0.114844 0.301563 0.014063 0.021875
0 0.102344 0.346094 0.029687 0.010937
0 0.127344 0.355469 0.010937 0.020313
0 0.151562 0.353125 0.015625 0.021875
0 0.164844 0.353906 0.014063 0.017188
0 0.191406 0.350000 0.017188 0.018750
0 0.817187 0.305469 0.031250 0.017188
0 0.901563 0.444531 0.025000 0.014063
0 0.902344 0.457813 0.023438 0.012500
0 0.960156 0.302344 0.029687 0.010937
0 0.961719 0.312500 0.029687 0.009375
0 0.960156 0.323437 0.029687 0.009375
0 0.960938 0.347656 0.028125 0.010937
0 0.961719 0.360156 0.026562 0.010937
0 0.960938 0.371094 0.025000 0.007812
0 0.960156 0.380469 0.026562 0.010937
0 0.962500 0.389844 0.025000 0.010937
0 0.962500 0.398438 0.028125 0.009375
0 0.963281 0.407813 0.026562 0.012500
