0 0.653125 0.065625 0.028125 0.015625
0 0.881250 0.009375 0.025000 0.009375
0 0.886719 0.003906 0.020313 0.004687
0 0.562500 0.003906 0.025000 0.004687
0 0.283594 0.024219 0.026562 0.007812
0 0.308594 0.025000 0.023438 0.015625
0 0.342969 0.025000 0.039062 0.021875
0 0.086719 0.011719 0.026562 0.010937
0 0.117188 0.012500 0.031250 0.012500
0 0.102344 0.025000 0.035937 0.012500
0 0.071094 0.065625 0.014063 0.018750
0 0.078125 0.068750 0.012500 0.018750
0 0.087500 0.068750 0.015625 0.018750
0 0.103125 0.068750 0.015625 0.018750
0 0.120313 0.075000 0.009375 0.021875
0 0.140625 0.073438 0.015625 0.018750
0 0.334375 0.364844 0.025000 0.023438
0 0.234375 0.393750 0.025000 0.009375
0 0.333594 0.434375 0.017188 0.025000
0 0.346875 0.434375 0.021875 0.025000
0 0.368750 0.434375 0.018750 0.025000
0 0.383594 0.434375 0.020313 0.021875
0 0.250781 0.418750 0.026562 0.012500
0 0.939063 0.003906 0.034375 0.004687
0 0.938281 0.009375 0.032813 0.009375
