0 0.103365 0.027644 0.014423 0.021635
0 0.252404 0.036058 0.014423 0.019231
0 0.266827 0.045673 0.019231 0.019231
0 0.354567 0.051683 0.016827 0.016827
0 0.447115 0.044471 0.014423 0.026442
0 0.509615 0.038462 0.019231 0.028846
0 0.097356 0.361779 0.016827 0.021635
0 0.206731 0.324519 0.024038 0.024038
0 0.270433 0.306490 0.021635 0.021635
0 0.368990 0.262019 0.016827 0.019231
0 0.356971 0.270433 0.021635 0.021635
0 0.213942 0.519231 0.019231 0.028846
0 0.270433 0.534856 0.016827 0.026442
0 0.348558 0.569712 0.019231 0.019231
0 0.367788 0.558894 0.019231 0.026442
0 0.049279 0.840144 0.012019 0.021635
0 0.085337 0.832933 0.016827 0.016827
0 0.118990 0.912260 0.021635 0.012019
0 0.486779 0.691106 0.036058 0.016827
0 0.469952 0.706731 0.031250 0.019231
0 0.483173 0.722356 0.028846 0.016827
0 0.433894 0.777644 0.036058 0.012019
0 0.430288 0.792067 0.028846 0.012019
0 0.475962 0.847356 0.019231 0.021635
0 0.426683 0.897837 0.031250 0.012019
0 0.433894 0.912260 0.026442 0.007212
0 0.568510 0.813702 0.026442 0.016827
0 0.622596 0.748798 0.024038 0.021635
0 0.604567 0.665865 0.012019 0.028846
0 0.599760 0.975962 0.026442 0.019231
0 0.978365 0.858173 0.033654 0.014423
0 0.968750 0.965144 0.033654 0.016827
0 0.985577 0.979567 0.028846 0.016827
0 0.890625 0.513221 0.021635 0.021635
0 0.867788 0.515625 0.014423 0.021635
0 0.990385 0.474760 0.014423 0.016827
0 0.768029 0.524038 0.016827 0.019231
0 0.724760 0.455529 0.021635 0.012019
0 0.737981 0.462740 0.033654 0.016827
0 0.709135 0.412260 0.028846 0.012019
0 0.878606 0.427885 0.021635 0.019231
0 0.722356 0.365385 0.026442 0.019231
0 0.706731 0.337740 0.024038 0.016827
0 0.771635 0.319712 0.024038 0.019231
0 0.835337 0.262019 0.021635 0.024038
0 0.907452 0.231971 0.016827 0.021635
0 0.927885 0.224760 0.014423 0.016827
0 0.924279 0.256010 0.016827 0.021635
0 0.959135 0.287260 0.019231 0.021635
0 0.633413 0.711538 0.031250 0.019231
0 0.987981 0.918269 0.024038 0.014423
0 0.992788 0.844952 0.014423 0.012019
0 0.007212 0.372596 0.009615 0.024038
0 0.227163 0.325721 0.016827 0.021635
