0 0.225962 0.103365 0.028846 0.019231
0 0.540865 0.691106 0.033654 0.016827
0 0.487981 0.734375 0.038462 0.016827
0 0.536058 0.737981 0.048077 0.014423
0 0.722356 0.576923 0.045673 0.019231
0 0.710337 0.592548 0.036058 0.012019
0 0.710337 0.608173 0.040865 0.014423
0 0.713942 0.627404 0.043269 0.014423
0 0.707933 0.653846 0.040865 0.019231
0 0.817308 0.567308 0.033654 0.014423
0 0.858173 0.569712 0.033654 0.014423
0 0.812500 0.612981 0.028846 0.014423
0 0.810096 0.627404 0.038462 0.014423
0 0.854567 0.632212 0.036058 0.014423
0 0.808894 0.646635 0.036058 0.014423
0 0.963942 0.575721 0.033654 0.012019
0 0.962740 0.593750 0.040865 0.014423
0 0.950721 0.634615 0.036058 0.014423
0 0.951923 0.651442 0.038462 0.014423
0 0.823317 0.707933 0.045673 0.016827
0 0.757212 0.834135 0.038462 0.014423
0 0.754808 0.864183 0.033654 0.016827
0 0.746394 0.879808 0.031250 0.014423
0 0.748798 0.894231 0.036058 0.014423
0 0.748798 0.908654 0.036058 0.014423
0 0.860577 0.867788 0.033654 0.014423
0 0.854567 0.897837 0.031250 0.016827
0 0.900240 0.887019 0.040865 0.019231
0 0.987981 0.849760 0.024038 0.016827
