0 0.319531 0.354687 0.029687 0.021875
0 0.270313 0.353125 0.021875 0.018750
0 0.035937 0.296094 0.015625 0.020313
0 0.025781 0.295312 0.014063 0.018750
0 0.013281 0.296094 0.010937 0.020313
0 0.003125 0.296094 0.003125 0.020313
0 0.275781 0.619531 0.023438 0.017188
0 0.329688 0.752344 0.021875 0.010937
0 0.084375 0.805469 0.021875 0.010937
0 0.088281 0.812500 0.029687 0.006250
0 0.085156 0.821094 0.020313 0.010937
0 0.856250 0.728125 0.015625 0.021875
0 0.931250 0.422656 0.015625 0.017188
0 0.969531 0.507812 0.010937 0.021875
0 0.967969 0.550000 0.010937 0.018750
0 0.914062 0.801562 0.025000 0.015625
0 0.910156 0.811719 0.026562 0.010937
0 0.914062 0.820312 0.021875 0.015625
0 0.915625 0.832812 0.021875 0.012500
0 0.914844 0.842969 0.020313 0.010937
0 0.921094 0.856250 0.023438 0.012500
0 0.834375 0.851562 0.018750 0.018750
0 0.820312 0.016406 0.021875 0.007812
0 0.821094 0.025781 0.023438 0.014063
