0 0.813281 0.650781 0.023438 0.017188
0 0.813281 0.683594 0.023438 0.017188
0 0.801562 0.691406 0.021875 0.017188
0 0.796094 0.699219 0.023438 0.020313
0 0.779687 0.704688 0.021875 0.015625
0 0.769531 0.714844 0.023438 0.020313
0 0.762500 0.725781 0.025000 0.020313
0 0.749219 0.732812 0.017188 0.018750
0 0.736719 0.743750 0.020313 0.015625
0 0.721875 0.754687 0.021875 0.015625
0 0.715625 0.760156 0.021875 0.014063
0 0.822656 0.700781 0.023438 0.017188
0 0.809375 0.710938 0.021875 0.015625
0 0.796875 0.720313 0.025000 0.018750
0 0.787500 0.728125 0.021875 0.018750
0 0.781250 0.737500 0.025000 0.018750
0 0.767969 0.744531 0.026562 0.020313
0 0.750000 0.756250 0.025000 0.015625
0 0.740625 0.766406 0.021875 0.014063
0 0.734375 0.778125 0.021875 0.015625
0 0.721875 0.782031 0.018750 0.014063
0 0.707031 0.789062 0.026562 0.025000
0 0.607031 0.853906 0.023438 0.020313
0 0.597656 0.862500 0.017188 0.021875
0 0.591406 0.871094 0.017188 0.020313
0 0.582812 0.873437 0.015625 0.015625
0 0.578906 0.879687 0.017188 0.018750
0 0.568750 0.884375 0.018750 0.015625
0 0.562500 0.892188 0.018750 0.015625
0 0.557813 0.896875 0.018750 0.015625
0 0.551562 0.904687 0.018750 0.015625
0 0.540625 0.908594 0.018750 0.017188
0 0.533594 0.915625 0.017188 0.015625
0 0.527344 0.921875 0.020313 0.015625
0 0.518750 0.924219 0.018750 0.017188
0 0.511719 0.932031 0.020313 0.017188
0 0.503906 0.936719 0.023438 0.017188
0 0.497656 0.942187 0.020313 0.018750
0 0.490625 0.948438 0.025000 0.021875
0 0.480469 0.956250 0.017188 0.018750
0 0.474219 0.964063 0.020313 0.018750
0 0.465625 0.967969 0.021875 0.020313
0 0.458594 0.976562 0.020313 0.021875
0 0.452344 0.982031 0.020313 0.017188
0 0.443750 0.991406 0.018750 0.017188
0 0.431250 0.992188 0.015625 0.015625
0 0.638281 0.889062 0.017188 0.015625
0 0.629687 0.896875 0.021875 0.021875
0 0.613281 0.904687 0.026562 0.015625
0 0.600781 0.915625 0.020313 0.015625
0 0.592969 0.921875 0.017188 0.015625
0 0.586719 0.931250 0.020313 0.015625
0 0.579688 0.935156 0.025000 0.017188
0 0.573438 0.942969 0.025000 0.020313
0 0.562500 0.949219 0.021875 0.020313
0 0.554688 0.956250 0.018750 0.018750
0 0.548438 0.960938 0.018750 0.021875
0 0.540625 0.968750 0.021875 0.018750
0 0.533594 0.974219 0.020313 0.020313
0 0.525000 0.980469 0.018750 0.023438
0 0.517188 0.983594 0.021875 0.017188
0 0.507812 0.992188 0.021875 0.015625
0 0.660937 0.896875 0.021875 0.018750
0 0.653125 0.903906 0.018750 0.017188
0 0.641406 0.913281 0.014063 0.017188
0 0.628906 0.927344 0.023438 0.017188
0 0.613281 0.935156 0.026562 0.014063
0 0.610156 0.940625 0.020313 0.018750
0 0.599219 0.942187 0.023438 0.015625
0 0.592187 0.946875 0.025000 0.021875
0 0.580469 0.960938 0.020313 0.012500
0 0.567969 0.967187 0.026562 0.012500
0 0.567187 0.973437 0.021875 0.015625
0 0.557813 0.981250 0.021875 0.018750
0 0.549219 0.982031 0.023438 0.020313
0 0.546875 0.992188 0.018750 0.015625
