0 0.784375 0.080469 0.018750 0.020313
0 0.771875 0.093750 0.018750 0.021875
0 0.918750 0.384375 0.018750 0.018750
0 0.977344 0.415625 0.017188 0.021875
0 0.652344 0.346094 0.020313 0.020313
0 0.381250 0.403125 0.021875 0.018750
0 0.340625 0.437500 0.018750 0.015625
0 0.337500 0.446875 0.015625 0.015625
0 0.328125 0.453125 0.015625 0.015625
0 0.318750 0.459375 0.018750 0.018750
0 0.309375 0.464844 0.018750 0.014063
0 0.302344 0.468750 0.017188 0.018750
0 0.293750 0.477344 0.021875 0.017188
0 0.284375 0.483594 0.021875 0.017188
0 0.278125 0.490625 0.021875 0.018750
0 0.268750 0.496875 0.021875 0.018750
0 0.259375 0.503125 0.021875 0.018750
0 0.253125 0.510938 0.025000 0.018750
0 0.243750 0.517188 0.018750 0.015625
0 0.234375 0.521875 0.018750 0.018750
0 0.227344 0.528125 0.020313 0.021875
0 0.218750 0.533594 0.018750 0.014063
0 0.212500 0.540625 0.021875 0.018750
0 0.202344 0.548438 0.017188 0.015625
0 0.193750 0.554688 0.018750 0.015625
0 0.189844 0.561719 0.023438 0.020313
0 0.181250 0.568750 0.021875 0.018750
0 0.171875 0.574219 0.021875 0.020313
0 0.140625 0.603125 0.028125 0.021875
0 0.107813 0.680469 0.028125 0.020313
0 0.218750 0.693750 0.025000 0.015625
0 0.405469 0.473438 0.014063 0.021875
0 0.398438 0.478125 0.012500 0.018750
0 0.390625 0.487500 0.015625 0.018750
0 0.384375 0.493750 0.012500 0.018750
0 0.377344 0.500000 0.010937 0.021875
0 0.368750 0.508594 0.012500 0.020313
0 0.360938 0.512500 0.012500 0.021875
0 0.353125 0.521875 0.015625 0.018750
0 0.346094 0.526563 0.014063 0.018750
0 0.335938 0.533594 0.012500 0.017188
0 0.329688 0.539844 0.012500 0.017188
0 0.321875 0.546094 0.009375 0.017188
0 0.314063 0.552344 0.012500 0.017188
0 0.302344 0.556250 0.017188 0.025000
0 0.421094 0.483594 0.014063 0.020313
0 0.412500 0.490625 0.015625 0.018750
0 0.405469 0.499219 0.014063 0.017188
0 0.398438 0.506250 0.012500 0.015625
0 0.389844 0.512500 0.017188 0.018750
0 0.381250 0.518750 0.015625 0.015625
0 0.376563 0.525000 0.012500 0.015625
0 0.367188 0.531250 0.015625 0.018750
0 0.359375 0.540625 0.015625 0.018750
0 0.350000 0.542969 0.015625 0.017188
0 0.342969 0.550000 0.014063 0.021875
0 0.328125 0.562500 0.012500 0.018750
0 0.317188 0.568750 0.009375 0.015625
0 0.309375 0.575000 0.012500 0.015625
0 0.212500 0.628125 0.018750 0.021875
0 0.203125 0.634375 0.018750 0.018750
