0 0.674219 0.017188 0.020313 0.028125
0 0.693750 0.018750 0.018750 0.028125
0 0.428125 0.043750 0.031250 0.018750
0 0.419531 0.170313 0.029687 0.025000
0 0.816406 0.180469 0.032813 0.020313
0 0.818750 0.192969 0.031250 0.020313
0 0.817969 0.225781 0.032813 0.023438
0 0.815625 0.236719 0.031250 0.020313
0 0.817187 0.248438 0.031250 0.021875
0 0.818750 0.273438 0.031250 0.025000
0 0.817969 0.306250 0.026562 0.018750
0 0.815625 0.317969 0.031250 0.023438
0 0.816406 0.564063 0.017188 0.028125
0 0.295312 0.859375 0.015625 0.025000
0 0.113281 0.962500 0.026562 0.021875
0 0.309375 0.929688 0.018750 0.021875
0 0.325781 0.929688 0.017188 0.021875
0 0.466406 0.978125 0.017188 0.021875
0 0.817187 0.989062 0.021875 0.021875
