0 0.481250 0.464844 0.021875 0.010937
0 0.484375 0.475000 0.025000 0.009375
0 0.486719 0.485938 0.023438 0.009375
0 0.496875 0.500000 0.021875 0.015625
0 0.526563 0.509375 0.021875 0.012500
0 0.534375 0.528125 0.025000 0.015625
0 0.508594 0.521875 0.023438 0.015625
0 0.514844 0.534375 0.020313 0.009375
0 0.518750 0.542969 0.018750 0.007812
0 0.537500 0.574219 0.025000 0.010937
0 0.540625 0.583594 0.021875 0.007812
0 0.551562 0.606250 0.021875 0.015625
0 0.556250 0.618750 0.025000 0.012500
0 0.475000 0.656250 0.021875 0.015625
0 0.455469 0.604688 0.023438 0.012500
0 0.446875 0.593750 0.021875 0.009375
0 0.425000 0.542188 0.025000 0.015625
0 0.446094 0.550000 0.023438 0.012500
0 0.417969 0.595313 0.017188 0.012500
0 0.728125 0.952344 0.018750 0.029687
0 0.731250 0.864844 0.025000 0.010937
0 0.737500 0.874219 0.018750 0.007812
0 0.743750 0.881250 0.018750 0.012500
0 0.705469 0.896094 0.017188 0.023438
0 0.710938 0.925781 0.018750 0.026562
