0 0.345313 0.154688 0.021875 0.025000
0 0.336719 0.200781 0.020313 0.029687
0 0.356250 0.204687 0.015625 0.021875
0 0.339844 0.226562 0.020313 0.021875
0 0.356250 0.225781 0.015625 0.014063
0 0.371094 0.225781 0.014063 0.023438
0 0.395313 0.228125 0.015625 0.021875
0 0.369531 0.273438 0.020313 0.025000
0 0.394531 0.272656 0.010937 0.020313
0 0.433594 0.272656 0.023438 0.026562
0 0.425000 0.294531 0.015625 0.023438
0 0.409375 0.293750 0.015625 0.021875
0 0.393750 0.292969 0.012500 0.020313
0 0.358594 0.293750 0.014063 0.025000
0 0.342187 0.296875 0.015625 0.025000
0 0.345313 0.339844 0.021875 0.020313
0 0.347656 0.363281 0.020313 0.023438
0 0.371094 0.361719 0.017188 0.023438
0 0.412500 0.341406 0.012500 0.023438
0 0.423438 0.341406 0.012500 0.017188
0 0.462500 0.340625 0.015625 0.025000
0 0.435937 0.363281 0.018750 0.023438
0 0.362500 0.412500 0.018750 0.025000
0 0.364844 0.567187 0.017188 0.021875
0 0.203906 0.635938 0.017188 0.021875
0 0.187500 0.635938 0.015625 0.018750
0 0.169531 0.635156 0.020313 0.023438
0 0.011719 0.650781 0.020313 0.017188
0 0.012500 0.672656 0.021875 0.014063
0 0.011719 0.690625 0.020313 0.012500
0 0.011719 0.748437 0.020313 0.015625
0 0.035937 0.764062 0.025000 0.034375
0 0.071094 0.683594 0.017188 0.026562
0 0.085156 0.683594 0.014063 0.023438
0 0.101562 0.689063 0.018750 0.025000
0 0.115625 0.685937 0.015625 0.018750
0 0.126562 0.685937 0.012500 0.025000
0 0.138281 0.685156 0.017188 0.023438
0 0.152344 0.689063 0.014063 0.021875
0 0.165625 0.689063 0.015625 0.021875
0 0.176563 0.682813 0.012500 0.021875
0 0.191406 0.685156 0.017188 0.023438
0 0.089844 0.709375 0.020313 0.021875
0 0.121875 0.709375 0.021875 0.021875
0 0.137500 0.708594 0.018750 0.017188
0 0.847656 0.313281 0.026562 0.020313
