0 0.323437 0.405469 0.015625 0.020313
0 0.340625 0.409375 0.009375 0.018750
0 0.364844 0.400000 0.010937 0.018750
0 0.379688 0.411719 0.015625 0.026562
0 0.470313 0.398438 0.012500 0.015625
0 0.517188 0.434375 0.021875 0.009375
0 0.511719 0.517188 0.023438 0.012500
0 0.458594 0.550000 0.010937 0.021875
0 0.443750 0.550000 0.012500 0.018750
0 0.378125 0.528125 0.015625 0.021875
0 0.364063 0.528125 0.012500 0.015625
0 0.332813 0.543750 0.012500 0.018750
0 0.415625 0.553125 0.012500 0.015625
0 0.426563 0.557813 0.009375 0.018750
0 0.793750 0.409375 0.015625 0.015625
0 0.825000 0.408594 0.009375 0.017188
0 0.840625 0.407813 0.012500 0.021875
0 0.887500 0.407813 0.018750 0.021875
0 0.906250 0.407813 0.012500 0.018750
0 0.921875 0.411719 0.015625 0.023438
0 0.755469 0.429688 0.023438 0.012500
0 0.746875 0.484375 0.021875 0.009375
0 0.755469 0.496094 0.023438 0.010937
0 0.742188 0.533594 0.021875 0.010937
0 0.798438 0.550000 0.012500 0.025000
0 0.815625 0.550000 0.012500 0.021875
0 0.846094 0.558594 0.010937 0.014063
0 0.927344 0.558594 0.014063 0.017188
0 0.940625 0.548438 0.009375 0.021875
0 0.630469 0.737500 0.007812 0.018750
0 0.552344 0.773438 0.023438 0.015625
0 0.568750 0.796875 0.025000 0.012500
0 0.768750 0.758594 0.012500 0.017188
0 0.398438 0.764844 0.028125 0.010937
0 0.582812 0.773438 0.025000 0.012500
0 0.670312 0.778125 0.025000 0.009375
0 0.800000 0.786719 0.028125 0.014063
0 0.915625 0.912500 0.015625 0.021875
0 0.456250 0.856250 0.015625 0.012500
0 0.464844 0.852344 0.014063 0.014063
0 0.942187 0.010937 0.012500 0.018750
0 0.992969 0.013281 0.014063 0.023438
0 0.507812 0.457031 0.037500 0.014063
0 0.979688 0.435156 0.015625 0.020313
0 0.993750 0.437500 0.012500 0.021875
