0 0.974760 0.552885 0.036058 0.014423
0 0.802885 0.637019 0.019231 0.024038
0 0.763221 0.644231 0.021635 0.033654
0 0.606971 0.632212 0.021635 0.033654
0 0.929087 0.724760 0.021635 0.026442
0 0.883413 0.723558 0.021635 0.024038
0 0.881010 0.741587 0.021635 0.026442
0 0.804087 0.715144 0.021635 0.021635
0 0.786058 0.715144 0.024038 0.021635
0 0.740385 0.739183 0.019231 0.021635
0 0.723558 0.731971 0.024038 0.021635
0 0.679087 0.737981 0.021635 0.024038
0 0.662260 0.729567 0.021635 0.021635
0 0.646635 0.724760 0.024038 0.021635
0 0.818510 0.794471 0.021635 0.021635
0 0.710337 0.787260 0.021635 0.031250
0 0.693510 0.789663 0.026442 0.021635
0 0.616587 0.787260 0.026442 0.021635
0 0.575721 0.784856 0.021635 0.021635
0 0.554087 0.786058 0.021635 0.019231
0 0.361779 0.615385 0.016827 0.024038
0 0.338942 0.614183 0.009615 0.026442
0 0.318510 0.614183 0.016827 0.026442
0 0.304087 0.614183 0.016827 0.026442
0 0.411058 0.772837 0.028846 0.026442
0 0.372596 0.772837 0.024038 0.021635
0 0.364183 0.722356 0.026442 0.026442
0 0.302885 0.710337 0.024038 0.021635
0 0.552885 0.632212 0.019231 0.028846
0 0.349760 0.769231 0.021635 0.019231
0 0.675481 0.787260 0.024038 0.016827
0 0.840144 0.795673 0.021635 0.024038
0 0.009615 0.498798 0.014423 0.021635
0 0.323317 0.717548 0.021635 0.021635
0 0.457933 0.781250 0.021635 0.024038
0 0.234375 0.693510 0.026442 0.021635
