0 0.528906 0.014844 0.026562 0.010937
0 0.530469 0.023438 0.026562 0.012500
0 0.531250 0.033594 0.028125 0.010937
0 0.552344 0.082031 0.026562 0.020313
0 0.567969 0.103125 0.023438 0.015625
0 0.573438 0.114062 0.028125 0.015625
0 0.585938 0.130469 0.028125 0.017188
0 0.614844 0.157031 0.014063 0.023438
0 0.630469 0.158594 0.014063 0.023438
0 0.642969 0.155469 0.010937 0.020313
0 0.654687 0.154688 0.015625 0.021875
0 0.677344 0.155469 0.010937 0.020313
0 0.691406 0.153906 0.014063 0.020313
0 0.658594 0.198437 0.010937 0.021875
0 0.682031 0.197656 0.014063 0.020313
0 0.696094 0.195312 0.010937 0.018750
0 0.707812 0.195312 0.012500 0.018750
0 0.733594 0.191406 0.010937 0.023438
0 0.479687 0.075000 0.028125 0.015625
0 0.484375 0.086719 0.028125 0.010937
0 0.487500 0.095312 0.025000 0.012500
0 0.498437 0.110156 0.028125 0.014063
0 0.504687 0.119531 0.025000 0.014063
0 0.520312 0.143750 0.021875 0.015625
0 0.525781 0.152344 0.020313 0.014063
0 0.521875 0.168750 0.028125 0.015625
0 0.598437 0.273438 0.028125 0.015625
0 0.646094 0.289844 0.032813 0.032813
