0 0.334135 0.888221 0.043269 0.026442
0 0.319712 0.866587 0.043269 0.026442
0 0.284856 0.802885 0.036058 0.019231
0 0.272837 0.784856 0.040865 0.016827
0 0.262019 0.768029 0.038462 0.016827
0 0.197115 0.659856 0.028846 0.016827
0 0.225962 0.710337 0.028846 0.016827
0 0.241587 0.722356 0.036058 0.016827
0 0.247596 0.735577 0.038462 0.014423
0 0.254808 0.748798 0.033654 0.021635
0 0.304087 0.409856 0.026442 0.016827
0 0.362981 0.412260 0.033654 0.016827
0 0.503606 0.115385 0.021635 0.024038
0 0.711538 0.429087 0.028846 0.021635
0 0.848558 0.460337 0.028846 0.021635
0 0.141827 0.681490 0.028846 0.021635
0 0.376202 0.987981 0.036058 0.024038
