0 0.684375 0.334375 0.025000 0.021875
0 0.834375 0.249219 0.012500 0.023438
0 0.845313 0.307031 0.009375 0.014063
0 0.856250 0.306250 0.012500 0.018750
0 0.860156 0.406250 0.014063 0.021875
0 0.975781 0.347656 0.017188 0.023438
0 0.932031 0.403906 0.010937 0.020313
0 0.942187 0.403906 0.012500 0.020313
0 0.943750 0.423438 0.015625 0.018750
0 0.183594 0.942187 0.023438 0.018750
0 0.135937 0.957031 0.025000 0.023438
0 0.097656 0.967969 0.020313 0.017188
0 0.079687 0.975781 0.018750 0.014063
0 0.068750 0.992969 0.021875 0.014063
0 0.217188 0.985938 0.025000 0.025000
0 0.242969 0.976562 0.014063 0.012500
0 0.250781 0.963281 0.023438 0.014063
