0 0.537500 0.217969 0.031250 0.014063
0 0.541406 0.228906 0.029687 0.010937
0 0.536719 0.239844 0.026562 0.010937
0 0.537500 0.252344 0.034375 0.010937
0 0.603906 0.251563 0.026562 0.012500
0 0.600000 0.239844 0.021875 0.010937
0 0.524219 0.297656 0.014063 0.023438
0 0.509375 0.297656 0.015625 0.020313
0 0.469531 0.299219 0.020313 0.023438
0 0.442969 0.298438 0.017188 0.021875
0 0.428125 0.295312 0.015625 0.021875
0 0.428906 0.343750 0.017188 0.025000
0 0.454688 0.344531 0.018750 0.023438
0 0.492188 0.344531 0.015625 0.020313
0 0.520312 0.347656 0.018750 0.020313
0 0.546875 0.387500 0.025000 0.012500
0 0.548438 0.398438 0.028125 0.012500
0 0.546094 0.436719 0.020313 0.014063
0 0.549219 0.500000 0.035937 0.012500
0 0.698438 0.307812 0.015625 0.021875
0 0.712500 0.309375 0.015625 0.025000
0 0.728125 0.310156 0.015625 0.023438
0 0.693750 0.358594 0.015625 0.026562
0 0.721094 0.357812 0.017188 0.025000
0 0.739062 0.359375 0.015625 0.025000
0 0.764062 0.360938 0.018750 0.025000
0 0.819531 0.364844 0.017188 0.023438
0 0.678906 0.490625 0.014063 0.025000
0 0.707031 0.491406 0.017188 0.023438
0 0.721875 0.496094 0.015625 0.023438
0 0.775781 0.498437 0.020313 0.025000
0 0.832031 0.499219 0.020313 0.026562
0 0.865625 0.501563 0.015625 0.028125
0 0.878906 0.502344 0.010937 0.020313
0 0.903906 0.505469 0.020313 0.026562
0 0.728125 0.548438 0.018750 0.021875
0 0.783594 0.549219 0.014063 0.023438
0 0.800781 0.550000 0.014063 0.025000
0 0.816406 0.553125 0.014063 0.021875
0 0.831250 0.551562 0.012500 0.025000
0 0.895312 0.557813 0.015625 0.021875
0 0.550781 0.563281 0.032813 0.014063
0 0.436719 0.613281 0.014063 0.026562
0 0.451562 0.614062 0.012500 0.021875
0 0.468750 0.615625 0.018750 0.025000
0 0.483594 0.614844 0.014063 0.023438
0 0.854688 0.684375 0.021875 0.012500
0 0.946094 0.683594 0.029687 0.017188
0 0.939844 0.725000 0.026562 0.018750
0 0.696094 0.757031 0.029687 0.014063
0 0.691406 0.767188 0.026562 0.009375
0 0.692187 0.778906 0.028125 0.010937
0 0.692187 0.788281 0.034375 0.010937
0 0.689844 0.798438 0.029687 0.012500
0 0.685937 0.818750 0.028125 0.012500
0 0.685937 0.828906 0.031250 0.010937
0 0.683594 0.838281 0.029687 0.010937
0 0.685937 0.849219 0.034375 0.014063
0 0.684375 0.867188 0.034375 0.015625
0 0.682031 0.887500 0.029687 0.012500
0 0.681250 0.896875 0.028125 0.015625
0 0.679688 0.908594 0.028125 0.010937
0 0.748437 0.898438 0.031250 0.009375
0 0.814844 0.962500 0.020313 0.025000
0 0.841406 0.967969 0.017188 0.020313
0 0.880469 0.977344 0.020313 0.023438
0 0.902344 0.981250 0.017188 0.025000
0 0.853125 0.751563 0.021875 0.012500
