0 0.381010 0.147837 0.016827 0.036058
0 0.225962 0.256010 0.019231 0.031250
0 0.278846 0.258413 0.024038 0.026442
0 0.300481 0.258413 0.019231 0.026442
0 0.319712 0.260817 0.024038 0.026442
0 0.237981 0.336538 0.019231 0.028846
0 0.257212 0.337740 0.019231 0.031250
0 0.292067 0.347356 0.021635 0.026442
0 0.314904 0.340144 0.019231 0.021635
0 0.372596 0.335337 0.024038 0.026442
0 0.396635 0.346154 0.024038 0.028846
0 0.037260 0.918269 0.045673 0.024038
0 0.936298 0.649038 0.040865 0.019231
0 0.977163 0.650240 0.040865 0.026442
