0 0.367969 0.307812 0.026562 0.012500
0 0.414844 0.363281 0.029687 0.017188
0 0.709375 0.525781 0.018750 0.020313
0 0.721875 0.531250 0.012500 0.018750
0 0.678906 0.464844 0.020313 0.017188
0 0.933594 0.722656 0.023438 0.014063
0 0.573438 0.845313 0.021875 0.012500
0 0.571094 0.835156 0.020313 0.007812
0 0.571094 0.826562 0.023438 0.009375
0 0.573438 0.817969 0.021875 0.007812
0 0.578906 0.811719 0.020313 0.010937
0 0.583594 0.799219 0.023438 0.014063
0 0.591406 0.791406 0.020313 0.014063
0 0.652344 0.751563 0.020313 0.015625
0 0.663281 0.744531 0.014063 0.014063
0 0.674219 0.743750 0.017188 0.015625
0 0.685156 0.742969 0.014063 0.017188
0 0.697656 0.743750 0.010937 0.015625
0 0.710156 0.742969 0.014063 0.017188
0 0.722656 0.741406 0.010937 0.020313
0 0.735938 0.747656 0.009375 0.020313
0 0.746875 0.750000 0.012500 0.015625
0 0.754687 0.755469 0.015625 0.014063
0 0.763281 0.762500 0.014063 0.012500
0 0.771875 0.768750 0.015625 0.012500
0 0.775781 0.780469 0.020313 0.010937
0 0.778906 0.791406 0.020313 0.007812
0 0.778125 0.801562 0.021875 0.006250
0 0.776563 0.810156 0.021875 0.007812
0 0.773438 0.818750 0.025000 0.009375
0 0.767969 0.826562 0.026562 0.009375
0 0.764062 0.834375 0.021875 0.012500
0 0.748437 0.846875 0.021875 0.012500
0 0.741406 0.857031 0.023438 0.014063
0 0.722656 0.866406 0.020313 0.017188
0 0.703906 0.875000 0.026562 0.018750
0 0.659375 0.887500 0.018750 0.025000
0 0.635156 0.823438 0.020313 0.012500
0 0.641406 0.805469 0.017188 0.017188
0 0.650781 0.798438 0.014063 0.018750
0 0.658594 0.792969 0.014063 0.023438
0 0.668750 0.790625 0.012500 0.018750
0 0.677344 0.786719 0.010937 0.017188
0 0.688281 0.785937 0.010937 0.018750
0 0.703125 0.783594 0.012500 0.020313
0 0.651563 0.844531 0.015625 0.020313
0 0.664844 0.842187 0.010937 0.021875
0 0.674219 0.842969 0.014063 0.020313
0 0.684375 0.839063 0.015625 0.018750
0 0.692187 0.834375 0.018750 0.021875
0 0.700781 0.828125 0.017188 0.018750
0 0.707031 0.823438 0.017188 0.018750
0 0.714063 0.814844 0.018750 0.017188
0 0.719531 0.807813 0.020313 0.018750
0 0.264844 0.871875 0.020313 0.025000
