0 0.978906 0.282031 0.020313 0.023438
0 0.882031 0.299219 0.023438 0.026562
0 0.847656 0.300000 0.026562 0.025000
0 0.781250 0.228125 0.015625 0.015625
0 0.793750 0.285156 0.018750 0.017188
0 0.799219 0.300000 0.020313 0.021875
0 0.978906 0.350000 0.026562 0.015625
0 0.981250 0.365625 0.025000 0.009375
0 0.946094 0.356250 0.026562 0.009375
0 0.945312 0.369531 0.031250 0.010937
0 0.910156 0.372656 0.032813 0.017188
0 0.880469 0.378125 0.023438 0.012500
0 0.844531 0.385156 0.029687 0.014063
0 0.795312 0.389844 0.031250 0.014063
0 0.732031 0.401562 0.035937 0.015625
0 0.289844 0.358594 0.023438 0.020313
0 0.144531 0.363281 0.029687 0.014063
0 0.165625 0.400781 0.034375 0.020313
0 0.117969 0.462500 0.032813 0.012500
0 0.710938 0.541406 0.031250 0.051562
0 0.739062 0.541406 0.028125 0.057813
0 0.960938 0.759375 0.018750 0.025000
0 0.927344 0.801562 0.023438 0.025000
0 0.532031 0.825781 0.026562 0.014063
