0 0.941406 0.563281 0.020313 0.020313
0 0.105469 0.654687 0.026562 0.012500
0 0.110937 0.662500 0.025000 0.009375
0 0.115625 0.671875 0.028125 0.012500
0 0.152344 0.738281 0.029687 0.014063
0 0.045312 0.724219 0.025000 0.014063
0 0.021094 0.728125 0.026562 0.015625
0 0.078125 0.770312 0.025000 0.012500
0 0.095312 0.820312 0.025000 0.012500
0 0.165625 0.763281 0.043750 0.023438
0 0.183594 0.792188 0.032813 0.018750
0 0.677344 0.769531 0.023438 0.020313
0 0.875781 0.629687 0.017188 0.018750
0 0.585938 0.847656 0.021875 0.017188
