0 0.553125 0.024219 0.028125 0.023438
0 0.552344 0.050000 0.039062 0.018750
0 0.511719 0.093750 0.029687 0.018750
0 0.698438 0.034375 0.031250 0.021875
0 0.681250 0.059375 0.025000 0.015625
0 0.637500 0.112500 0.034375 0.025000
0 0.985938 0.200000 0.028125 0.015625
0 0.967969 0.208594 0.026562 0.014063
0 0.987500 0.136719 0.025000 0.014063
0 0.978125 0.246875 0.028125 0.015625
0 0.111719 0.140625 0.020313 0.025000
0 0.192969 0.140625 0.020313 0.025000
0 0.225000 0.136719 0.015625 0.026562
0 0.249219 0.203125 0.023438 0.009375
0 0.065625 0.292187 0.021875 0.021875
0 0.078125 0.292969 0.025000 0.023438
0 0.193750 0.287500 0.021875 0.025000
0 0.546875 0.150000 0.015625 0.034375
0 0.503125 0.192188 0.025000 0.015625
0 0.509375 0.298438 0.028125 0.015625
0 0.537500 0.251563 0.021875 0.025000
0 0.668750 0.248438 0.031250 0.025000
0 0.690625 0.264844 0.025000 0.023438
0 0.740625 0.346875 0.025000 0.025000
0 0.718750 0.358594 0.025000 0.029687
0 0.706250 0.367969 0.021875 0.023438
0 0.659375 0.409375 0.025000 0.021875
0 0.642188 0.411719 0.025000 0.023438
0 0.971875 0.356250 0.040625 0.018750
0 0.932813 0.668750 0.031250 0.012500
0 0.923438 0.690625 0.028125 0.015625
0 0.387500 0.648438 0.037500 0.015625
0 0.299219 0.665625 0.029687 0.018750
0 0.318750 0.552344 0.028125 0.017188
0 0.950000 0.830469 0.028125 0.020313
0 0.886719 0.896875 0.032813 0.021875
0 0.705469 0.846875 0.032813 0.018750
0 0.462500 0.887500 0.028125 0.012500
