0 0.767969 0.120313 0.010937 0.021875
0 0.756250 0.121875 0.015625 0.021875
0 0.742188 0.121094 0.015625 0.017188
0 0.766406 0.157812 0.014063 0.021875
0 0.753125 0.154688 0.012500 0.021875
0 0.739062 0.155469 0.015625 0.017188
0 0.714063 0.156250 0.015625 0.025000
0 0.627344 0.278906 0.014063 0.017188
0 0.602344 0.261719 0.014063 0.020313
0 0.588281 0.260937 0.014063 0.021875
0 0.565625 0.263281 0.015625 0.017188
0 0.635156 0.321094 0.020313 0.020313
0 0.599219 0.324219 0.014063 0.023438
0 0.583594 0.328125 0.014063 0.025000
0 0.568750 0.324219 0.015625 0.017188
0 0.630469 0.344531 0.026562 0.014063
0 0.640625 0.352344 0.025000 0.010937
0 0.553125 0.336719 0.025000 0.020313
0 0.567187 0.356250 0.012500 0.018750
0 0.542188 0.349219 0.025000 0.014063
0 0.542188 0.357812 0.025000 0.012500
0 0.545312 0.368750 0.031250 0.009375
0 0.541406 0.373437 0.026562 0.012500
0 0.542188 0.388281 0.025000 0.010937
0 0.536719 0.401562 0.020313 0.012500
0 0.537500 0.412500 0.018750 0.012500
0 0.539062 0.422656 0.021875 0.014063
0 0.538281 0.435156 0.020313 0.014063
0 0.536719 0.444531 0.023438 0.010937
0 0.535156 0.457031 0.026562 0.017188
0 0.592969 0.417969 0.029687 0.010937
0 0.632812 0.431250 0.021875 0.012500
0 0.634375 0.442969 0.018750 0.017188
0 0.620313 0.447656 0.012500 0.020313
0 0.637500 0.465625 0.015625 0.012500
0 0.748437 0.448437 0.028125 0.012500
0 0.752344 0.460156 0.023438 0.010937
0 0.754687 0.471094 0.021875 0.007812
0 0.758594 0.478906 0.023438 0.010937
0 0.631250 0.495312 0.018750 0.018750
0 0.621875 0.508594 0.018750 0.017188
0 0.597656 0.508594 0.023438 0.023438
0 0.535937 0.485938 0.021875 0.015625
0 0.537500 0.497656 0.018750 0.017188
0 0.538281 0.514062 0.017188 0.012500
0 0.978125 0.500000 0.031250 0.018750
0 0.786719 0.532813 0.029687 0.012500
0 0.783594 0.544531 0.029687 0.014063
0 0.525000 0.578906 0.034375 0.014063
0 0.349219 0.609375 0.032813 0.012500
0 0.485938 0.364063 0.028125 0.015625
0 0.478906 0.457031 0.029687 0.014063
0 0.478906 0.465625 0.026562 0.012500
0 0.474219 0.475781 0.026562 0.007812
0 0.477344 0.494531 0.032813 0.014063
0 0.426563 0.407031 0.025000 0.010937
0 0.422656 0.418750 0.026562 0.009375
0 0.422656 0.455469 0.020313 0.010937
0 0.313281 0.346875 0.029687 0.012500
0 0.310937 0.358594 0.028125 0.007812
0 0.305469 0.372656 0.029687 0.010937
0 0.304688 0.383594 0.025000 0.007812
0 0.301563 0.394531 0.025000 0.010937
0 0.301563 0.403906 0.021875 0.007812
0 0.305469 0.411719 0.026562 0.007812
0 0.305469 0.421875 0.026562 0.006250
0 0.303125 0.429688 0.025000 0.012500
0 0.255469 0.330469 0.026562 0.010937
0 0.253125 0.342187 0.028125 0.009375
0 0.254688 0.351562 0.034375 0.015625
0 0.250781 0.367969 0.023438 0.010937
0 0.250000 0.380469 0.025000 0.010937
0 0.249219 0.390625 0.026562 0.009375
0 0.247656 0.400781 0.026562 0.010937
0 0.246094 0.417187 0.026562 0.009375
0 0.171094 0.431250 0.023438 0.015625
0 0.102344 0.334375 0.023438 0.012500
0 0.107031 0.348438 0.023438 0.009375
0 0.110156 0.357031 0.023438 0.007812
0 0.109375 0.366406 0.021875 0.007812
0 0.110156 0.378906 0.023438 0.007812
0 0.110937 0.387500 0.025000 0.009375
0 0.110156 0.396094 0.023438 0.007812
0 0.103125 0.423438 0.021875 0.012500
0 0.101562 0.451562 0.021875 0.012500
0 0.102344 0.463281 0.026562 0.010937
0 0.053125 0.310937 0.012500 0.015625
0 0.056250 0.424219 0.018750 0.026562
0 0.050781 0.477344 0.017188 0.020313
0 0.067969 0.594531 0.023438 0.014063
0 0.078125 0.607812 0.012500 0.015625
0 0.095312 0.595313 0.012500 0.015625
0 0.019531 0.325781 0.023438 0.010937
0 0.017969 0.339062 0.023438 0.009375
0 0.021094 0.354687 0.023438 0.009375
0 0.021875 0.365625 0.028125 0.006250
0 0.017188 0.375781 0.028125 0.007812
0 0.016406 0.386719 0.026562 0.007812
0 0.016406 0.405469 0.023438 0.010937
0 0.014844 0.421094 0.023438 0.010937
0 0.015625 0.449219 0.018750 0.014063
0 0.011719 0.493750 0.020313 0.018750
0 0.009375 0.510938 0.015625 0.018750
0 0.010937 0.552344 0.018750 0.023438
0 0.010156 0.579688 0.017188 0.021875
0 0.016406 0.614844 0.017188 0.020313
