0 0.117188 0.128906 0.012500 0.017188
0 0.101562 0.567969 0.015625 0.017188
0 0.027344 0.803906 0.010937 0.023438
0 0.110156 0.820312 0.014063 0.018750
0 0.062500 0.985938 0.021875 0.015625
0 0.363281 0.827344 0.020313 0.010937
0 0.362500 0.841406 0.018750 0.014063
0 0.360938 0.860156 0.021875 0.014063
0 0.365625 0.906250 0.025000 0.012500
0 0.382812 0.917188 0.012500 0.018750
0 0.725000 0.077344 0.012500 0.017188
0 0.698438 0.044531 0.012500 0.017188
0 0.745313 0.081250 0.009375 0.015625
0 0.833594 0.079687 0.017188 0.015625
0 0.726562 0.101562 0.012500 0.015625
0 0.647656 0.411719 0.010937 0.020313
0 0.640625 0.447656 0.012500 0.017188
0 0.655469 0.447656 0.010937 0.017188
0 0.642969 0.471875 0.007812 0.015625
0 0.653906 0.467969 0.010937 0.017188
0 0.666406 0.470313 0.010937 0.015625
0 0.688281 0.467969 0.010937 0.014063
0 0.667969 0.508594 0.010937 0.017188
0 0.689063 0.507812 0.009375 0.012500
0 0.721094 0.508594 0.010937 0.020313
0 0.640625 0.527344 0.012500 0.017188
0 0.656250 0.529687 0.009375 0.015625
0 0.688281 0.524219 0.010937 0.017188
0 0.701562 0.527344 0.009375 0.017188
0 0.711719 0.525781 0.007812 0.020313
0 0.742969 0.526563 0.010937 0.015625
0 0.641406 0.564844 0.010937 0.017188
0 0.655469 0.564063 0.010937 0.018750
0 0.688281 0.564844 0.010937 0.014063
0 0.700781 0.564844 0.010937 0.010937
0 0.711719 0.565625 0.007812 0.012500
0 0.746094 0.565625 0.010937 0.015625
0 0.668750 0.582031 0.006250 0.014063
0 0.679688 0.582031 0.012500 0.014063
0 0.722656 0.584375 0.014063 0.018750
0 0.657031 0.621094 0.010937 0.014063
0 0.657031 0.757031 0.014063 0.017188
0 0.764062 0.745313 0.018750 0.012500
0 0.643750 0.801562 0.015625 0.012500
0 0.495312 0.813281 0.009375 0.014063
0 0.509375 0.816406 0.012500 0.014063
0 0.523438 0.814844 0.012500 0.017188
0 0.428125 0.828906 0.021875 0.010937
0 0.453906 0.828906 0.026562 0.007812
0 0.487500 0.828906 0.025000 0.010937
0 0.414844 0.854688 0.007812 0.018750
0 0.425781 0.853906 0.007812 0.020313
0 0.435156 0.855469 0.014063 0.020313
0 0.443750 0.852344 0.012500 0.017188
0 0.457813 0.853906 0.009375 0.020313
0 0.466406 0.854688 0.010937 0.012500
0 0.481250 0.856250 0.012500 0.015625
0 0.493750 0.857812 0.009375 0.018750
0 0.504687 0.853906 0.009375 0.010937
0 0.515625 0.857812 0.009375 0.018750
0 0.424219 0.873437 0.007812 0.018750
0 0.456250 0.877344 0.009375 0.017188
0 0.464062 0.878906 0.009375 0.017188
0 0.474219 0.878125 0.007812 0.012500
0 0.253906 0.695312 0.020313 0.009375
0 0.254688 0.650000 0.021875 0.006250
0 0.254688 0.641406 0.021875 0.007812
0 0.255469 0.629687 0.020313 0.006250
0 0.255469 0.623437 0.023438 0.006250
0 0.255469 0.613281 0.020313 0.010937
0 0.254688 0.603125 0.018750 0.006250
0 0.255469 0.595313 0.020313 0.009375
0 0.252344 0.580469 0.020313 0.010937
