0 0.426563 0.008594 0.021875 0.014063
0 0.348438 0.054688 0.015625 0.021875
0 0.359375 0.058594 0.015625 0.017188
0 0.375781 0.060937 0.020313 0.018750
0 0.400000 0.060937 0.012500 0.018750
0 0.413281 0.060937 0.017188 0.018750
0 0.442188 0.048438 0.015625 0.021875
0 0.457813 0.049219 0.015625 0.014063
0 0.511719 0.052344 0.017188 0.020313
0 0.509375 0.067969 0.015625 0.017188
0 0.468750 0.067187 0.021875 0.021875
0 0.454688 0.065625 0.015625 0.018750
0 0.385156 0.103125 0.020313 0.021875
0 0.332031 0.097656 0.017188 0.020313
0 0.727344 0.238281 0.023438 0.014063
0 0.757812 0.086719 0.015625 0.017188
0 0.792969 0.089063 0.017188 0.018750
0 0.803125 0.090625 0.015625 0.018750
0 0.814844 0.090625 0.017188 0.025000
0 0.829688 0.092188 0.015625 0.018750
0 0.843750 0.091406 0.018750 0.023438
0 0.808594 0.334375 0.010937 0.015625
0 0.826562 0.516406 0.021875 0.010937
0 0.843750 0.518750 0.021875 0.012500
0 0.821094 0.525781 0.020313 0.010937
0 0.821094 0.535156 0.020313 0.010937
0 0.844531 0.527344 0.023438 0.010937
0 0.842187 0.534375 0.028125 0.009375
0 0.842187 0.544531 0.021875 0.014063
0 0.482031 0.499219 0.020313 0.007812
0 0.477344 0.507031 0.023438 0.010937
0 0.478906 0.531250 0.023438 0.012500
0 0.404687 0.495312 0.021875 0.015625
0 0.428906 0.496875 0.023438 0.012500
0 0.354687 0.500000 0.025000 0.012500
0 0.350781 0.507812 0.026562 0.012500
0 0.351562 0.517188 0.025000 0.009375
0 0.403906 0.518750 0.023438 0.009375
0 0.401562 0.526563 0.025000 0.009375
0 0.425000 0.528906 0.021875 0.007812
0 0.403125 0.535937 0.025000 0.009375
0 0.410156 0.568750 0.026562 0.009375
0 0.128125 0.475000 0.018750 0.018750
0 0.128906 0.497656 0.017188 0.014063
0 0.375000 0.635938 0.018750 0.012500
0 0.375781 0.650781 0.017188 0.007812
0 0.371094 0.664844 0.017188 0.010937
0 0.371875 0.673438 0.021875 0.006250
0 0.452344 0.638281 0.023438 0.014063
0 0.427344 0.650781 0.023438 0.010937
0 0.450781 0.661719 0.026562 0.014063
0 0.428125 0.669531 0.025000 0.010937
0 0.047656 0.905469 0.017188 0.017188
0 0.084375 0.902344 0.018750 0.010937
0 0.345313 0.872656 0.021875 0.010937
0 0.345313 0.882812 0.021875 0.009375
0 0.340625 0.889062 0.025000 0.009375
0 0.340625 0.897656 0.025000 0.010937
0 0.333594 0.917188 0.023438 0.012500
0 0.328906 0.929688 0.020313 0.009375
0 0.328906 0.939844 0.017188 0.007812
0 0.327344 0.948438 0.023438 0.009375
0 0.413281 0.867188 0.020313 0.006250
0 0.414062 0.875000 0.021875 0.009375
0 0.410156 0.882031 0.029687 0.007812
0 0.407813 0.892969 0.025000 0.007812
0 0.397656 0.919531 0.023438 0.007812
0 0.392188 0.934375 0.021875 0.009375
0 0.392188 0.945312 0.025000 0.009375
0 0.365625 0.946875 0.015625 0.015625
0 0.714063 0.646875 0.021875 0.012500
0 0.713281 0.662500 0.017188 0.009375
0 0.713281 0.673438 0.023438 0.009375
0 0.764062 0.664844 0.021875 0.010937
0 0.784375 0.659375 0.025000 0.015625
0 0.832031 0.671094 0.026562 0.014063
0 0.759375 0.682031 0.018750 0.007812
0 0.756250 0.689844 0.021875 0.010937
0 0.781250 0.692969 0.028125 0.010937
0 0.835156 0.696094 0.020313 0.010937
0 0.994531 0.764062 0.010937 0.021875
0 0.988281 0.814844 0.010937 0.023438
0 0.975000 0.866406 0.015625 0.023438
0 0.939063 0.885156 0.012500 0.020313
0 0.780469 0.882031 0.010937 0.017188
0 0.791406 0.882812 0.014063 0.018750
0 0.761719 0.271094 0.014063 0.020313
