0 0.652344 0.515625 0.029687 0.015625
0 0.718750 0.637500 0.034375 0.021875
0 0.802344 0.628125 0.029687 0.018750
0 0.856250 0.733594 0.031250 0.014063
0 0.965625 0.712500 0.034375 0.018750
0 0.568750 0.859375 0.034375 0.018750
0 0.590625 0.903125 0.034375 0.021875
0 0.608594 0.943750 0.029687 0.015625
0 0.635938 0.989844 0.028125 0.014063
0 0.709375 0.917969 0.034375 0.026562
0 0.727344 0.950000 0.032813 0.015625
0 0.742969 0.984375 0.032813 0.015625
0 0.798438 0.911719 0.034375 0.020313
0 0.823438 0.950000 0.037500 0.025000
0 0.836719 0.987500 0.029687 0.015625
0 0.759375 0.007031 0.025000 0.010937
