0 0.851562 0.092969 0.018750 0.023438
0 0.809375 0.140625 0.021875 0.021875
0 0.806250 0.190625 0.018750 0.021875
0 0.784375 0.207813 0.018750 0.025000
0 0.746875 0.229687 0.015625 0.025000
0 0.757812 0.323437 0.015625 0.018750
0 0.706250 0.372656 0.015625 0.023438
0 0.703125 0.461719 0.015625 0.029687
0 0.717969 0.614844 0.010937 0.020313
0 0.725781 0.682031 0.010937 0.026562
0 0.678906 0.742188 0.010937 0.028125
0 0.686719 0.796875 0.014063 0.028125
0 0.707031 0.869531 0.014063 0.026562
0 0.330469 0.101562 0.010937 0.018750
0 0.401562 0.101562 0.012500 0.018750
0 0.429688 0.103125 0.015625 0.015625
0 0.452344 0.107813 0.014063 0.018750
0 0.468750 0.109375 0.015625 0.018750
0 0.481250 0.109375 0.009375 0.015625
0 0.491406 0.109375 0.017188 0.021875
0 0.504687 0.109375 0.012500 0.021875
0 0.520312 0.110937 0.012500 0.018750
0 0.544531 0.111719 0.014063 0.020313
0 0.558594 0.111719 0.010937 0.020313
0 0.584375 0.114062 0.015625 0.018750
0 0.611719 0.151562 0.020313 0.018750
0 0.550781 0.147656 0.010937 0.020313
0 0.563281 0.149219 0.014063 0.023438
0 0.539844 0.146875 0.010937 0.021875
0 0.527344 0.143750 0.014063 0.021875
0 0.388281 0.141406 0.014063 0.023438
0 0.423438 0.257812 0.015625 0.025000
0 0.348438 0.217188 0.012500 0.025000
0 0.370312 0.217969 0.009375 0.023438
0 0.423438 0.220312 0.012500 0.015625
0 0.440625 0.219531 0.015625 0.020313
0 0.328906 0.249219 0.007812 0.020313
0 0.342187 0.253906 0.012500 0.023438
0 0.359375 0.257031 0.012500 0.023438
