0 0.581731 0.162260 0.028846 0.021635
0 0.606971 0.147837 0.021635 0.026442
0 0.629808 0.138221 0.024038 0.021635
0 0.680288 0.128606 0.024038 0.031250
0 0.054087 0.465144 0.021635 0.021635
0 0.074519 0.469952 0.014423 0.021635
0 0.092548 0.469952 0.021635 0.021635
0 0.144231 0.481971 0.019231 0.021635
0 0.163462 0.481971 0.019231 0.021635
0 0.191106 0.489183 0.021635 0.026442
0 0.270433 0.492788 0.031250 0.019231
0 0.311298 0.500000 0.036058 0.024038
0 0.344952 0.503606 0.031250 0.021635
0 0.397837 0.512019 0.036058 0.024038
0 0.455529 0.522837 0.026442 0.016827
0 0.484375 0.524038 0.031250 0.019231
0 0.522837 0.534856 0.036058 0.021635
0 0.646635 0.554087 0.033654 0.021635
0 0.692308 0.564904 0.038462 0.019231
0 0.736779 0.569712 0.036058 0.019231
0 0.018029 0.391827 0.021635 0.024038
