0 0.631250 0.023438 0.025000 0.012500
0 0.777344 0.030469 0.029687 0.010937
0 0.746094 0.087500 0.029687 0.009375
0 0.743750 0.099219 0.025000 0.007812
0 0.818750 0.100000 0.028125 0.015625
0 0.867188 0.104688 0.018750 0.012500
0 0.864844 0.089844 0.020313 0.010937
0 0.792969 0.112500 0.020313 0.015625
0 0.815625 0.121875 0.025000 0.018750
0 0.793750 0.130469 0.021875 0.010937
0 0.740625 0.112500 0.021875 0.009375
0 0.737500 0.128125 0.021875 0.009375
0 0.737500 0.134375 0.025000 0.009375
0 0.714844 0.330469 0.023438 0.010937
0 0.710938 0.340625 0.025000 0.009375
0 0.709375 0.349219 0.021875 0.010937
0 0.708594 0.356250 0.023438 0.012500
0 0.700000 0.374219 0.021875 0.010937
0 0.700000 0.383594 0.021875 0.010937
0 0.699219 0.389844 0.023438 0.010937
0 0.696094 0.399219 0.020313 0.007812
0 0.692969 0.407813 0.029687 0.009375
0 0.778125 0.328125 0.025000 0.009375
0 0.778125 0.336719 0.021875 0.007812
0 0.774219 0.342969 0.023438 0.010937
0 0.774219 0.350000 0.023438 0.009375
0 0.762500 0.377344 0.025000 0.010937
0 0.759375 0.393750 0.021875 0.006250
0 0.758594 0.400000 0.020313 0.009375
0 0.706250 0.492969 0.015625 0.020313
0 0.677344 0.595313 0.023438 0.009375
0 0.675000 0.603125 0.021875 0.009375
0 0.727344 0.605469 0.026562 0.010937
0 0.746875 0.615625 0.028125 0.015625
0 0.748437 0.624219 0.025000 0.010937
0 0.746875 0.634375 0.025000 0.009375
0 0.725000 0.621875 0.021875 0.009375
0 0.725000 0.633594 0.018750 0.010937
0 0.671875 0.652344 0.025000 0.014063
0 0.725000 0.656250 0.025000 0.012500
0 0.746094 0.650000 0.023438 0.009375
0 0.917188 0.717969 0.025000 0.014063
0 0.559375 0.671875 0.031250 0.015625
0 0.530469 0.671875 0.020313 0.012500
0 0.505469 0.668750 0.023438 0.009375
0 0.367969 0.660937 0.023438 0.009375
0 0.342969 0.659375 0.020313 0.009375
0 0.254688 0.653125 0.028125 0.012500
0 0.134375 0.696875 0.021875 0.018750
0 0.340625 0.311719 0.021875 0.007812
0 0.336719 0.325000 0.020313 0.009375
0 0.337500 0.334375 0.025000 0.006250
0 0.335938 0.346875 0.018750 0.009375
0 0.335938 0.364844 0.018750 0.010937
0 0.333594 0.374219 0.020313 0.007812
0 0.408594 0.361719 0.010937 0.017188
0 0.421094 0.364063 0.014063 0.015625
0 0.449219 0.364063 0.010937 0.015625
0 0.462500 0.364844 0.015625 0.020313
0 0.269531 0.867188 0.023438 0.012500
0 0.553125 0.960156 0.015625 0.023438
