0 0.556250 0.009375 0.025000 0.015625
0 0.612500 0.109375 0.025000 0.012500
0 0.681250 0.107813 0.025000 0.015625
0 0.723437 0.189844 0.021875 0.014063
0 0.831250 0.174219 0.021875 0.017188
0 0.487500 0.293750 0.021875 0.009375
0 0.503125 0.331250 0.018750 0.015625
0 0.525000 0.367969 0.028125 0.017188
0 0.562500 0.405469 0.028125 0.014063
0 0.574219 0.434375 0.023438 0.012500
0 0.603125 0.343750 0.025000 0.009375
0 0.621094 0.371875 0.026562 0.015625
0 0.649219 0.400000 0.026562 0.012500
0 0.667188 0.431250 0.025000 0.015625
0 0.675000 0.339062 0.025000 0.015625
0 0.714844 0.376563 0.026562 0.015625
0 0.727344 0.406250 0.020313 0.012500
