0 0.653846 0.061298 0.038462 0.021635
0 0.712740 0.131010 0.021635 0.031250
0 0.038462 0.551683 0.038462 0.016827
0 0.081731 0.554087 0.038462 0.016827
0 0.037260 0.592548 0.040865 0.007212
0 0.036058 0.612981 0.038462 0.014423
0 0.075721 0.615385 0.040865 0.014423
0 0.036058 0.631010 0.038462 0.016827
0 0.183894 0.554087 0.040865 0.016827
0 0.179087 0.570913 0.045673 0.016827
0 0.177885 0.615385 0.038462 0.014423
0 0.176683 0.632212 0.036058 0.014423
0 0.044471 0.689904 0.040865 0.014423
0 0.084135 0.848558 0.028846 0.014423
0 0.121394 0.865385 0.040865 0.019231
0 0.082933 0.879808 0.031250 0.014423
0 0.222356 0.830529 0.031250 0.016827
0 0.219952 0.800481 0.031250 0.014423
0 0.621394 0.835337 0.040865 0.016827
0 0.615385 0.865385 0.028846 0.014423
0 0.616587 0.881010 0.036058 0.016827
0 0.758413 0.865385 0.040865 0.019231
0 0.721154 0.872596 0.043269 0.024038
0 0.709135 0.907452 0.033654 0.016827
0 0.747596 0.929087 0.038462 0.016827
0 0.849760 0.882212 0.050481 0.019231
0 0.854567 0.929087 0.040865 0.016827
0 0.830529 0.610577 0.031250 0.014423
0 0.829327 0.622596 0.033654 0.009615
0 0.865385 0.612981 0.028846 0.014423
0 0.866587 0.628606 0.031250 0.012019
0 0.865385 0.643029 0.038462 0.016827
0 0.123798 0.820913 0.055288 0.016827
0 0.984375 0.171875 0.031250 0.021635
