0 0.277644 0.200721 0.040865 0.031250
0 0.066106 0.275240 0.045673 0.031250
0 0.076923 0.228365 0.038462 0.028846
0 0.125000 0.233173 0.033654 0.024038
0 0.092548 0.213942 0.040865 0.028846
0 0.143029 0.218750 0.031250 0.024038
0 0.115385 0.195913 0.033654 0.026442
0 0.110577 0.251202 0.033654 0.026442
0 0.139423 0.169471 0.033654 0.026442
0 0.170673 0.191106 0.033654 0.026442
0 0.165865 0.159856 0.038462 0.026442
0 0.197115 0.185096 0.033654 0.024038
0 0.210337 0.161058 0.026442 0.024038
0 0.182692 0.143029 0.033654 0.026442
0 0.229567 0.150240 0.036058 0.026442
0 0.253606 0.138221 0.031250 0.021635
0 0.199519 0.129808 0.043269 0.028846
0 0.240385 0.099760 0.043269 0.031250
0 0.276442 0.121394 0.033654 0.026442
0 0.223558 0.112981 0.038462 0.028846
0 0.257212 0.087740 0.043269 0.031250
