0 0.180469 0.030469 0.020313 0.017188
0 0.152344 0.181250 0.020313 0.018750
0 0.191406 0.138281 0.014063 0.014063
0 0.177344 0.154688 0.014063 0.018750
0 0.176563 0.178125 0.012500 0.018750
0 0.180469 0.212500 0.020313 0.015625
0 0.193750 0.171875 0.009375 0.015625
0 0.192969 0.192969 0.017188 0.017188
0 0.228125 0.078125 0.025000 0.015625
0 0.364844 0.050000 0.026562 0.009375
0 0.517969 0.056250 0.026562 0.012500
0 0.602344 0.040625 0.029687 0.015625
0 0.681250 0.027344 0.025000 0.010937
0 0.706250 0.008594 0.025000 0.014063
0 0.308594 0.187500 0.017188 0.018750
0 0.356250 0.184375 0.015625 0.018750
0 0.370312 0.184375 0.015625 0.018750
0 0.253125 0.530469 0.021875 0.020313
0 0.299219 0.600000 0.020313 0.018750
0 0.506250 0.690625 0.034375 0.025000
0 0.418750 0.734375 0.018750 0.018750
0 0.760938 0.959375 0.021875 0.018750
0 0.783594 0.996094 0.020313 0.007812
0 0.956250 0.934375 0.025000 0.012500
0 0.825000 0.959375 0.021875 0.012500
0 0.571875 0.993750 0.025000 0.009375
0 0.657031 0.117969 0.023438 0.010937
0 0.655469 0.107031 0.023438 0.010937
0 0.658594 0.265625 0.014063 0.018750
0 0.730469 0.414844 0.023438 0.010937
0 0.680469 0.406250 0.023438 0.009375
0 0.700000 0.459375 0.015625 0.021875
0 0.587500 0.398438 0.015625 0.018750
0 0.568750 0.402344 0.012500 0.017188
0 0.554688 0.400000 0.015625 0.021875
0 0.534375 0.403125 0.021875 0.015625
0 0.981250 0.031250 0.025000 0.015625
0 0.981250 0.017188 0.021875 0.015625
0 0.918750 0.006250 0.018750 0.009375
0 0.550000 0.682813 0.028125 0.015625
0 0.200000 0.071094 0.025000 0.014063
0 0.180469 0.006250 0.017188 0.009375
0 0.314063 0.014063 0.015625 0.015625
0 0.331250 0.007031 0.015625 0.010937
0 0.581250 0.089063 0.031250 0.012500
0 0.600000 0.356250 0.012500 0.015625
0 0.581250 0.361719 0.009375 0.014063
0 0.556250 0.361719 0.015625 0.010937
0 0.537500 0.364063 0.015625 0.015625
0 0.506250 0.367969 0.015625 0.017188
0 0.487500 0.371875 0.015625 0.015625
0 0.098437 0.160938 0.018750 0.015625
0 0.092969 0.170313 0.020313 0.015625
0 0.083594 0.178906 0.020313 0.014063
