0 0.014063 0.349219 0.015625 0.020313
0 0.807813 0.273438 0.025000 0.015625
0 0.807813 0.284375 0.021875 0.018750
0 0.806250 0.314063 0.028125 0.018750
0 0.805469 0.324219 0.026562 0.017188
0 0.806250 0.334375 0.021875 0.018750
0 0.806250 0.383594 0.028125 0.017188
0 0.803125 0.393750 0.025000 0.015625
0 0.807813 0.611719 0.015625 0.023438
0 0.349219 0.871875 0.014063 0.021875
0 0.187500 0.964063 0.018750 0.018750
0 0.359375 0.934375 0.015625 0.018750
0 0.374219 0.934375 0.020313 0.018750
0 0.496875 0.975000 0.015625 0.015625
0 0.782813 0.971875 0.015625 0.018750
0 0.806250 0.986719 0.018750 0.020313
