0 0.278125 0.149219 0.034375 0.017188
0 0.306250 0.181250 0.028125 0.012500
0 0.308594 0.193750 0.032813 0.012500
0 0.314844 0.206250 0.039062 0.015625
0 0.325000 0.224219 0.028125 0.014063
0 0.333594 0.234375 0.029687 0.018750
0 0.364063 0.234375 0.025000 0.018750
0 0.376563 0.260937 0.031250 0.015625
0 0.333594 0.246875 0.029687 0.009375
0 0.340625 0.258594 0.034375 0.017188
0 0.348438 0.270313 0.031250 0.015625
0 0.352344 0.275000 0.023438 0.012500
0 0.358594 0.290625 0.029687 0.012500
0 0.380469 0.318750 0.035937 0.018750
0 0.379688 0.333594 0.028125 0.014063
0 0.387500 0.343750 0.028125 0.012500
0 0.393750 0.353125 0.034375 0.015625
0 0.396875 0.364844 0.034375 0.010937
0 0.405469 0.375000 0.042188 0.015625
0 0.234375 0.281250 0.031250 0.015625
0 0.261719 0.290625 0.035937 0.018750
0 0.223438 0.346094 0.018750 0.020313
0 0.261719 0.346094 0.035937 0.014063
0 0.268750 0.358594 0.031250 0.014063
0 0.302344 0.427344 0.032813 0.014063
0 0.589063 0.730469 0.025000 0.026562
0 0.618750 0.802344 0.025000 0.026562
0 0.625000 0.689844 0.028125 0.017188
0 0.634375 0.702344 0.028125 0.014063
0 0.640625 0.712500 0.034375 0.009375
0 0.871875 0.604688 0.031250 0.031250
0 0.605469 0.771094 0.032813 0.039062
