0 0.088281 0.235937 0.029687 0.012500
0 0.071875 0.271875 0.031250 0.012500
0 0.183594 0.277344 0.029687 0.014063
0 0.307812 0.249219 0.028125 0.010937
0 0.233594 0.388281 0.020313 0.023438
0 0.686719 0.474219 0.017188 0.014063
0 0.675000 0.596094 0.018750 0.020313
0 0.642969 0.598437 0.017188 0.018750
0 0.631250 0.603906 0.015625 0.020313
0 0.617188 0.607031 0.018750 0.020313
0 0.603125 0.604688 0.015625 0.021875
0 0.570312 0.604688 0.015625 0.015625
0 0.991406 0.422656 0.017188 0.014063
0 0.988281 0.371875 0.017188 0.009375
0 0.989062 0.432812 0.015625 0.012500
0 0.989844 0.459375 0.020313 0.015625
0 0.989062 0.521094 0.021875 0.017188
0 0.474219 0.609375 0.020313 0.018750
0 0.331250 0.786719 0.018750 0.014063
0 0.325000 0.805469 0.028125 0.014063
0 0.390625 0.786719 0.025000 0.010937
0 0.387500 0.796094 0.025000 0.010937
0 0.371875 0.849219 0.025000 0.014063
0 0.546094 0.794531 0.014063 0.017188
0 0.560156 0.796094 0.014063 0.017188
0 0.585938 0.797656 0.015625 0.020313
0 0.618750 0.796094 0.015625 0.014063
0 0.632812 0.795312 0.012500 0.015625
0 0.659375 0.807031 0.015625 0.023438
0 0.696094 0.821875 0.023438 0.009375
0 0.700781 0.854688 0.023438 0.009375
0 0.703906 0.875781 0.023438 0.007812
0 0.688281 0.930469 0.029687 0.017188
0 0.661719 0.961719 0.020313 0.017188
0 0.647656 0.958594 0.014063 0.020313
0 0.575781 0.957031 0.020313 0.010937
0 0.578125 0.967969 0.025000 0.017188
0 0.404687 0.934375 0.018750 0.025000
0 0.343750 0.984375 0.021875 0.021875
