0 0.370312 0.088281 0.018750 0.026562
0 0.332813 0.085156 0.015625 0.026562
0 0.318750 0.082812 0.012500 0.021875
0 0.294531 0.086719 0.017188 0.026562
0 0.064062 0.137500 0.015625 0.021875
0 0.129688 0.146875 0.015625 0.021875
0 0.190625 0.147656 0.015625 0.023438
0 0.279687 0.150781 0.012500 0.020313
0 0.439844 0.185156 0.032813 0.017188
0 0.435156 0.269531 0.026562 0.014063
0 0.432812 0.309375 0.025000 0.012500
0 0.427344 0.322656 0.023438 0.010937
0 0.432812 0.335156 0.025000 0.010937
0 0.428125 0.363281 0.028125 0.010937
0 0.016406 0.259375 0.026562 0.012500
0 0.013281 0.293750 0.020313 0.012500
0 0.032813 0.453125 0.012500 0.018750
0 0.019531 0.463281 0.014063 0.020313
0 0.089063 0.488281 0.028125 0.010937
0 0.074219 0.519531 0.017188 0.017188
0 0.083594 0.540625 0.020313 0.021875
0 0.103906 0.532031 0.023438 0.045312
0 0.115625 0.539062 0.015625 0.018750
0 0.155469 0.534375 0.014063 0.025000
0 0.221094 0.552344 0.014063 0.020313
0 0.235156 0.540625 0.014063 0.025000
0 0.274219 0.547656 0.014063 0.023438
0 0.353125 0.552344 0.015625 0.023438
0 0.298438 0.470313 0.015625 0.021875
0 0.320312 0.468750 0.009375 0.018750
0 0.332813 0.471875 0.018750 0.021875
0 0.767188 0.693750 0.021875 0.031250
0 0.104688 0.760156 0.025000 0.026562
0 0.133594 0.744531 0.020313 0.017188
0 0.149219 0.738281 0.023438 0.020313
0 0.231250 0.768750 0.025000 0.012500
0 0.242969 0.780469 0.023438 0.017188
0 0.280469 0.945312 0.026562 0.015625
0 0.269531 0.977344 0.026562 0.017188
0 0.903906 0.722656 0.032813 0.020313
0 0.994531 0.786719 0.010937 0.023438
0 0.925781 0.977344 0.032813 0.020313
