0 0.427344 0.062500 0.029687 0.018750
0 0.268750 0.256250 0.025000 0.015625
0 0.271094 0.273438 0.026562 0.015625
0 0.268750 0.290625 0.025000 0.015625
0 0.256250 0.415625 0.025000 0.015625
0 0.252344 0.437500 0.026562 0.018750
0 0.249219 0.467969 0.023438 0.014063
0 0.251563 0.485938 0.021875 0.012500
0 0.246875 0.578125 0.025000 0.018750
0 0.239063 0.603125 0.018750 0.012500
0 0.239063 0.619531 0.021875 0.007812
0 0.240625 0.626563 0.021875 0.009375
0 0.239844 0.635156 0.023438 0.007812
0 0.239063 0.642969 0.025000 0.007812
