0 0.501563 0.027344 0.025000 0.014063
0 0.480469 0.012500 0.023438 0.012500
0 0.246875 0.077344 0.034375 0.020313
0 0.361719 0.149219 0.026562 0.026562
0 0.221875 0.152344 0.025000 0.017188
0 0.212500 0.158594 0.021875 0.017188
0 0.131250 0.234375 0.025000 0.018750
0 0.050000 0.255469 0.031250 0.020313
0 0.031250 0.271875 0.031250 0.021875
0 0.117969 0.403125 0.029687 0.021875
0 0.900000 0.312500 0.028125 0.025000
0 0.949219 0.360938 0.029687 0.021875
0 0.950000 0.378125 0.025000 0.018750
0 0.964063 0.442969 0.031250 0.023438
0 0.902344 0.487500 0.029687 0.025000
0 0.858594 0.314063 0.026562 0.018750
0 0.830469 0.325000 0.023438 0.015625
0 0.792969 0.364844 0.017188 0.017188
0 0.765625 0.392969 0.028125 0.020313
0 0.793750 0.107813 0.021875 0.025000
0 0.527344 0.403125 0.023438 0.018750
0 0.512500 0.407813 0.021875 0.018750
0 0.503125 0.418750 0.021875 0.018750
0 0.450000 0.470313 0.028125 0.015625
0 0.368750 0.503125 0.034375 0.021875
0 0.348438 0.505469 0.025000 0.017188
0 0.325000 0.533594 0.028125 0.017188
0 0.287500 0.586719 0.028125 0.020313
0 0.345313 0.620313 0.028125 0.028125
0 0.836719 0.642969 0.032813 0.020313
0 0.812500 0.667969 0.034375 0.020313
0 0.902344 0.689063 0.023438 0.015625
0 0.829688 0.759375 0.034375 0.021875
0 0.796875 0.865625 0.025000 0.025000
0 0.784375 0.870313 0.025000 0.018750
0 0.782813 0.781250 0.015625 0.028125
0 0.610938 0.856250 0.021875 0.021875
0 0.642188 0.878125 0.018750 0.021875
0 0.662500 0.887500 0.021875 0.021875
0 0.675000 0.900000 0.021875 0.021875
0 0.459375 0.637500 0.025000 0.021875
0 0.627344 0.798438 0.029687 0.015625
