0 0.107813 0.078906 0.015625 0.026562
0 0.073438 0.202344 0.025000 0.014063
0 0.072656 0.211719 0.023438 0.010937
0 0.070312 0.266406 0.031250 0.014063
0 0.132812 0.214844 0.031250 0.014063
0 0.159375 0.226562 0.028125 0.015625
0 0.160938 0.236719 0.025000 0.010937
0 0.160156 0.247656 0.026562 0.010937
0 0.158594 0.264062 0.029687 0.012500
0 0.132812 0.233594 0.021875 0.010937
0 0.131250 0.243750 0.025000 0.012500
0 0.132031 0.270313 0.032813 0.015625
0 0.361719 0.346875 0.029687 0.018750
0 0.489063 0.264844 0.031250 0.014063
0 0.486719 0.278125 0.029687 0.012500
0 0.485156 0.292187 0.032813 0.015625
0 0.553906 0.226562 0.023438 0.012500
0 0.579688 0.228906 0.028125 0.014063
0 0.551562 0.236719 0.028125 0.014063
0 0.544531 0.256250 0.023438 0.012500
0 0.543750 0.266406 0.025000 0.010937
0 0.544531 0.278125 0.026562 0.012500
0 0.804688 0.096094 0.012500 0.020313
0 0.806250 0.117969 0.015625 0.023438
0 0.796875 0.193750 0.015625 0.025000
0 0.796094 0.216406 0.017188 0.020313
0 0.791406 0.242188 0.014063 0.025000
0 0.838281 0.156250 0.014063 0.025000
0 0.702344 0.334375 0.026562 0.012500
0 0.664844 0.363281 0.029687 0.014063
