0 0.349760 0.721154 0.016827 0.024038
0 0.373798 0.557692 0.016827 0.028846
0 0.355769 0.582933 0.019231 0.026442
0 0.111779 0.748798 0.016827 0.026442
0 0.056490 0.631010 0.026442 0.016827
0 0.088942 0.633413 0.033654 0.016827
0 0.137019 0.574519 0.019231 0.028846
0 0.030048 0.176683 0.016827 0.026442
0 0.014423 0.165865 0.014423 0.024038
0 0.085337 0.290865 0.016827 0.028846
0 0.103365 0.286058 0.019231 0.028846
0 0.237981 0.229567 0.038462 0.021635
0 0.188702 0.242788 0.031250 0.024038
0 0.198317 0.266827 0.021635 0.019231
0 0.212740 0.260817 0.021635 0.021635
0 0.243990 0.137019 0.031250 0.014423
0 0.204327 0.061298 0.019231 0.026442
0 0.247596 0.038462 0.033654 0.014423
