0 0.698438 0.174219 0.028125 0.017188
0 0.767969 0.300000 0.023438 0.018750
0 0.854688 0.298438 0.031250 0.015625
0 0.912500 0.403125 0.021875 0.015625
0 0.924219 0.414844 0.023438 0.017188
0 0.611719 0.534375 0.035937 0.025000
0 0.637500 0.580469 0.031250 0.017188
0 0.656250 0.625000 0.028125 0.018750
0 0.683594 0.671875 0.023438 0.021875
0 0.703125 0.709375 0.028125 0.018750
0 0.762500 0.596875 0.031250 0.025000
0 0.780469 0.633594 0.032813 0.023438
0 0.796875 0.668750 0.028125 0.018750
0 0.815625 0.706250 0.028125 0.018750
0 0.850000 0.590625 0.031250 0.021875
0 0.877344 0.634375 0.029687 0.015625
0 0.893750 0.675000 0.028125 0.015625
