0 0.709135 0.570913 0.033654 0.093750
0 0.427885 0.209135 0.043269 0.014423
0 0.431490 0.222356 0.040865 0.012019
0 0.427885 0.237981 0.038462 0.014423
0 0.427885 0.271635 0.038462 0.014423
0 0.429087 0.287260 0.040865 0.012019
0 0.427885 0.304087 0.038462 0.012019
0 0.431490 0.319712 0.040865 0.014423
0 0.429087 0.332933 0.040865 0.012019
0 0.429087 0.346154 0.040865 0.014423
0 0.433894 0.360577 0.040865 0.014423
0 0.347356 0.412260 0.036058 0.012019
0 0.346154 0.429087 0.033654 0.012019
0 0.234375 0.241587 0.045673 0.016827
0 0.230769 0.212740 0.048077 0.026442
