0 0.272837 0.403846 0.026442 0.009615
0 0.318510 0.366587 0.031250 0.016827
0 0.448317 0.317308 0.031250 0.014423
0 0.450721 0.302885 0.036058 0.014423
0 0.448317 0.337740 0.040865 0.012019
0 0.533654 0.272837 0.033654 0.012019
0 0.567308 0.272837 0.028846 0.012019
0 0.530048 0.305288 0.026442 0.014423
0 0.530048 0.332933 0.036058 0.012019
0 0.561298 0.320913 0.036058 0.012019
0 0.525240 0.318510 0.031250 0.012019
0 0.646635 0.276442 0.024038 0.009615
0 0.540865 0.383413 0.033654 0.012019
0 0.490385 0.471154 0.033654 0.014423
0 0.491587 0.485577 0.031250 0.014423
0 0.490385 0.507212 0.028846 0.014423
0 0.474760 0.519231 0.026442 0.009615
0 0.475962 0.527644 0.028846 0.007212
0 0.475962 0.537260 0.028846 0.012019
0 0.599760 0.489183 0.036058 0.012019
0 0.568510 0.507212 0.026442 0.014423
0 0.599760 0.522837 0.031250 0.012019
0 0.567308 0.534856 0.024038 0.012019
0 0.679087 0.491587 0.026442 0.012019
0 0.679087 0.471154 0.031250 0.014423
0 0.055288 0.887019 0.014423 0.024038
0 0.040865 0.888221 0.014423 0.021635
0 0.444712 0.835337 0.033654 0.012019
0 0.443510 0.849760 0.026442 0.012019
0 0.438702 0.864183 0.031250 0.012019
0 0.430288 0.873798 0.028846 0.007212
0 0.425481 0.903846 0.024038 0.009615
0 0.420673 0.912260 0.024038 0.012019
0 0.420673 0.927885 0.024038 0.009615
0 0.412260 0.941106 0.021635 0.012019
0 0.546875 0.835337 0.031250 0.012019
0 0.539663 0.847356 0.031250 0.012019
0 0.537260 0.855769 0.026442 0.009615
0 0.537260 0.866587 0.026442 0.012019
0 0.522837 0.911058 0.031250 0.009615
0 0.513221 0.932692 0.021635 0.009615
0 0.506010 0.944712 0.021635 0.009615
0 0.506010 0.959135 0.026442 0.009615
0 0.169471 0.537260 0.026442 0.012019
0 0.348558 0.409856 0.024038 0.012019
0 0.115385 0.344952 0.024038 0.007212
0 0.225962 0.272837 0.014423 0.021635
0 0.163462 0.114183 0.014423 0.021635
0 0.449519 0.289663 0.024038 0.012019
0 0.640625 0.287260 0.040865 0.012019
0 0.635817 0.335337 0.021635 0.012019
0 0.989183 0.525240 0.021635 0.012019
0 0.638221 0.326923 0.021635 0.009615
0 0.115385 0.628606 0.024038 0.007212
0 0.109375 0.679087 0.021635 0.007212
0 0.022837 0.885817 0.016827 0.021635
0 0.573317 0.094952 0.016827 0.026442
0 0.989183 0.500000 0.021635 0.014423
0 0.987981 0.536058 0.024038 0.009615
