0 0.455469 0.017188 0.026562 0.018750
0 0.431250 0.048438 0.025000 0.018750
0 0.434375 0.072656 0.028125 0.010937
0 0.528906 0.021094 0.026562 0.017188
0 0.527344 0.046875 0.023438 0.009375
0 0.527344 0.057813 0.026562 0.009375
0 0.795312 0.088281 0.025000 0.023438
0 0.943750 0.090625 0.018750 0.025000
0 0.953906 0.149219 0.023438 0.014063
0 0.973437 0.282031 0.028125 0.014063
0 0.975781 0.353906 0.023438 0.017188
0 0.835156 0.303906 0.020313 0.023438
0 0.832031 0.327344 0.014063 0.017188
0 0.850781 0.375781 0.026562 0.023438
0 0.883594 0.382812 0.026562 0.015625
0 0.907031 0.429688 0.026562 0.021875
0 0.846094 0.429688 0.023438 0.018750
0 0.796875 0.386719 0.018750 0.017188
0 0.787500 0.365625 0.062500 0.037500
0 0.782813 0.335156 0.025000 0.014063
0 0.778125 0.307812 0.028125 0.015625
0 0.785937 0.296094 0.025000 0.014063
0 0.789844 0.240625 0.032813 0.018750
0 0.785937 0.226562 0.025000 0.015625
0 0.312500 0.257812 0.021875 0.015625
0 0.305469 0.268750 0.029687 0.015625
0 0.273438 0.321875 0.021875 0.012500
0 0.285156 0.329688 0.023438 0.015625
0 0.325781 0.389062 0.029687 0.015625
0 0.496875 0.352344 0.021875 0.017188
0 0.073438 0.186719 0.025000 0.014063
0 0.016406 0.163281 0.026562 0.017188
0 0.303125 0.612500 0.025000 0.021875
