0 0.638221 0.109375 0.026442 0.026442
0 0.379808 0.215144 0.019231 0.021635
0 0.771635 0.283654 0.028846 0.014423
0 0.740385 0.381010 0.028846 0.016827
0 0.725962 0.414663 0.028846 0.016827
0 0.780048 0.929087 0.021635 0.016827
0 0.775240 0.966346 0.016827 0.024038
0 0.795673 0.966346 0.024038 0.024038
0 0.818510 0.966346 0.021635 0.024038
0 0.552885 0.772837 0.033654 0.016827
0 0.616587 0.774038 0.036058 0.014423
0 0.658654 0.751202 0.033654 0.016827
0 0.016827 0.295673 0.028846 0.024038
0 0.052885 0.695913 0.024038 0.016827
0 0.215144 0.920673 0.031250 0.014423
0 0.212740 0.933894 0.036058 0.016827
