0 0.032813 0.040625 0.025000 0.021875
0 0.078906 0.087500 0.023438 0.021875
0 0.090625 0.132812 0.021875 0.025000
0 0.200000 0.250000 0.021875 0.028125
0 0.191406 0.275000 0.017188 0.028125
0 0.246094 0.327344 0.017188 0.017188
0 0.249219 0.385156 0.017188 0.020313
0 0.271875 0.446875 0.021875 0.031250
0 0.247656 0.525000 0.014063 0.031250
0 0.278125 0.566406 0.015625 0.020313
0 0.262500 0.607031 0.015625 0.023438
0 0.250000 0.750000 0.021875 0.028125
0 0.239844 0.606250 0.014063 0.021875
0 0.222656 0.623437 0.017188 0.028125
0 0.232031 0.677344 0.020313 0.029687
