0 0.927344 0.227344 0.035937 0.010937
0 0.990625 0.178906 0.018750 0.026562
0 0.926562 0.245312 0.031250 0.018750
0 0.850781 0.665625 0.010937 0.021875
0 0.837500 0.667969 0.012500 0.020313
0 0.825000 0.666406 0.009375 0.017188
0 0.849219 0.703125 0.010937 0.025000
0 0.835156 0.702344 0.014063 0.020313
0 0.820312 0.703125 0.012500 0.025000
0 0.796875 0.700781 0.012500 0.023438
0 0.707812 0.810937 0.015625 0.021875
0 0.684375 0.798438 0.015625 0.018750
0 0.670312 0.797656 0.012500 0.020313
0 0.649219 0.795312 0.020313 0.021875
0 0.714844 0.853125 0.014063 0.021875
0 0.707812 0.875781 0.025000 0.014063
0 0.721094 0.883594 0.023438 0.010937
0 0.678906 0.856250 0.010937 0.025000
0 0.665625 0.861719 0.015625 0.023438
0 0.650781 0.853125 0.020313 0.021875
0 0.635938 0.871875 0.025000 0.021875
0 0.649219 0.886719 0.017188 0.023438
0 0.671875 0.945312 0.028125 0.015625
0 0.823438 0.975781 0.025000 0.010937
0 0.828125 0.985938 0.021875 0.012500
0 0.712500 0.958594 0.018750 0.017188
0 0.712500 0.969531 0.018750 0.020313
0 0.711719 0.989844 0.026562 0.020313
0 0.627344 0.889844 0.020313 0.007812
0 0.626563 0.897656 0.021875 0.010937
0 0.625781 0.907031 0.026562 0.010937
0 0.622656 0.918750 0.023438 0.009375
0 0.621875 0.930469 0.021875 0.017188
0 0.621094 0.940625 0.020313 0.012500
0 0.620313 0.950000 0.021875 0.015625
0 0.619531 0.961719 0.026562 0.017188
0 0.617969 0.971094 0.026562 0.017188
0 0.617969 0.984375 0.026562 0.018750
0 0.578906 0.901563 0.026562 0.012500
0 0.575000 0.957812 0.021875 0.012500
0 0.571875 0.992188 0.025000 0.009375
0 0.521094 0.944531 0.026562 0.010937
0 0.521094 0.956250 0.023438 0.012500
0 0.518750 0.973437 0.025000 0.015625
0 0.519531 0.989844 0.020313 0.010937
0 0.421875 0.894531 0.028125 0.010937
0 0.421094 0.905469 0.029687 0.010937
0 0.413281 0.920312 0.023438 0.009375
0 0.413281 0.929688 0.023438 0.009375
0 0.410156 0.939063 0.026562 0.009375
0 0.410938 0.949219 0.025000 0.007812
0 0.412500 0.958594 0.025000 0.010937
0 0.411719 0.964844 0.023438 0.010937
0 0.411719 0.976562 0.023438 0.009375
0 0.364063 0.879687 0.028125 0.009375
0 0.360938 0.889062 0.028125 0.009375
0 0.361719 0.897656 0.023438 0.007812
0 0.361719 0.907031 0.023438 0.007812
0 0.359375 0.927344 0.025000 0.007812
0 0.359375 0.935937 0.025000 0.009375
0 0.357812 0.945312 0.021875 0.009375
0 0.355469 0.964063 0.026562 0.012500
0 0.287500 0.960938 0.025000 0.009375
0 0.288281 0.968750 0.026562 0.009375
0 0.289062 0.976562 0.028125 0.012500
0 0.173437 0.859375 0.012500 0.021875
0 0.179688 0.880469 0.018750 0.007812
0 0.222656 0.885938 0.020313 0.015625
0 0.229687 0.896094 0.025000 0.014063
0 0.228125 0.904687 0.021875 0.009375
0 0.228125 0.914062 0.025000 0.012500
0 0.140625 0.847656 0.015625 0.020313
0 0.123438 0.835938 0.012500 0.018750
0 0.069531 0.830469 0.023438 0.010937
0 0.140625 0.875000 0.028125 0.012500
0 0.221875 0.968750 0.025000 0.015625
0 0.180469 0.946875 0.017188 0.018750
0 0.178125 0.968750 0.018750 0.025000
0 0.228906 0.942969 0.023438 0.010937
0 0.220312 0.995313 0.025000 0.009375
0 0.139844 0.885938 0.026562 0.012500
0 0.141406 0.894531 0.026562 0.010937
0 0.140625 0.903125 0.025000 0.012500
0 0.142969 0.911719 0.023438 0.010937
0 0.141406 0.921875 0.026562 0.012500
0 0.141406 0.932031 0.023438 0.007812
0 0.139844 0.951562 0.026562 0.012500
0 0.135156 0.967187 0.026562 0.009375
0 0.136719 0.992188 0.023438 0.015625
0 0.110937 0.964063 0.018750 0.021875
0 0.114062 0.867188 0.028125 0.012500
0 0.113281 0.875781 0.026562 0.010937
0 0.113281 0.883594 0.023438 0.007812
0 0.112500 0.892969 0.025000 0.007812
0 0.112500 0.899219 0.025000 0.007812
0 0.110937 0.907813 0.028125 0.009375
0 0.111719 0.916406 0.026562 0.010937
0 0.110937 0.925781 0.028125 0.010937
0 0.110156 0.935156 0.026562 0.010937
0 0.069531 0.850781 0.023438 0.010937
0 0.069531 0.868750 0.026562 0.012500
0 0.070312 0.880469 0.028125 0.010937
0 0.064062 0.888281 0.025000 0.010937
0 0.064844 0.900000 0.026562 0.012500
0 0.044531 0.850000 0.026562 0.009375
0 0.046094 0.858594 0.023438 0.007812
0 0.045312 0.867188 0.025000 0.009375
0 0.042188 0.875781 0.028125 0.010937
0 0.038281 0.885156 0.026562 0.007812
0 0.039062 0.898438 0.025000 0.009375
0 0.039844 0.910937 0.026562 0.009375
0 0.039062 0.917969 0.025000 0.010937
0 0.039844 0.934375 0.023438 0.009375
0 0.053125 0.944531 0.025000 0.010937
0 0.078125 0.947656 0.021875 0.007812
0 0.050781 0.994531 0.026562 0.010937
0 0.079687 0.996094 0.025000 0.007812
0 0.104688 0.995313 0.028125 0.009375
