0 0.725962 0.675481 0.048077 0.019231
0 0.960337 0.772837 0.026442 0.036058
0 0.818510 0.769231 0.021635 0.033654
0 0.739183 0.633413 0.040865 0.021635
0 0.868990 0.716346 0.045673 0.024038
0 0.711538 0.694712 0.043269 0.019231
0 0.150240 0.731971 0.040865 0.021635
0 0.747596 0.573317 0.038462 0.021635
0 0.817308 0.537260 0.028846 0.036058
0 0.937500 0.772837 0.024038 0.036058
0 0.897837 0.783654 0.021635 0.028846
0 0.878606 0.771635 0.021635 0.038462
0 0.709135 0.715144 0.038462 0.016827
0 0.615385 0.396635 0.043269 0.028846
0 0.106971 0.615385 0.040865 0.028846
0 0.723558 0.731971 0.033654 0.021635
