0 0.177885 0.569712 0.028846 0.019231
0 0.043269 0.594952 0.038462 0.016827
0 0.216346 0.706731 0.024038 0.028846
0 0.405048 0.758413 0.021635 0.021635
0 0.268029 0.933894 0.031250 0.021635
0 0.960337 0.842548 0.045673 0.021635
0 0.941106 0.608173 0.036058 0.024038
0 0.959135 0.623798 0.038462 0.021635
0 0.480769 0.614183 0.038462 0.016827
0 0.474760 0.582933 0.040865 0.016827
0 0.537260 0.585337 0.036058 0.016827
0 0.919471 0.644231 0.040865 0.019231
0 0.616587 0.161058 0.031250 0.028846
0 0.599760 0.174279 0.031250 0.026442
0 0.584135 0.022837 0.028846 0.021635
0 0.349760 0.054087 0.036058 0.016827
0 0.330529 0.111779 0.031250 0.031250
0 0.344952 0.125000 0.031250 0.028846
0 0.656250 0.139423 0.033654 0.033654
0 0.986779 0.151442 0.026442 0.024038
0 0.096154 0.668269 0.019231 0.024038
0 0.361779 0.769231 0.031250 0.014423
0 0.354567 0.783654 0.036058 0.014423
0 0.353365 0.799279 0.043269 0.016827
