0 0.590625 0.305469 0.018750 0.026562
0 0.607031 0.027344 0.026562 0.020313
0 0.692187 0.015625 0.034375 0.018750
0 0.750781 0.402344 0.026562 0.026562
0 0.650000 0.752344 0.025000 0.039062
0 0.777344 0.726562 0.023438 0.025000
0 0.962500 0.696875 0.025000 0.021875
0 0.790625 0.771875 0.034375 0.021875
0 0.721094 0.781250 0.032813 0.018750
0 0.662500 0.790625 0.031250 0.018750
0 0.674219 0.827344 0.029687 0.017188
0 0.734375 0.822656 0.028125 0.014063
0 0.024219 0.267969 0.032813 0.023438
0 0.030469 0.215625 0.026562 0.031250
