0 0.020313 0.115625 0.025000 0.015625
0 0.011719 0.096875 0.020313 0.009375
0 0.008594 0.131250 0.014063 0.006250
0 0.017969 0.158594 0.029687 0.010937
0 0.023438 0.168750 0.021875 0.009375
0 0.025000 0.178125 0.021875 0.009375
0 0.031250 0.185938 0.025000 0.009375
0 0.036719 0.196875 0.026562 0.009375
0 0.042969 0.207813 0.029687 0.015625
0 0.230469 0.481250 0.023438 0.012500
0 0.237500 0.489063 0.025000 0.012500
0 0.242969 0.500000 0.023438 0.012500
0 0.201563 0.514062 0.018750 0.025000
0 0.211719 0.546094 0.026562 0.032813
0 0.225000 0.573438 0.025000 0.028125
0 0.728125 0.986719 0.034375 0.014063
