0 0.287260 0.962740 0.045673 0.021635
0 0.163462 0.959135 0.033654 0.019231
0 0.129808 0.953125 0.038462 0.021635
0 0.016827 0.949519 0.028846 0.019231
0 0.037260 0.568510 0.021635 0.031250
0 0.430288 0.515625 0.048077 0.021635
0 0.224760 0.302885 0.016827 0.033654
0 0.263221 0.287260 0.021635 0.036058
0 0.272837 0.247596 0.021635 0.038462
0 0.233173 0.229567 0.024038 0.021635
0 0.240385 0.161058 0.019231 0.033654
0 0.283654 0.138221 0.019231 0.021635
0 0.277644 0.164663 0.021635 0.031250
0 0.179087 0.115385 0.036058 0.019231
0 0.139423 0.021635 0.038462 0.019231
0 0.287260 0.056490 0.026442 0.040865
0 0.287260 0.091346 0.021635 0.024038
0 0.248798 0.063702 0.021635 0.031250
0 0.360577 0.025240 0.033654 0.016827
0 0.861779 0.325721 0.026442 0.040865
0 0.819712 0.725962 0.019231 0.033654
0 0.769231 0.959135 0.019231 0.028846
