0 0.073438 0.660156 0.028125 0.017188
0 0.097656 0.685937 0.029687 0.012500
0 0.099219 0.697656 0.026562 0.010937
0 0.100781 0.707812 0.026562 0.009375
0 0.112500 0.725000 0.025000 0.009375
0 0.148438 0.735156 0.025000 0.017188
0 0.159375 0.756250 0.028125 0.015625
0 0.120313 0.739844 0.025000 0.010937
0 0.128125 0.753125 0.021875 0.009375
0 0.132812 0.764062 0.021875 0.009375
0 0.136719 0.771875 0.023438 0.012500
0 0.160156 0.804688 0.032813 0.012500
0 0.161719 0.817969 0.020313 0.007812
0 0.171094 0.835938 0.026562 0.009375
0 0.173437 0.845313 0.028125 0.009375
0 0.183594 0.854688 0.026562 0.009375
0 0.034375 0.771875 0.025000 0.012500
0 0.053906 0.781250 0.035937 0.015625
0 0.059375 0.826562 0.028125 0.012500
0 0.067187 0.840625 0.025000 0.015625
0 0.091406 0.896094 0.026562 0.014063
