0 0.937500 0.929087 0.024038 0.031250
0 0.960337 0.925481 0.021635 0.033654
0 0.693510 0.819712 0.021635 0.033654
0 0.604567 0.899038 0.016827 0.024038
0 0.625000 0.919471 0.024038 0.021635
0 0.578125 0.814904 0.021635 0.028846
0 0.399038 0.899038 0.019231 0.033654
0 0.381010 0.901442 0.021635 0.028846
0 0.409856 0.804087 0.021635 0.026442
0 0.353365 0.805288 0.019231 0.028846
0 0.284856 0.888221 0.026442 0.040865
0 0.094952 0.735577 0.016827 0.028846
0 0.146635 0.700721 0.019231 0.036058
0 0.197115 0.651442 0.033654 0.014423
0 0.200721 0.635817 0.040865 0.016827
0 0.362981 0.349760 0.019231 0.031250
0 0.471154 0.372596 0.019231 0.024038
0 0.512019 0.368990 0.024038 0.031250
0 0.447115 0.098558 0.033654 0.019231
0 0.444712 0.116587 0.033654 0.016827
0 0.438702 0.128606 0.031250 0.016827
0 0.427885 0.147837 0.033654 0.016827
0 0.426683 0.163462 0.031250 0.014423
0 0.420673 0.177885 0.038462 0.019231
0 0.520433 0.171875 0.036058 0.021635
0 0.513221 0.183894 0.036058 0.016827
0 0.542067 0.203125 0.031250 0.021635
0 0.507212 0.210337 0.033654 0.016827
0 0.496394 0.222356 0.031250 0.016827
0 0.490385 0.239183 0.043269 0.021635
0 0.926683 0.460337 0.021635 0.031250
0 0.943510 0.467548 0.016827 0.026442
0 0.962740 0.468750 0.026442 0.038462
0 0.131010 0.365385 0.021635 0.038462
