0 0.906250 0.067969 0.018750 0.029687
0 0.877344 0.068750 0.020313 0.018750
0 0.792969 0.052344 0.020313 0.026562
0 0.406250 0.056250 0.028125 0.015625
0 0.468750 0.067969 0.034375 0.017188
0 0.473438 0.052344 0.025000 0.014063
0 0.470313 0.096875 0.031250 0.015625
0 0.379688 0.059375 0.025000 0.015625
0 0.317188 0.037500 0.025000 0.009375
0 0.314844 0.057813 0.035937 0.012500
0 0.315625 0.067969 0.034375 0.014063
0 0.371875 0.078125 0.028125 0.012500
0 0.374219 0.092969 0.032813 0.010937
0 0.400000 0.093750 0.034375 0.018750
0 0.053125 0.032813 0.025000 0.018750
0 0.403125 0.325000 0.015625 0.021875
0 0.421094 0.327344 0.017188 0.023438
0 0.637500 0.309375 0.015625 0.025000
0 0.684375 0.223438 0.021875 0.015625
0 0.680469 0.236719 0.029687 0.010937
0 0.673438 0.273438 0.034375 0.015625
0 0.675000 0.262500 0.034375 0.009375
0 0.787500 0.385937 0.012500 0.021875
0 0.829688 0.386719 0.021875 0.023438
0 0.955469 0.387500 0.014063 0.021875
0 0.975000 0.453125 0.018750 0.021875
0 0.824219 0.453125 0.014063 0.028125
0 0.806250 0.456250 0.018750 0.028125
0 0.737500 0.442969 0.015625 0.032813
0 0.978125 0.775000 0.015625 0.021875
0 0.927344 0.783594 0.014063 0.020313
0 0.911719 0.775000 0.014063 0.025000
0 0.896094 0.776563 0.017188 0.021875
0 0.827344 0.835938 0.035937 0.015625
0 0.759375 0.831250 0.037500 0.018750
0 0.787500 0.955469 0.040625 0.017188
0 0.787500 0.975000 0.031250 0.012500
0 0.789844 0.987500 0.032813 0.006250
0 0.789844 0.996094 0.032813 0.007812
0 0.609375 0.599219 0.021875 0.023438
0 0.636719 0.646875 0.035937 0.018750
0 0.589844 0.652344 0.023438 0.029687
0 0.578125 0.531250 0.018750 0.025000
0 0.574219 0.560937 0.023438 0.025000
0 0.568750 0.639062 0.018750 0.034375
0 0.564063 0.690625 0.018750 0.028125
0 0.346875 0.671875 0.028125 0.018750
0 0.429688 0.812500 0.034375 0.015625
0 0.468750 0.781250 0.034375 0.012500
0 0.368750 0.807813 0.043750 0.012500
0 0.317188 0.668750 0.025000 0.015625
0 0.314844 0.681250 0.029687 0.012500
0 0.309375 0.692969 0.031250 0.014063
0 0.306250 0.700000 0.034375 0.009375
0 0.309375 0.710938 0.025000 0.009375
0 0.309375 0.721094 0.025000 0.010937
0 0.250000 0.708594 0.031250 0.014063
0 0.250000 0.721875 0.034375 0.015625
0 0.249219 0.736719 0.032813 0.020313
