0 0.258594 0.448437 0.026562 0.018750
0 0.153125 0.528125 0.021875 0.018750
0 0.302344 0.553125 0.026562 0.018750
0 0.803906 0.428906 0.026562 0.014063
0 0.832031 0.423438 0.023438 0.012500
0 0.925000 0.548438 0.018750 0.028125
0 0.894531 0.561719 0.014063 0.017188
0 0.879687 0.561719 0.012500 0.017188
0 0.814063 0.564844 0.015625 0.017188
0 0.801562 0.553125 0.018750 0.025000
0 0.766406 0.533594 0.026562 0.017188
0 0.747656 0.507031 0.023438 0.017188
0 0.735938 0.475000 0.031250 0.021875
0 0.737500 0.757812 0.018750 0.021875
0 0.596875 0.670312 0.028125 0.018750
0 0.606250 0.604688 0.025000 0.015625
0 0.601562 0.621094 0.031250 0.014063
0 0.602344 0.634375 0.026562 0.012500
0 0.566406 0.564844 0.017188 0.023438
0 0.528125 0.556250 0.015625 0.025000
0 0.513281 0.554688 0.014063 0.028125
0 0.485156 0.558594 0.017188 0.023438
0 0.433594 0.565625 0.029687 0.015625
0 0.434375 0.577344 0.025000 0.010937
0 0.435937 0.603906 0.028125 0.010937
0 0.434375 0.634375 0.025000 0.012500
0 0.430469 0.659375 0.029687 0.015625
0 0.824219 0.828906 0.017188 0.020313
0 0.542969 0.903125 0.023438 0.015625
0 0.489844 0.890625 0.017188 0.021875
0 0.451562 0.932031 0.025000 0.014063
0 0.457813 0.946094 0.028125 0.014063
0 0.462500 0.853906 0.025000 0.014063
0 0.448437 0.873437 0.028125 0.015625
0 0.343750 0.806250 0.018750 0.028125
0 0.325000 0.799219 0.018750 0.023438
0 0.296094 0.796875 0.017188 0.021875
0 0.215625 0.796094 0.021875 0.023438
0 0.287500 0.732031 0.015625 0.026562
0 0.238281 0.736719 0.010937 0.023438
0 0.226562 0.733594 0.012500 0.026562
0 0.195312 0.732031 0.015625 0.026562
0 0.170313 0.774219 0.028125 0.017188
0 0.078906 0.803125 0.020313 0.018750
0 0.060937 0.803906 0.018750 0.020313
0 0.051562 0.814844 0.018750 0.020313
0 0.019531 0.955469 0.023438 0.023438
