0 0.385817 0.009615 0.021635 0.014423
0 0.409856 0.009615 0.021635 0.014423
0 0.427885 0.009615 0.024038 0.014423
0 0.457933 0.013221 0.021635 0.021635
0 0.655048 0.085337 0.040865 0.016827
0 0.633413 0.116587 0.040865 0.021635
0 0.647837 0.132212 0.031250 0.014423
0 0.699519 0.146635 0.024038 0.024038
0 0.632212 0.224760 0.033654 0.016827
0 0.658654 0.233173 0.033654 0.024038
0 0.647837 0.349760 0.036058 0.021635
0 0.600962 0.411058 0.028846 0.019231
0 0.608173 0.442308 0.038462 0.019231
0 0.788462 0.162260 0.033654 0.016827
0 0.787260 0.210337 0.031250 0.012019
0 0.787260 0.224760 0.036058 0.016827
0 0.763221 0.352163 0.040865 0.016827
0 0.765625 0.397837 0.031250 0.012019
0 0.759615 0.414663 0.043269 0.021635
0 0.241587 0.477163 0.031250 0.021635
0 0.027644 0.618990 0.040865 0.021635
0 0.013221 0.650240 0.021635 0.021635
0 0.414663 0.741587 0.021635 0.016827
0 0.402644 0.756010 0.021635 0.016827
0 0.352163 0.847356 0.021635 0.016827
0 0.366587 0.856971 0.026442 0.021635
0 0.443510 0.957933 0.031250 0.021635
0 0.629808 0.974760 0.028846 0.021635
0 0.016827 0.492788 0.028846 0.033654
0 0.111779 0.527644 0.036058 0.031250
0 0.073317 0.581731 0.036058 0.028846
