0 0.046875 0.161719 0.021875 0.026562
0 0.080469 0.191406 0.017188 0.020313
0 0.071094 0.224219 0.020313 0.023438
0 0.091406 0.225000 0.014063 0.018750
0 0.121094 0.294531 0.017188 0.017188
0 0.176563 0.375781 0.028125 0.017188
0 0.247656 0.360938 0.035937 0.015625
0 0.412500 0.432031 0.025000 0.017188
0 0.303906 0.060156 0.017188 0.020313
0 0.338281 0.093750 0.017188 0.021875
0 0.314844 0.096094 0.014063 0.020313
0 0.345313 0.163281 0.018750 0.020313
0 0.823438 0.166406 0.018750 0.020313
0 0.037500 0.100781 0.018750 0.020313
