0 0.099219 0.195312 0.020313 0.025000
0 0.043750 0.262500 0.015625 0.021875
0 0.060937 0.260937 0.015625 0.021875
0 0.061719 0.283594 0.017188 0.020313
0 0.450781 0.206250 0.017188 0.021875
0 0.403125 0.257031 0.018750 0.023438
0 0.426563 0.258594 0.018750 0.020313
0 0.453906 0.258594 0.020313 0.023438
0 0.428125 0.282813 0.018750 0.025000
0 0.446094 0.569531 0.020313 0.020313
0 0.389844 0.753125 0.035937 0.015625
0 0.027344 0.920312 0.029687 0.015625
0 0.110156 0.914844 0.039062 0.017188
0 0.275000 0.994531 0.031250 0.010937
0 0.568750 0.372656 0.015625 0.017188
0 0.603125 0.121875 0.025000 0.009375
0 0.601562 0.178906 0.025000 0.010937
0 0.607812 0.265625 0.031250 0.012500
0 0.606250 0.276562 0.025000 0.006250
0 0.603906 0.285156 0.023438 0.010937
0 0.606250 0.294531 0.028125 0.007812
0 0.605469 0.303125 0.026562 0.009375
0 0.607031 0.312500 0.026562 0.009375
0 0.606250 0.322656 0.028125 0.007812
0 0.603125 0.332813 0.028125 0.009375
0 0.603906 0.342969 0.029687 0.007812
0 0.604688 0.350781 0.028125 0.007812
0 0.606250 0.361719 0.028125 0.007812
0 0.604688 0.372656 0.025000 0.010937
0 0.609375 0.407031 0.028125 0.010937
0 0.604688 0.415625 0.031250 0.009375
0 0.604688 0.426563 0.025000 0.009375
0 0.605469 0.435156 0.029687 0.007812
0 0.607812 0.446094 0.025000 0.010937
0 0.665625 0.381250 0.028125 0.012500
0 0.665625 0.398438 0.028125 0.009375
0 0.664844 0.406250 0.029687 0.009375
0 0.666406 0.425000 0.029687 0.009375
0 0.663281 0.434375 0.023438 0.009375
0 0.662500 0.444531 0.028125 0.010937
0 0.671875 0.454688 0.025000 0.012500
0 0.682813 0.558594 0.031250 0.010937
0 0.728125 0.574219 0.028125 0.010937
0 0.730469 0.592187 0.029687 0.009375
0 0.726562 0.611719 0.034375 0.014063
0 0.729688 0.664844 0.028125 0.014063
0 0.756250 0.680469 0.025000 0.029687
0 0.881250 0.559375 0.018750 0.021875
0 0.900000 0.558594 0.015625 0.020313
0 0.913281 0.559375 0.014063 0.018750
0 0.789062 0.606250 0.012500 0.018750
0 0.800781 0.607812 0.014063 0.018750
0 0.815625 0.608594 0.015625 0.017188
0 0.828125 0.607812 0.012500 0.018750
0 0.840625 0.607812 0.012500 0.018750
0 0.853125 0.608594 0.012500 0.020313
0 0.864844 0.610156 0.007812 0.017188
0 0.878125 0.609375 0.012500 0.018750
0 0.889844 0.607812 0.010937 0.021875
0 0.900781 0.607031 0.010937 0.020313
0 0.801562 0.628906 0.015625 0.020313
0 0.838281 0.627344 0.017188 0.020313
0 0.853125 0.628906 0.015625 0.017188
0 0.972656 0.947656 0.020313 0.023438
0 0.996094 0.946875 0.007812 0.018750
