0 0.523438 0.264844 0.034375 0.017188
0 0.677344 0.286719 0.026562 0.017188
0 0.782031 0.293750 0.026562 0.018750
0 0.188281 0.285938 0.014063 0.025000
0 0.202344 0.285156 0.017188 0.023438
0 0.221094 0.285156 0.014063 0.020313
0 0.234375 0.287500 0.015625 0.021875
0 0.386719 0.306250 0.014063 0.021875
0 0.428125 0.305469 0.018750 0.026562
0 0.549219 0.314063 0.017188 0.028125
0 0.580469 0.310937 0.014063 0.021875
0 0.235156 0.368750 0.029687 0.025000
0 0.246875 0.385156 0.028125 0.014063
0 0.457031 0.370312 0.020313 0.021875
0 0.467187 0.377344 0.018750 0.023438
0 0.487500 0.380469 0.021875 0.023438
0 0.520312 0.378125 0.018750 0.021875
0 0.536719 0.382812 0.020313 0.021875
0 0.562500 0.366406 0.021875 0.020313
0 0.582031 0.367969 0.023438 0.023438
0 0.646875 0.370312 0.021875 0.021875
0 0.675000 0.371875 0.025000 0.021875
0 0.642188 0.389062 0.028125 0.021875
0 0.953125 0.413281 0.025000 0.020313
0 0.992188 0.416406 0.015625 0.020313
0 0.906250 0.456250 0.018750 0.025000
0 0.898438 0.573438 0.025000 0.012500
0 0.917969 0.589844 0.026562 0.017188
0 0.954688 0.628906 0.015625 0.023438
0 0.612500 0.432031 0.021875 0.020313
0 0.592969 0.434375 0.017188 0.018750
0 0.514062 0.429688 0.018750 0.021875
0 0.497656 0.429688 0.020313 0.025000
0 0.479687 0.427344 0.018750 0.023438
0 0.438281 0.425781 0.023438 0.017188
0 0.407813 0.421875 0.018750 0.021875
0 0.312500 0.415625 0.018750 0.015625
0 0.271875 0.412500 0.025000 0.018750
0 0.249219 0.410938 0.017188 0.018750
0 0.533594 0.895312 0.026562 0.012500
0 0.560156 0.898438 0.020313 0.012500
0 0.622656 0.900000 0.020313 0.009375
0 0.621094 0.910156 0.035937 0.014063
0 0.615625 0.937500 0.018750 0.009375
0 0.615625 0.948438 0.021875 0.009375
0 0.531250 0.924219 0.028125 0.010937
0 0.531250 0.935156 0.028125 0.010937
0 0.557031 0.935937 0.023438 0.012500
0 0.532031 0.946094 0.026562 0.010937
0 0.473438 0.900781 0.031250 0.014063
0 0.467969 0.912500 0.023438 0.009375
0 0.469531 0.923438 0.026562 0.009375
0 0.470313 0.932813 0.018750 0.009375
0 0.467969 0.948438 0.029687 0.012500
0 0.201563 0.961719 0.031250 0.014063
0 0.540625 0.982031 0.034375 0.017188
