0 0.162500 0.092188 0.034375 0.012500
0 0.133594 0.096875 0.029687 0.018750
0 0.062500 0.145313 0.034375 0.025000
0 0.075000 0.178125 0.025000 0.015625
0 0.093750 0.206250 0.028125 0.018750
0 0.131250 0.228125 0.018750 0.025000
0 0.146094 0.242969 0.023438 0.023438
0 0.212500 0.239844 0.018750 0.026562
0 0.231250 0.242188 0.015625 0.021875
0 0.248438 0.240625 0.015625 0.025000
0 0.261719 0.225000 0.023438 0.028125
0 0.464844 0.180469 0.023438 0.026562
0 0.906250 0.167969 0.028125 0.017188
0 0.745313 0.356250 0.034375 0.015625
0 0.937500 0.518750 0.034375 0.009375
0 0.803125 0.620313 0.025000 0.028125
0 0.928125 0.564844 0.015625 0.023438
0 0.606250 0.542188 0.015625 0.021875
0 0.590625 0.537500 0.015625 0.021875
0 0.458594 0.542188 0.014063 0.021875
0 0.442969 0.535937 0.017188 0.025000
0 0.406250 0.527344 0.015625 0.023438
0 0.374219 0.530469 0.017188 0.026562
0 0.065625 0.446094 0.018750 0.026562
0 0.160938 0.521094 0.018750 0.023438
0 0.839063 0.681250 0.021875 0.009375
0 0.835938 0.693750 0.037500 0.015625
0 0.827344 0.721094 0.029687 0.017188
0 0.833594 0.753125 0.023438 0.018750
0 0.827344 0.934375 0.029687 0.021875
0 0.364063 0.818750 0.018750 0.025000
0 0.285938 0.796875 0.025000 0.021875
0 0.125000 0.796094 0.025000 0.029687
0 0.118750 0.937500 0.031250 0.012500
0 0.171094 0.868750 0.032813 0.021875
0 0.118750 0.950000 0.025000 0.015625
0 0.314063 0.993750 0.037500 0.009375
0 0.875000 0.290625 0.034375 0.015625
0 0.873437 0.303125 0.031250 0.015625
0 0.837500 0.657031 0.031250 0.014063
