0 0.477344 0.975781 0.014063 0.020313
0 0.486719 0.967969 0.017188 0.017188
0 0.499219 0.962500 0.017188 0.018750
0 0.513281 0.961719 0.020313 0.020313
0 0.531250 0.960938 0.021875 0.021875
0 0.556250 0.960156 0.021875 0.020313
0 0.570312 0.957812 0.018750 0.018750
0 0.584375 0.955469 0.015625 0.020313
0 0.595313 0.953125 0.015625 0.018750
0 0.610156 0.953906 0.017188 0.020313
0 0.625781 0.952344 0.017188 0.020313
0 0.632812 0.952344 0.015625 0.017188
0 0.646094 0.953906 0.014063 0.017188
0 0.697656 0.995313 0.023438 0.009375
0 0.541406 0.982812 0.026562 0.009375
0 0.634375 0.995313 0.021875 0.009375
0 0.609375 0.995313 0.021875 0.009375
0 0.585156 0.995313 0.026562 0.009375
0 0.558594 0.995313 0.026562 0.009375
0 0.718750 0.990625 0.009375 0.012500
0 0.742188 0.982031 0.009375 0.010937
0 0.753906 0.982031 0.014063 0.014063
0 0.767188 0.984375 0.009375 0.015625
0 0.792188 0.985938 0.012500 0.015625
0 0.808594 0.983594 0.010937 0.014063
0 0.819531 0.981250 0.010937 0.015625
0 0.853906 0.982031 0.010937 0.014063
