0 0.321875 0.500000 0.028125 0.015625
0 0.321875 0.514844 0.031250 0.010937
0 0.359375 0.556250 0.028125 0.015625
0 0.460938 0.550000 0.028125 0.012500
0 0.367188 0.568750 0.031250 0.012500
0 0.334375 0.571875 0.028125 0.012500
0 0.365625 0.587500 0.031250 0.012500
0 0.339844 0.596875 0.035937 0.012500
0 0.340625 0.612500 0.034375 0.012500
0 0.342969 0.627344 0.029687 0.010937
0 0.353125 0.687500 0.034375 0.015625
0 0.443750 0.692969 0.028125 0.014063
0 0.486719 0.750000 0.026562 0.012500
0 0.407813 0.739844 0.018750 0.029687
0 0.506250 0.466406 0.031250 0.014063
