0 0.198317 0.007212 0.040865 0.009615
0 0.144231 0.022837 0.038462 0.016827
0 0.141827 0.040865 0.048077 0.019231
0 0.194712 0.021635 0.043269 0.014423
0 0.138221 0.070913 0.040865 0.016827
0 0.189904 0.072115 0.048077 0.014423
0 0.188702 0.088942 0.045673 0.014423
0 0.188702 0.121394 0.040865 0.016827
0 0.316106 0.007212 0.050481 0.009615
0 0.312500 0.020433 0.052885 0.012019
0 0.312500 0.034856 0.052885 0.016827
0 0.317308 0.055288 0.062500 0.014423
0 0.368990 0.022837 0.050481 0.016827
0 0.367788 0.037260 0.057692 0.016827
0 0.323317 0.072115 0.045673 0.014423
0 0.319712 0.087740 0.052885 0.016827
0 0.372596 0.070913 0.038462 0.016827
0 0.372596 0.087740 0.038462 0.016827
0 0.090144 0.364183 0.036058 0.016827
0 0.048077 0.007212 0.033654 0.009615
0 0.050481 0.019231 0.043269 0.014423
0 0.051683 0.034856 0.040865 0.016827
0 0.016827 0.018029 0.028846 0.016827
0 0.018029 0.048077 0.031250 0.014423
