0 0.742188 0.055469 0.009375 0.020313
0 0.751563 0.057031 0.015625 0.023438
0 0.765625 0.057031 0.012500 0.020313
0 0.778906 0.059375 0.014063 0.021875
0 0.799219 0.063281 0.017188 0.023438
0 0.825000 0.063281 0.015625 0.023438
0 0.836719 0.066406 0.010937 0.017188
0 0.859375 0.064844 0.012500 0.023438
0 0.892188 0.064844 0.012500 0.023438
0 0.917969 0.066406 0.010937 0.020313
0 0.928906 0.066406 0.007812 0.020313
0 0.938281 0.067969 0.010937 0.020313
0 0.951562 0.113281 0.012500 0.017188
0 0.909375 0.111719 0.012500 0.020313
0 0.888281 0.107031 0.010937 0.017188
0 0.875000 0.107031 0.012500 0.020313
0 0.862500 0.106250 0.012500 0.021875
0 0.742188 0.230469 0.015625 0.023438
0 0.725781 0.229687 0.014063 0.021875
0 0.707812 0.226562 0.015625 0.025000
0 0.673438 0.228906 0.015625 0.023438
0 0.687500 0.188281 0.015625 0.010937
0 0.660937 0.187500 0.015625 0.012500
0 0.640625 0.220312 0.012500 0.018750
