0 0.795673 0.058894 0.043269 0.016827
0 0.802885 0.098558 0.028846 0.014423
0 0.787260 0.115385 0.040865 0.019231
0 0.781250 0.316106 0.024038 0.026442
0 0.723558 0.312500 0.024038 0.024038
0 0.700721 0.329327 0.021635 0.028846
0 0.679087 0.320913 0.021635 0.026442
0 0.655048 0.320913 0.021635 0.026442
0 0.586538 0.323317 0.024038 0.031250
0 0.425481 0.329327 0.024038 0.028846
0 0.171875 0.670673 0.040865 0.024038
0 0.287260 0.645433 0.040865 0.016827
0 0.282452 0.662260 0.040865 0.016827
0 0.254808 0.743990 0.043269 0.016827
0 0.556490 0.649038 0.016827 0.028846
0 0.580529 0.661058 0.026442 0.028846
0 0.629808 0.661058 0.019231 0.028846
0 0.682692 0.661058 0.019231 0.028846
0 0.709135 0.659856 0.019231 0.031250
0 0.748798 0.675481 0.026442 0.033654
0 0.828125 0.766827 0.040865 0.024038
0 0.835337 0.801683 0.040865 0.021635
0 0.853365 0.861779 0.033654 0.016827
0 0.721154 0.787260 0.019231 0.026442
0 0.725962 0.820913 0.019231 0.026442
0 0.812500 0.896635 0.038462 0.024038
0 0.843750 0.911058 0.038462 0.024038
0 0.757212 0.944712 0.024038 0.024038
0 0.724760 0.942308 0.026442 0.028846
0 0.689904 0.866587 0.033654 0.016827
0 0.610577 0.938702 0.033654 0.021635
0 0.614183 0.959135 0.036058 0.024038
0 0.260817 0.894231 0.031250 0.033654
