0 0.394531 0.040625 0.032813 0.021875
0 0.227344 0.067187 0.026562 0.018750
0 0.267188 0.096094 0.028125 0.017188
0 0.188281 0.130469 0.039062 0.023438
0 0.120313 0.121875 0.037500 0.021875
0 0.482031 0.325000 0.026562 0.021875
0 0.418750 0.364063 0.021875 0.018750
0 0.397656 0.410938 0.020313 0.012500
0 0.389844 0.437500 0.026562 0.012500
0 0.389844 0.457813 0.026562 0.012500
0 0.389062 0.475000 0.021875 0.009375
0 0.392969 0.517188 0.029687 0.015625
0 0.403125 0.537500 0.028125 0.018750
0 0.447656 0.432812 0.023438 0.009375
0 0.444531 0.439844 0.023438 0.014063
0 0.442969 0.485938 0.023438 0.012500
0 0.497656 0.481250 0.023438 0.018750
0 0.571875 0.446094 0.021875 0.014063
0 0.559375 0.475000 0.025000 0.015625
0 0.542188 0.508594 0.025000 0.014063
0 0.536719 0.518750 0.023438 0.015625
0 0.516406 0.541406 0.026562 0.017188
0 0.634375 0.368750 0.018750 0.021875
0 0.670312 0.368750 0.015625 0.021875
0 0.685156 0.367188 0.017188 0.021875
0 0.703125 0.368750 0.018750 0.025000
0 0.726562 0.369531 0.015625 0.023438
0 0.742188 0.370312 0.015625 0.021875
0 0.767188 0.367969 0.018750 0.023438
0 0.788281 0.308594 0.020313 0.026562
0 0.820312 0.285938 0.025000 0.018750
0 0.843750 0.323437 0.018750 0.012500
0 0.856250 0.332031 0.025000 0.014063
0 0.910156 0.412500 0.020313 0.025000
0 0.924219 0.418750 0.014063 0.021875
0 0.935156 0.421094 0.010937 0.020313
0 0.949219 0.422656 0.017188 0.026562
0 0.971875 0.430469 0.015625 0.023438
0 0.947656 0.606250 0.017188 0.031250
0 0.817969 0.140625 0.020313 0.021875
0 0.690625 0.083594 0.028125 0.023438
0 0.550781 0.113281 0.026562 0.017188
0 0.839844 0.183594 0.014063 0.026562
0 0.855469 0.185938 0.014063 0.025000
0 0.866406 0.186719 0.014063 0.026562
0 0.878125 0.186719 0.012500 0.026562
0 0.048438 0.771094 0.025000 0.026562
0 0.045312 0.857812 0.018750 0.025000
0 0.035156 0.934375 0.017188 0.021875
0 0.102344 0.887500 0.026562 0.012500
0 0.264844 0.718750 0.017188 0.021875
0 0.339062 0.719531 0.018750 0.023438
0 0.381250 0.724219 0.021875 0.023438
0 0.453906 0.735156 0.020313 0.023438
0 0.582812 0.735938 0.021875 0.025000
0 0.691406 0.764062 0.035937 0.015625
0 0.811719 0.749219 0.014063 0.023438
0 0.707031 0.800781 0.014063 0.020313
0 0.435937 0.881250 0.018750 0.025000
0 0.255469 0.985156 0.026562 0.014063
