0 0.941406 0.012500 0.023438 0.021875
0 0.219531 0.414062 0.026562 0.018750
0 0.406250 0.310156 0.021875 0.023438
0 0.423438 0.385156 0.015625 0.023438
0 0.436719 0.383594 0.020313 0.023438
0 0.439844 0.505469 0.023438 0.026562
0 0.581250 0.431250 0.018750 0.021875
0 0.525000 0.500781 0.015625 0.023438
0 0.542969 0.502344 0.014063 0.020313
0 0.539844 0.521094 0.017188 0.020313
0 0.917969 0.428125 0.017188 0.025000
0 0.943750 0.442188 0.015625 0.021875
0 0.945312 0.499219 0.018750 0.026562
0 0.918750 0.500000 0.015625 0.021875
0 0.895312 0.496094 0.015625 0.020313
0 0.920312 0.525000 0.018750 0.025000
0 0.942187 0.818750 0.015625 0.025000
