0 0.096875 0.525000 0.015625 0.021875
0 0.215625 0.499219 0.015625 0.017188
0 0.107813 0.559375 0.025000 0.012500
0 0.164062 0.556250 0.021875 0.012500
0 0.228125 0.540625 0.021875 0.015625
0 0.120313 0.596875 0.021875 0.012500
0 0.177344 0.587500 0.026562 0.015625
0 0.039062 0.096875 0.015625 0.018750
0 0.192969 0.189844 0.014063 0.023438
0 0.390625 0.471875 0.021875 0.006250
0 0.508594 0.283594 0.029687 0.010937
0 0.729688 0.292187 0.028125 0.009375
0 0.730469 0.300781 0.032813 0.007812
0 0.728125 0.307812 0.031250 0.009375
