0 0.161719 0.014844 0.026562 0.017188
0 0.174219 0.025781 0.029687 0.017188
0 0.103906 0.198437 0.029687 0.012500
0 0.128906 0.239844 0.029687 0.014063
0 0.146094 0.276562 0.032813 0.015625
0 0.015625 0.203125 0.028125 0.012500
0 0.035937 0.236719 0.034375 0.014063
0 0.052344 0.273438 0.032813 0.018750
0 0.069531 0.307812 0.032813 0.015625
0 0.739844 0.343750 0.026562 0.025000
0 0.709375 0.723437 0.028125 0.012500
0 0.712500 0.737500 0.028125 0.012500
0 0.715625 0.746875 0.031250 0.012500
0 0.727344 0.765625 0.029687 0.015625
0 0.737500 0.774219 0.028125 0.014063
0 0.735156 0.785937 0.029687 0.012500
0 0.743750 0.794531 0.034375 0.014063
0 0.746875 0.806250 0.028125 0.015625
0 0.775781 0.798438 0.029687 0.015625
0 0.762500 0.776563 0.025000 0.012500
0 0.753125 0.818750 0.028125 0.015625
0 0.639062 0.817187 0.028125 0.015625
0 0.664062 0.828906 0.031250 0.014063
0 0.664844 0.879687 0.029687 0.015625
0 0.671094 0.891406 0.032813 0.017188
0 0.701562 0.955469 0.031250 0.017188
0 0.775000 0.853906 0.040625 0.017188
0 0.779687 0.866406 0.031250 0.017188
0 0.783594 0.876563 0.026562 0.012500
0 0.792188 0.886719 0.031250 0.014063
0 0.794531 0.896094 0.032813 0.010937
0 0.799219 0.907031 0.039062 0.017188
