0 0.017188 0.194531 0.025000 0.017188
0 0.041406 0.172656 0.029687 0.014063
0 0.126562 0.157812 0.031250 0.018750
0 0.356250 0.091406 0.031250 0.017188
0 0.519531 0.042969 0.032813 0.017188
0 0.694531 0.010937 0.035937 0.018750
0 0.796094 0.052344 0.039062 0.020313
0 0.915625 0.014063 0.034375 0.018750
0 0.225781 0.015625 0.032813 0.009375
0 0.228125 0.025781 0.028125 0.010937
0 0.292969 0.008594 0.017188 0.014063
0 0.296875 0.029687 0.015625 0.012500
0 0.360938 0.028125 0.015625 0.021875
0 0.388281 0.028906 0.020313 0.017188
