0 0.654687 0.203906 0.025000 0.010937
0 0.670312 0.215625 0.031250 0.012500
0 0.702344 0.217969 0.032813 0.014063
0 0.792188 0.222656 0.031250 0.010937
0 0.391406 0.211719 0.026562 0.010937
0 0.321875 0.191406 0.031250 0.017188
0 0.146875 0.178125 0.028125 0.012500
0 0.054688 0.160156 0.028125 0.010937
0 0.028125 0.194531 0.034375 0.010937
0 0.329688 0.290625 0.028125 0.012500
0 0.271875 0.234375 0.015625 0.015625
0 0.257031 0.235937 0.010937 0.012500
0 0.246094 0.236719 0.010937 0.017188
0 0.235937 0.235156 0.009375 0.020313
0 0.226562 0.235156 0.009375 0.017188
0 0.228125 0.248438 0.018750 0.009375
0 0.213281 0.234375 0.010937 0.018750
0 0.203125 0.232031 0.009375 0.017188
0 0.194531 0.230469 0.007812 0.017188
0 0.186719 0.230469 0.010937 0.020313
0 0.176563 0.230469 0.009375 0.017188
0 0.165625 0.229687 0.009375 0.015625
0 0.153125 0.229687 0.012500 0.018750
0 0.186719 0.279687 0.010937 0.018750
0 0.175000 0.279687 0.009375 0.015625
0 0.162500 0.277344 0.012500 0.020313
0 0.147656 0.277344 0.010937 0.017188
0 0.136719 0.281250 0.010937 0.018750
0 0.148438 0.292187 0.018750 0.009375
0 0.146094 0.301563 0.020313 0.009375
0 0.132031 0.301563 0.010937 0.015625
0 0.149219 0.310937 0.020313 0.006250
0 0.148438 0.317969 0.018750 0.010937
0 0.196094 0.316406 0.007812 0.017188
0 0.205469 0.316406 0.010937 0.020313
0 0.217188 0.317188 0.009375 0.018750
0 0.226562 0.315625 0.012500 0.018750
0 0.220312 0.331250 0.015625 0.009375
0 0.107031 0.237500 0.026562 0.012500
0 0.106250 0.248438 0.031250 0.009375
0 0.104688 0.257812 0.028125 0.009375
0 0.104688 0.266406 0.025000 0.007812
0 0.105469 0.273438 0.026562 0.006250
0 0.103906 0.282031 0.029687 0.007812
0 0.103906 0.291406 0.026562 0.007812
0 0.103906 0.299219 0.023438 0.007812
0 0.104688 0.306250 0.025000 0.009375
0 0.105469 0.316406 0.023438 0.007812
0 0.103125 0.324219 0.021875 0.007812
0 0.103125 0.376563 0.025000 0.009375
0 0.100781 0.385156 0.020313 0.014063
