0 0.167969 0.123438 0.026562 0.034375
0 0.185156 0.196094 0.020313 0.026562
0 0.200781 0.198437 0.017188 0.025000
0 0.202344 0.327344 0.020313 0.032813
0 0.346875 0.251563 0.018750 0.028125
0 0.286719 0.321094 0.020313 0.023438
0 0.305469 0.319531 0.017188 0.023438
0 0.304688 0.340625 0.018750 0.021875
0 0.663281 0.318750 0.020313 0.028125
0 0.689844 0.321875 0.023438 0.021875
0 0.718750 0.319531 0.025000 0.026562
0 0.689844 0.341406 0.023438 0.029687
0 0.610156 0.622656 0.026562 0.029687
0 0.713281 0.646875 0.023438 0.028125
0 0.652344 0.837500 0.032813 0.018750
0 0.960938 0.635938 0.028125 0.012500
0 0.879687 0.505469 0.028125 0.014063
0 0.879687 0.495312 0.028125 0.015625
0 0.880469 0.475000 0.026562 0.012500
0 0.877344 0.439063 0.026562 0.015625
0 0.877344 0.428906 0.032813 0.010937
0 0.878906 0.417969 0.029687 0.014063
0 0.879687 0.407031 0.031250 0.007812
0 0.877344 0.398438 0.029687 0.009375
0 0.878125 0.389062 0.028125 0.015625
0 0.878906 0.379688 0.026562 0.009375
0 0.878125 0.367969 0.028125 0.010937
0 0.876563 0.358594 0.031250 0.007812
0 0.875781 0.346875 0.029687 0.009375
0 0.939063 0.367188 0.028125 0.012500
0 0.878906 0.329688 0.026562 0.009375
0 0.874219 0.235937 0.029687 0.012500
0 0.939844 0.379688 0.032813 0.009375
0 0.941406 0.389062 0.032813 0.012500
0 0.939844 0.406250 0.029687 0.009375
0 0.938281 0.416406 0.023438 0.007812
0 0.938281 0.447656 0.026562 0.014063
0 0.938281 0.468750 0.029687 0.012500
0 0.939844 0.477344 0.020313 0.007812
0 0.939844 0.484375 0.023438 0.009375
0 0.939063 0.503906 0.025000 0.010937
0 0.938281 0.515625 0.029687 0.012500
0 0.945312 0.528125 0.021875 0.009375
