0 0.009375 0.200781 0.015625 0.017188
0 0.510156 0.757031 0.023438 0.010937
0 0.539062 0.767188 0.021875 0.015625
0 0.496094 0.820312 0.020313 0.012500
0 0.537500 0.822656 0.021875 0.010937
0 0.544531 0.833594 0.020313 0.014063
0 0.585156 0.891406 0.026562 0.010937
0 0.556250 0.630469 0.028125 0.014063
0 0.585938 0.659375 0.028125 0.009375
0 0.582031 0.670312 0.026562 0.009375
0 0.586719 0.681250 0.023438 0.012500
0 0.601562 0.701562 0.028125 0.012500
0 0.607812 0.715625 0.018750 0.006250
0 0.611719 0.728125 0.026562 0.009375
0 0.617188 0.736719 0.018750 0.007812
0 0.621875 0.747656 0.021875 0.007812
0 0.652344 0.739844 0.020313 0.014063
0 0.639844 0.717187 0.023438 0.009375
0 0.651563 0.795312 0.025000 0.012500
0 0.656250 0.808594 0.025000 0.010937
0 0.660937 0.820312 0.028125 0.009375
0 0.667969 0.830469 0.026562 0.007812
0 0.673438 0.837500 0.025000 0.006250
0 0.677344 0.849219 0.023438 0.007812
