0 0.746094 0.015625 0.026562 0.015625
0 0.753125 0.005469 0.015625 0.007812
0 0.104688 0.102344 0.028125 0.017188
0 0.809375 0.132812 0.025000 0.018750
0 0.889844 0.127344 0.032813 0.020313
0 0.939844 0.225000 0.026562 0.018750
0 0.664844 0.346875 0.026562 0.018750
0 0.686719 0.390625 0.029687 0.021875
0 0.704688 0.430469 0.028125 0.017188
0 0.728125 0.474219 0.028125 0.017188
0 0.745313 0.506250 0.028125 0.018750
0 0.800000 0.405469 0.028125 0.017188
0 0.815625 0.437500 0.025000 0.015625
0 0.835938 0.471875 0.028125 0.018750
0 0.853125 0.503125 0.025000 0.015625
0 0.884375 0.399219 0.028125 0.017188
0 0.908594 0.439063 0.023438 0.012500
0 0.921875 0.474219 0.025000 0.017188
