0 0.766827 0.508413 0.019231 0.026442
0 0.751202 0.521635 0.021635 0.028846
0 0.757212 0.614183 0.024038 0.031250
0 0.768029 0.643029 0.021635 0.026442
0 0.828125 0.620192 0.021635 0.028846
0 0.850962 0.610577 0.028846 0.038462
0 0.872596 0.600962 0.024038 0.028846
0 0.734375 0.777644 0.031250 0.031250
0 0.308894 0.923077 0.021635 0.028846
0 0.358173 0.923077 0.024038 0.028846
0 0.377404 0.935096 0.019231 0.028846
0 0.415865 0.926683 0.019231 0.036058
0 0.438702 0.925481 0.016827 0.028846
0 0.350962 0.871394 0.038462 0.021635
0 0.235577 0.735577 0.038462 0.019231
0 0.227163 0.795673 0.040865 0.019231
0 0.213942 0.830529 0.033654 0.016827
0 0.200721 0.848558 0.040865 0.014423
0 0.207933 0.882212 0.031250 0.014423
0 0.218750 0.868990 0.033654 0.016827
0 0.189904 0.870192 0.033654 0.014423
0 0.296875 0.701923 0.016827 0.028846
0 0.079327 0.581731 0.033654 0.024038
