0 0.600000 0.021875 0.028125 0.015625
0 0.250000 0.187500 0.028125 0.012500
0 0.249219 0.206250 0.023438 0.009375
0 0.098437 0.378125 0.031250 0.012500
0 0.404687 0.812500 0.025000 0.012500
0 0.315625 0.296094 0.021875 0.010937
0 0.317188 0.306250 0.025000 0.006250
0 0.364063 0.179688 0.025000 0.006250
0 0.365625 0.189844 0.021875 0.007812
0 0.362500 0.196875 0.025000 0.009375
0 0.364063 0.217188 0.021875 0.012500
0 0.364063 0.227344 0.021875 0.007812
0 0.362500 0.234375 0.025000 0.006250
0 0.364844 0.242969 0.020313 0.007812
0 0.364844 0.249219 0.020313 0.007812
0 0.364844 0.256250 0.023438 0.009375
0 0.364844 0.267969 0.020313 0.007812
0 0.525781 0.390625 0.014063 0.059375
0 0.562500 0.714063 0.021875 0.012500
