0 0.431250 0.071875 0.034375 0.015625
0 0.078125 0.421875 0.028125 0.009375
0 0.078125 0.431250 0.025000 0.009375
0 0.139844 0.271875 0.029687 0.009375
0 0.142969 0.284375 0.026562 0.009375
0 0.140625 0.293750 0.028125 0.012500
0 0.142969 0.321875 0.026562 0.012500
0 0.140625 0.334375 0.028125 0.009375
0 0.140625 0.343750 0.028125 0.009375
0 0.140625 0.353125 0.025000 0.009375
0 0.143750 0.362500 0.031250 0.009375
0 0.142969 0.374219 0.029687 0.010937
0 0.142969 0.383594 0.029687 0.010937
0 0.345313 0.536719 0.028125 0.067187
0 0.390625 0.936719 0.025000 0.010937
