0 0.037260 0.241587 0.036058 0.026442
0 0.052885 0.209135 0.033654 0.028846
0 0.215144 0.210337 0.040865 0.021635
0 0.256010 0.216346 0.045673 0.024038
0 0.210337 0.143029 0.016827 0.031250
0 0.429087 0.193510 0.040865 0.021635
0 0.381010 0.271635 0.031250 0.038462
0 0.477163 0.271635 0.021635 0.038462
0 0.491587 0.162260 0.021635 0.031250
0 0.710337 0.175481 0.021635 0.033654
0 0.693510 0.278846 0.021635 0.038462
0 0.090144 0.788462 0.021635 0.033654
0 0.179087 0.627404 0.060096 0.028846
0 0.693510 0.179087 0.021635 0.031250
0 0.484375 0.561298 0.016827 0.031250
0 0.489183 0.769231 0.016827 0.024038
0 0.491587 0.742788 0.016827 0.024038
0 0.980769 0.304087 0.019231 0.031250
0 0.993990 0.310096 0.012019 0.028846
0 0.576923 0.163462 0.019231 0.028846
0 0.556490 0.151442 0.016827 0.024038
0 0.009615 0.156250 0.014423 0.019231
