0 0.607812 0.204687 0.040625 0.028125
0 0.736719 0.217188 0.032813 0.018750
0 0.807813 0.179688 0.031250 0.012500
0 0.934375 0.227344 0.034375 0.020313
0 0.919531 0.406250 0.017188 0.021875
0 0.955469 0.406250 0.014063 0.025000
0 0.957031 0.694531 0.023438 0.026562
0 0.842969 0.697656 0.017188 0.017188
0 0.687500 0.483594 0.031250 0.014063
0 0.687500 0.494531 0.034375 0.017188
0 0.743750 0.712500 0.034375 0.018750
0 0.871094 0.741406 0.035937 0.017188
0 0.685156 0.751563 0.020313 0.025000
0 0.739844 0.755469 0.017188 0.023438
0 0.812500 0.758594 0.015625 0.023438
0 0.831250 0.762500 0.015625 0.025000
0 0.971875 0.790625 0.028125 0.015625
0 0.978906 0.803906 0.029687 0.017188
0 0.982812 0.852344 0.025000 0.020313
0 0.990625 0.860938 0.018750 0.015625
0 0.979688 0.967969 0.025000 0.017188
0 0.980469 0.991406 0.029687 0.017188
0 0.614062 0.809375 0.018750 0.034375
0 0.651563 0.882812 0.040625 0.012500
0 0.649219 0.850781 0.026562 0.020313
0 0.641406 0.914062 0.023438 0.015625
0 0.641406 0.943750 0.026562 0.012500
0 0.416406 0.733594 0.014063 0.026562
0 0.401562 0.735156 0.012500 0.026562
0 0.557813 0.545312 0.028125 0.015625
0 0.278125 0.368750 0.025000 0.028125
0 0.073438 0.414844 0.015625 0.026562
0 0.061719 0.434375 0.017188 0.021875
0 0.042188 0.428906 0.015625 0.023438
0 0.026562 0.429688 0.012500 0.021875
0 0.182812 0.720313 0.018750 0.025000
0 0.214844 0.721094 0.020313 0.023438
0 0.251563 0.725781 0.018750 0.020313
0 0.264062 0.732031 0.021875 0.023438
0 0.097656 0.986719 0.020313 0.020313
