0 0.675000 0.218750 0.025000 0.015625
0 0.693750 0.242969 0.021875 0.007812
0 0.696094 0.252344 0.026562 0.010937
0 0.699219 0.260937 0.023438 0.015625
0 0.707812 0.278125 0.021875 0.015625
0 0.712500 0.285938 0.021875 0.012500
0 0.718750 0.293750 0.025000 0.009375
0 0.723437 0.304688 0.021875 0.012500
0 0.739062 0.286719 0.025000 0.017188
0 0.750000 0.306250 0.028125 0.012500
0 0.725000 0.314063 0.021875 0.012500
0 0.731250 0.321094 0.018750 0.007812
0 0.753125 0.354687 0.028125 0.015625
0 0.765625 0.387500 0.021875 0.015625
0 0.771875 0.399219 0.025000 0.017188
0 0.637500 0.321875 0.025000 0.009375
0 0.657813 0.327344 0.025000 0.017188
0 0.659375 0.374219 0.025000 0.014063
0 0.665625 0.384375 0.025000 0.015625
0 0.689063 0.437500 0.021875 0.015625
0 0.950000 0.652344 0.025000 0.010937
0 0.955469 0.658594 0.023438 0.010937
0 0.964844 0.668750 0.020313 0.012500
0 0.921875 0.685937 0.021875 0.025000
0 0.943750 0.743750 0.018750 0.028125
0 0.930469 0.716406 0.026562 0.029687
