0 0.623437 0.275000 0.028125 0.028125
0 0.664062 0.510938 0.021875 0.018750
0 0.614844 0.549219 0.026562 0.014063
0 0.606250 0.560937 0.028125 0.015625
0 0.596094 0.567187 0.023438 0.018750
0 0.586719 0.576562 0.026562 0.021875
0 0.573438 0.581250 0.025000 0.015625
0 0.564063 0.590625 0.025000 0.015625
0 0.553906 0.596875 0.020313 0.018750
0 0.542188 0.603906 0.025000 0.017188
0 0.534375 0.614844 0.028125 0.017188
0 0.525781 0.620313 0.029687 0.018750
0 0.517969 0.631250 0.026562 0.021875
0 0.508594 0.635156 0.026562 0.020313
0 0.492188 0.646094 0.025000 0.020313
0 0.485156 0.653125 0.026562 0.021875
0 0.474219 0.658594 0.026562 0.020313
0 0.462500 0.669531 0.021875 0.020313
0 0.453906 0.677344 0.029687 0.023438
0 0.442969 0.686719 0.026562 0.023438
0 0.434375 0.691406 0.031250 0.023438
0 0.425000 0.701562 0.025000 0.025000
0 0.415625 0.709375 0.025000 0.018750
0 0.405469 0.713281 0.026562 0.026562
0 0.369531 0.748437 0.029687 0.025000
0 0.372656 0.799219 0.020313 0.029687
0 0.324219 0.842187 0.032813 0.025000
0 0.446875 0.791406 0.018750 0.023438
0 0.460156 0.782813 0.020313 0.021875
0 0.464844 0.808594 0.020313 0.023438
0 0.569531 0.691406 0.020313 0.023438
0 0.581250 0.687500 0.018750 0.021875
0 0.589844 0.677344 0.020313 0.020313
0 0.600781 0.672656 0.017188 0.017188
0 0.607812 0.664062 0.021875 0.018750
0 0.619531 0.655469 0.020313 0.020313
0 0.629687 0.647656 0.018750 0.020313
0 0.639062 0.641406 0.018750 0.020313
0 0.648438 0.633594 0.021875 0.020313
0 0.658594 0.625781 0.023438 0.020313
0 0.668750 0.618750 0.021875 0.021875
0 0.678906 0.609375 0.020313 0.021875
0 0.685937 0.599219 0.018750 0.020313
0 0.699219 0.589063 0.023438 0.025000
0 0.564844 0.725781 0.017188 0.023438
0 0.575781 0.714844 0.020313 0.020313
0 0.586719 0.710156 0.020313 0.023438
0 0.599219 0.705469 0.020313 0.020313
0 0.608594 0.693750 0.020313 0.021875
0 0.621094 0.685156 0.017188 0.020313
0 0.632031 0.681250 0.020313 0.021875
0 0.640625 0.674219 0.018750 0.020313
0 0.649219 0.664844 0.014063 0.020313
0 0.660156 0.657813 0.020313 0.025000
0 0.671094 0.650781 0.020313 0.020313
0 0.678125 0.642969 0.018750 0.020313
0 0.687500 0.634375 0.021875 0.021875
0 0.696094 0.623437 0.017188 0.018750
0 0.707812 0.615625 0.021875 0.028125
0 0.716406 0.607031 0.020313 0.026562
0 0.890625 0.532031 0.028125 0.020313
