0 0.053125 0.021875 0.018750 0.021875
0 0.032813 0.023438 0.021875 0.018750
0 0.247656 0.010156 0.014063 0.017188
0 0.259375 0.009375 0.015625 0.015625
0 0.165625 0.417187 0.018750 0.025000
0 0.265625 0.210938 0.028125 0.012500
0 0.261719 0.242188 0.020313 0.012500
0 0.261719 0.253906 0.026562 0.014063
0 0.118750 0.419531 0.015625 0.020313
0 0.107031 0.418750 0.017188 0.021875
0 0.090625 0.423438 0.012500 0.018750
0 0.075781 0.425781 0.014063 0.017188
0 0.110156 0.464062 0.017188 0.025000
0 0.124219 0.464844 0.020313 0.023438
0 0.169531 0.462500 0.020313 0.021875
0 0.191406 0.459375 0.017188 0.025000
0 0.207031 0.457813 0.014063 0.021875
0 0.223438 0.395313 0.031250 0.015625
0 0.231250 0.475000 0.025000 0.012500
0 0.235156 0.486719 0.029687 0.014063
0 0.318750 0.463281 0.018750 0.023438
0 0.328906 0.460156 0.014063 0.023438
0 0.342187 0.461719 0.012500 0.023438
0 0.354687 0.457031 0.015625 0.017188
0 0.496875 0.451562 0.015625 0.021875
0 0.511719 0.448437 0.017188 0.021875
0 0.553906 0.468750 0.020313 0.009375
0 0.493750 0.494531 0.015625 0.023438
0 0.481250 0.497656 0.018750 0.020313
0 0.467187 0.496094 0.015625 0.017188
0 0.434375 0.503906 0.018750 0.026562
0 0.420312 0.502344 0.015625 0.023438
0 0.395313 0.502344 0.018750 0.023438
0 0.359375 0.506250 0.015625 0.025000
0 0.321094 0.509375 0.017188 0.021875
0 0.295312 0.515625 0.025000 0.009375
0 0.294531 0.526563 0.026562 0.012500
0 0.339062 0.557031 0.018750 0.020313
0 0.363281 0.558594 0.017188 0.023438
0 0.380469 0.556250 0.014063 0.021875
0 0.276562 0.610938 0.018750 0.031250
0 0.302344 0.610156 0.020313 0.029687
0 0.325781 0.607812 0.023438 0.025000
0 0.428906 0.600781 0.020313 0.026562
0 0.497656 0.596094 0.029687 0.017188
0 0.182812 0.114844 0.021875 0.010937
0 0.180469 0.128125 0.023438 0.012500
0 0.907031 0.940625 0.026562 0.012500
0 0.535937 0.846875 0.025000 0.009375
0 0.506250 0.836719 0.031250 0.010937
0 0.571094 0.962500 0.029687 0.015625
0 0.467969 0.907031 0.017188 0.029687
