0 0.553125 0.403906 0.031250 0.017188
0 0.689844 0.406250 0.026562 0.012500
0 0.662500 0.424219 0.031250 0.014063
0 0.557813 0.486719 0.028125 0.014063
0 0.561719 0.502344 0.026562 0.014063
0 0.632812 0.496875 0.025000 0.015625
0 0.539062 0.526563 0.018750 0.025000
0 0.487500 0.525781 0.015625 0.023438
0 0.442969 0.525000 0.020313 0.028125
0 0.403906 0.521875 0.017188 0.021875
0 0.338281 0.517969 0.017188 0.026562
0 0.321094 0.516406 0.017188 0.026562
0 0.296875 0.510938 0.015625 0.025000
0 0.230469 0.508594 0.014063 0.020313
0 0.205469 0.508594 0.014063 0.023438
0 0.518750 0.910156 0.015625 0.020313
0 0.556250 0.910156 0.012500 0.020313
0 0.568750 0.912500 0.012500 0.015625
0 0.580469 0.913281 0.014063 0.020313
0 0.526563 0.964063 0.012500 0.021875
0 0.539844 0.963281 0.014063 0.020313
0 0.564844 0.967187 0.014063 0.021875
0 0.579688 0.963281 0.015625 0.023438
0 0.614062 0.961719 0.012500 0.020313
0 0.628906 0.964063 0.014063 0.018750
0 0.160938 0.873437 0.025000 0.012500
0 0.167969 0.885938 0.026562 0.012500
0 0.164844 0.894531 0.029687 0.010937
0 0.167187 0.908594 0.021875 0.010937
0 0.166406 0.917969 0.029687 0.010937
0 0.092969 0.920312 0.032813 0.015625
0 0.096875 0.939063 0.028125 0.009375
0 0.093750 0.946094 0.025000 0.010937
0 0.095312 0.952344 0.021875 0.007812
0 0.093750 0.966406 0.028125 0.010937
