0 0.046875 0.020433 0.031250 0.021635
0 0.068510 0.131010 0.031250 0.026442
0 0.054087 0.151442 0.036058 0.028846
0 0.044471 0.169471 0.026442 0.021635
0 0.567308 0.223558 0.033654 0.024038
0 0.616587 0.185096 0.031250 0.024038
0 0.646635 0.163462 0.028846 0.024038
0 0.734375 0.152644 0.031250 0.031250
0 0.783654 0.176683 0.028846 0.026442
0 0.929087 0.340144 0.026442 0.021635
0 0.949519 0.352163 0.024038 0.031250
0 0.582933 0.360577 0.026442 0.028846
0 0.709135 0.413462 0.033654 0.033654
0 0.819712 0.396635 0.024038 0.024038
0 0.836538 0.409856 0.024038 0.021635
0 0.867788 0.427885 0.019231 0.024038
0 0.884615 0.438702 0.028846 0.021635
0 0.980769 0.500000 0.024038 0.024038
0 0.519231 0.652644 0.033654 0.021635
0 0.569712 0.710337 0.038462 0.021635
0 0.575721 0.740385 0.040865 0.019231
0 0.585337 0.758413 0.036058 0.016827
0 0.362981 0.584135 0.019231 0.024038
0 0.344952 0.597356 0.021635 0.031250
0 0.304087 0.623798 0.021635 0.021635
0 0.284856 0.633413 0.026442 0.026442
0 0.239183 0.646635 0.031250 0.024038
0 0.231971 0.713942 0.036058 0.019231
0 0.237981 0.740385 0.028846 0.019231
0 0.271635 0.788462 0.033654 0.019231
0 0.276442 0.806490 0.033654 0.016827
0 0.299279 0.824519 0.036058 0.024038
0 0.742788 0.949519 0.033654 0.033654
