0 0.743750 0.017188 0.015625 0.021875
0 0.628125 0.078125 0.015625 0.021875
0 0.696094 0.075000 0.017188 0.025000
0 0.710938 0.073438 0.015625 0.018750
0 0.709375 0.093750 0.015625 0.021875
0 0.990625 0.071875 0.018750 0.025000
0 0.950000 0.118750 0.028125 0.015625
0 0.946094 0.314063 0.014063 0.021875
0 0.980469 0.484375 0.023438 0.015625
0 0.681250 0.624219 0.025000 0.014063
0 0.753125 0.620313 0.025000 0.015625
0 0.887500 0.689063 0.021875 0.018750
0 0.796875 0.703125 0.025000 0.015625
0 0.558594 0.809375 0.023438 0.012500
0 0.575000 0.846875 0.021875 0.012500
0 0.593750 0.884375 0.021875 0.015625
0 0.614062 0.921875 0.021875 0.012500
0 0.629687 0.950000 0.025000 0.015625
0 0.675000 0.861719 0.021875 0.014063
0 0.692969 0.889844 0.023438 0.014063
0 0.706250 0.917969 0.025000 0.014063
0 0.721875 0.948438 0.018750 0.012500
0 0.746875 0.856250 0.028125 0.015625
0 0.771875 0.890625 0.025000 0.018750
0 0.781250 0.921875 0.025000 0.012500
