0 0.264423 0.550481 0.038462 0.019231
0 0.412260 0.615385 0.040865 0.019231
0 0.451923 0.550481 0.038462 0.019231
0 0.429087 0.538462 0.036058 0.024038
0 0.314904 0.497596 0.019231 0.038462
0 0.335337 0.497596 0.016827 0.024038
0 0.146635 0.489183 0.019231 0.031250
0 0.188702 0.615385 0.016827 0.028846
0 0.162260 0.621394 0.026442 0.040865
0 0.084135 0.615385 0.024038 0.033654
0 0.100962 0.596154 0.019231 0.033654
0 0.162260 0.115385 0.040865 0.024038
0 0.162260 0.132212 0.040865 0.024038
0 0.132212 0.052885 0.043269 0.028846
0 0.381010 0.983173 0.040865 0.019231
0 0.051683 0.496394 0.021635 0.045673
