0 0.481250 0.566406 0.025000 0.017188
0 0.400781 0.643750 0.020313 0.012500
0 0.145313 0.847656 0.025000 0.014063
0 0.060156 0.920312 0.017188 0.015625
0 0.827344 0.521094 0.023438 0.017188
0 0.785937 0.554688 0.018750 0.015625
0 0.779687 0.561719 0.018750 0.014063
0 0.773438 0.568750 0.018750 0.015625
0 0.763281 0.575781 0.020313 0.017188
0 0.755469 0.581250 0.020313 0.015625
0 0.745313 0.587500 0.015625 0.015625
0 0.739062 0.593750 0.018750 0.015625
0 0.729688 0.600781 0.018750 0.017188
0 0.721875 0.607031 0.021875 0.017188
0 0.713281 0.616406 0.020313 0.017188
0 0.704688 0.621094 0.018750 0.017188
0 0.698438 0.628906 0.018750 0.017188
0 0.686719 0.632812 0.020313 0.015625
0 0.678906 0.639062 0.017188 0.015625
0 0.671094 0.645312 0.017188 0.015625
0 0.663281 0.653125 0.017188 0.015625
0 0.657031 0.660937 0.017188 0.018750
0 0.645312 0.678125 0.015625 0.015625
0 0.637500 0.685156 0.015625 0.014063
0 0.631250 0.692187 0.018750 0.015625
0 0.619531 0.697656 0.020313 0.017188
0 0.692969 0.665625 0.020313 0.018750
0 0.853906 0.588281 0.020313 0.023438
0 0.842969 0.592969 0.014063 0.017188
0 0.837500 0.603906 0.012500 0.017188
0 0.830469 0.611719 0.014063 0.017188
0 0.821875 0.617188 0.012500 0.018750
0 0.814063 0.624219 0.012500 0.017188
0 0.806250 0.630469 0.012500 0.017188
0 0.797656 0.635938 0.010937 0.015625
0 0.789844 0.642188 0.014063 0.018750
0 0.781250 0.650000 0.012500 0.015625
0 0.773438 0.657031 0.012500 0.017188
0 0.764062 0.660937 0.012500 0.018750
0 0.757031 0.669531 0.014063 0.017188
0 0.745313 0.674219 0.015625 0.020313
0 0.868750 0.600781 0.012500 0.017188
0 0.875000 0.619531 0.021875 0.017188
0 0.853125 0.614062 0.015625 0.015625
0 0.843750 0.621875 0.015625 0.015625
0 0.836719 0.631250 0.017188 0.018750
0 0.829688 0.635938 0.015625 0.015625
0 0.821875 0.639062 0.012500 0.015625
0 0.814063 0.650000 0.018750 0.018750
0 0.804688 0.656250 0.015625 0.018750
0 0.796094 0.661719 0.017188 0.017188
0 0.789062 0.667969 0.015625 0.017188
0 0.780469 0.675000 0.017188 0.018750
0 0.771875 0.682031 0.015625 0.020313
0 0.764844 0.688281 0.014063 0.017188
0 0.664844 0.753906 0.014063 0.020313
0 0.654687 0.759375 0.015625 0.018750
0 0.667969 0.771875 0.010937 0.018750
0 0.589844 0.725781 0.023438 0.020313
0 0.308594 0.978906 0.020313 0.014063
0 0.298438 0.984375 0.021875 0.018750
0 0.291406 0.992969 0.023438 0.014063
0 0.273438 0.998437 0.015625 0.003125
0 0.317188 0.994531 0.021875 0.010937
