0 0.768750 0.731250 0.025000 0.025000
0 0.769531 0.771094 0.023438 0.020313
0 0.761719 0.777344 0.026562 0.023438
0 0.751563 0.786719 0.034375 0.023438
0 0.733594 0.796875 0.026562 0.021875
0 0.725781 0.808594 0.023438 0.023438
0 0.716406 0.815625 0.020313 0.018750
0 0.703906 0.825000 0.026562 0.018750
0 0.682813 0.838281 0.025000 0.020313
0 0.670312 0.850000 0.028125 0.018750
0 0.660156 0.860938 0.020313 0.018750
0 0.785937 0.791406 0.021875 0.020313
0 0.767188 0.800781 0.028125 0.020313
0 0.755469 0.811719 0.026562 0.017188
0 0.744531 0.818750 0.026562 0.018750
0 0.735156 0.831250 0.029687 0.018750
0 0.721094 0.838281 0.029687 0.026562
0 0.697656 0.854688 0.035937 0.021875
0 0.691406 0.865625 0.029687 0.015625
0 0.679688 0.873437 0.031250 0.025000
0 0.667969 0.886719 0.029687 0.020313
0 0.658594 0.892969 0.035937 0.023438
0 0.500000 0.894531 0.025000 0.026562
0 0.575781 0.950781 0.023438 0.029687
0 0.632812 0.989062 0.021875 0.021875
0 0.535937 0.965625 0.031250 0.025000
0 0.526563 0.972656 0.025000 0.026562
0 0.516406 0.982031 0.023438 0.023438
0 0.507031 0.988281 0.029687 0.023438
0 0.497656 0.992188 0.023438 0.015625
0 0.483594 0.996094 0.017188 0.007812
