0 0.660156 0.043750 0.029687 0.012500
0 0.662500 0.064844 0.031250 0.014063
0 0.657031 0.075000 0.032813 0.012500
0 0.654687 0.114062 0.031250 0.012500
0 0.656250 0.134375 0.034375 0.012500
0 0.827344 0.202344 0.029687 0.017188
0 0.641406 0.302344 0.032813 0.014063
0 0.642969 0.312500 0.029687 0.009375
0 0.639062 0.323437 0.028125 0.012500
0 0.639062 0.332813 0.031250 0.009375
0 0.578125 0.332031 0.034375 0.014063
0 0.078906 0.778906 0.023438 0.010937
0 0.121875 0.855469 0.021875 0.023438
0 0.133594 0.863281 0.023438 0.020313
