0 0.875000 0.008594 0.015625 0.014063
0 0.900000 0.050000 0.015625 0.025000
0 0.912500 0.050000 0.009375 0.025000
0 0.762500 0.056250 0.018750 0.025000
0 0.750000 0.056250 0.006250 0.021875
0 0.633594 0.030469 0.023438 0.010937
0 0.626563 0.050000 0.021875 0.009375
0 0.621875 0.057813 0.021875 0.012500
0 0.661719 0.131250 0.017188 0.009375
0 0.654687 0.139844 0.025000 0.007812
0 0.654687 0.148438 0.025000 0.009375
0 0.651563 0.156250 0.018750 0.012500
0 0.646875 0.165625 0.021875 0.006250
0 0.642969 0.174219 0.023438 0.010937
0 0.636719 0.192188 0.026562 0.012500
0 0.631250 0.217969 0.028125 0.010937
0 0.637500 0.228125 0.025000 0.009375
0 0.639844 0.250000 0.026562 0.009375
0 0.640625 0.259375 0.025000 0.006250
0 0.642188 0.271094 0.025000 0.010937
0 0.584375 0.180469 0.018750 0.017188
0 0.640625 0.280469 0.025000 0.007812
0 0.643750 0.290625 0.028125 0.009375
0 0.642188 0.299219 0.025000 0.007812
0 0.650000 0.306250 0.021875 0.009375
0 0.653125 0.339062 0.025000 0.009375
0 0.662500 0.346875 0.025000 0.009375
0 0.593750 0.340625 0.018750 0.009375
0 0.596875 0.349219 0.021875 0.010937
0 0.604688 0.359375 0.021875 0.012500
0 0.609375 0.371875 0.025000 0.012500
0 0.612500 0.381250 0.018750 0.009375
0 0.652344 0.387500 0.014063 0.021875
0 0.673438 0.371875 0.018750 0.012500
0 0.680469 0.379688 0.023438 0.015625
0 0.689844 0.396094 0.023438 0.010937
0 0.696094 0.406250 0.020313 0.009375
0 0.862500 0.400000 0.015625 0.025000
0 0.793750 0.415625 0.015625 0.021875
0 0.778125 0.415625 0.012500 0.021875
0 0.758594 0.415625 0.014063 0.021875
0 0.745313 0.418750 0.012500 0.025000
0 0.733594 0.417969 0.014063 0.023438
0 0.720313 0.418750 0.012500 0.018750
0 0.950000 0.406250 0.015625 0.021875
0 0.964844 0.405469 0.010937 0.023438
0 0.975000 0.403125 0.012500 0.018750
0 0.987500 0.401562 0.009375 0.021875
0 0.968750 0.443750 0.015625 0.018750
0 0.954688 0.446875 0.015625 0.018750
0 0.943750 0.450000 0.015625 0.021875
0 0.862500 0.455469 0.018750 0.020313
0 0.830469 0.455469 0.014063 0.023438
0 0.808594 0.458594 0.014063 0.023438
0 0.796875 0.460938 0.012500 0.021875
0 0.784375 0.459375 0.009375 0.021875
0 0.762500 0.461719 0.015625 0.023438
0 0.693750 0.515625 0.021875 0.009375
0 0.703125 0.534375 0.028125 0.015625
0 0.321094 0.806250 0.017188 0.021875
0 0.298438 0.828125 0.028125 0.015625
0 0.211719 0.836719 0.020313 0.014063
0 0.443750 0.936719 0.012500 0.023438
0 0.971094 0.787500 0.014063 0.018750
0 0.971094 0.808594 0.014063 0.023438
0 0.946875 0.827344 0.015625 0.020313
0 0.959375 0.840625 0.015625 0.021875
0 0.995313 0.845313 0.009375 0.015625
