0 0.034375 0.094531 0.025000 0.020313
0 0.049219 0.232813 0.026562 0.034375
0 0.890625 0.317188 0.025000 0.018750
0 0.914062 0.327344 0.031250 0.017188
0 0.914844 0.376563 0.029687 0.012500
0 0.919531 0.385937 0.023438 0.015625
0 0.960156 0.449219 0.026562 0.020313
0 0.952344 0.230469 0.023438 0.014063
0 0.932031 0.202344 0.026562 0.017188
0 0.957031 0.240625 0.026562 0.012500
0 0.960156 0.250781 0.029687 0.014063
0 0.972656 0.268750 0.023438 0.015625
0 0.974219 0.278125 0.026562 0.012500
0 0.979688 0.286719 0.028125 0.014063
0 0.986719 0.295312 0.026562 0.018750
0 0.988281 0.309375 0.023438 0.015625
