0 0.206250 0.765625 0.056250 0.046875
0 0.185156 0.788281 0.054688 0.048438
0 0.523438 0.449219 0.021875 0.017188
0 0.529687 0.441406 0.021875 0.020313
0 0.538281 0.437500 0.020313 0.018750
0 0.548438 0.428906 0.021875 0.023438
0 0.564063 0.416406 0.018750 0.020313
0 0.562500 0.470313 0.018750 0.018750
0 0.599219 0.444531 0.026562 0.020313
0 0.610938 0.435937 0.025000 0.021875
0 0.579688 0.482031 0.028125 0.023438
0 0.594531 0.476562 0.020313 0.018750
0 0.603125 0.470313 0.018750 0.018750
0 0.610938 0.467969 0.021875 0.020313
0 0.744531 0.453906 0.026562 0.023438
0 0.762500 0.461719 0.025000 0.023438
0 0.775000 0.470313 0.015625 0.018750
0 0.794531 0.486719 0.023438 0.020313
0 0.807813 0.493750 0.018750 0.018750
0 0.831250 0.511719 0.021875 0.023438
0 0.864062 0.537500 0.028125 0.021875
0 0.638281 0.353125 0.023438 0.025000
0 0.646094 0.347656 0.020313 0.020313
0 0.653125 0.342187 0.021875 0.025000
0 0.663281 0.336719 0.020313 0.023438
0 0.671875 0.328906 0.018750 0.023438
0 0.678125 0.323437 0.018750 0.018750
0 0.685156 0.314063 0.020313 0.018750
0 0.697656 0.310156 0.023438 0.023438
0 0.700781 0.300000 0.026562 0.018750
0 0.712500 0.298438 0.021875 0.021875
0 0.716406 0.288281 0.020313 0.020313
0 0.726562 0.284375 0.018750 0.018750
0 0.735938 0.277344 0.015625 0.020313
0 0.742188 0.271094 0.021875 0.020313
0 0.750000 0.264062 0.025000 0.018750
0 0.759375 0.259375 0.025000 0.021875
0 0.767188 0.250781 0.021875 0.017188
0 0.775000 0.245312 0.021875 0.018750
0 0.783594 0.239063 0.020313 0.015625
0 0.792188 0.234375 0.021875 0.021875
0 0.800781 0.225781 0.020313 0.023438
0 0.808594 0.221875 0.020313 0.021875
0 0.817187 0.217188 0.021875 0.018750
0 0.823438 0.207813 0.025000 0.018750
0 0.834375 0.200000 0.021875 0.015625
0 0.846875 0.189062 0.018750 0.018750
0 0.854688 0.181250 0.021875 0.021875
0 0.867188 0.175781 0.025000 0.023438
0 0.873437 0.167187 0.018750 0.018750
0 0.885156 0.163281 0.023438 0.020313
0 0.891406 0.156250 0.020313 0.018750
0 0.896875 0.146875 0.021875 0.018750
0 0.901563 0.140625 0.018750 0.015625
0 0.913281 0.139063 0.020313 0.021875
0 0.920312 0.128906 0.021875 0.017188
0 0.929688 0.124219 0.025000 0.017188
0 0.936719 0.116406 0.023438 0.023438
0 0.946094 0.110156 0.020313 0.020313
0 0.953125 0.104688 0.021875 0.021875
0 0.962500 0.098437 0.028125 0.025000
0 0.678906 0.385937 0.023438 0.018750
0 0.690625 0.380469 0.018750 0.017188
0 0.696875 0.371875 0.021875 0.018750
0 0.704688 0.369531 0.021875 0.020313
0 0.710156 0.360156 0.017188 0.020313
0 0.717187 0.352344 0.018750 0.023438
0 0.727344 0.347656 0.020313 0.017188
0 0.737500 0.342969 0.021875 0.020313
0 0.746094 0.337500 0.020313 0.025000
0 0.751563 0.330469 0.018750 0.017188
0 0.763281 0.324219 0.020313 0.020313
0 0.771094 0.314063 0.017188 0.021875
0 0.777344 0.310156 0.020313 0.023438
0 0.784375 0.303125 0.021875 0.021875
0 0.793750 0.296875 0.025000 0.025000
0 0.802344 0.291406 0.023438 0.020313
0 0.812500 0.282031 0.015625 0.017188
0 0.817187 0.276562 0.021875 0.018750
0 0.829688 0.271094 0.021875 0.020313
0 0.835156 0.264062 0.023438 0.018750
0 0.841406 0.255469 0.023438 0.017188
0 0.855469 0.244531 0.026562 0.020313
0 0.865625 0.239063 0.018750 0.018750
0 0.875781 0.232031 0.020313 0.023438
0 0.885156 0.228125 0.020313 0.015625
0 0.892969 0.220312 0.023438 0.025000
0 0.906250 0.209375 0.021875 0.015625
0 0.917188 0.203906 0.028125 0.023438
0 0.921094 0.193750 0.023438 0.018750
0 0.930469 0.186719 0.020313 0.017188
0 0.936719 0.178906 0.020313 0.017188
0 0.946094 0.171875 0.020313 0.021875
0 0.951562 0.165625 0.021875 0.018750
0 0.960938 0.160938 0.018750 0.018750
0 0.973437 0.149219 0.021875 0.020313
0 0.983594 0.141406 0.017188 0.023438
0 0.991406 0.135156 0.017188 0.020313
0 0.694531 0.400781 0.017188 0.014063
0 0.708594 0.396875 0.020313 0.015625
0 0.714844 0.387500 0.023438 0.015625
0 0.723437 0.382812 0.021875 0.015625
0 0.731250 0.375781 0.025000 0.014063
0 0.739844 0.367188 0.023438 0.018750
0 0.747656 0.362500 0.029687 0.021875
0 0.754687 0.357031 0.025000 0.017188
0 0.764844 0.347656 0.020313 0.017188
0 0.779687 0.339062 0.028125 0.018750
0 0.788281 0.331250 0.023438 0.018750
0 0.797656 0.323437 0.017188 0.021875
0 0.803906 0.317969 0.020313 0.020313
0 0.811719 0.310937 0.020313 0.025000
0 0.822656 0.301563 0.023438 0.025000
0 0.829688 0.295312 0.021875 0.025000
0 0.844531 0.285938 0.026562 0.018750
0 0.854688 0.278125 0.018750 0.015625
0 0.861719 0.271875 0.023438 0.021875
0 0.866406 0.266406 0.026562 0.020313
0 0.903125 0.242188 0.028125 0.021875
0 0.926562 0.222656 0.025000 0.020313
0 0.987500 0.168750 0.018750 0.015625
0 0.982031 0.175781 0.017188 0.014063
0 0.971875 0.181250 0.025000 0.021875
0 0.958594 0.192188 0.023438 0.018750
0 0.948438 0.200781 0.021875 0.020313
0 0.937500 0.212500 0.018750 0.021875
0 0.912500 0.232031 0.025000 0.023438
