0 0.743750 0.168750 0.015625 0.025000
0 0.596094 0.253125 0.017188 0.025000
0 0.753125 0.225000 0.009375 0.018750
0 0.767188 0.225000 0.012500 0.018750
0 0.881250 0.265625 0.012500 0.018750
0 0.839063 0.321875 0.012500 0.018750
0 0.850000 0.321094 0.009375 0.017188
0 0.850000 0.337500 0.012500 0.021875
0 0.767969 0.325000 0.014063 0.021875
0 0.767969 0.765625 0.023438 0.009375
0 0.825000 0.865625 0.021875 0.015625
0 0.896094 0.862500 0.023438 0.015625
0 0.939844 0.946875 0.017188 0.012500
0 0.949219 0.955469 0.023438 0.014063
0 0.096875 0.850000 0.015625 0.018750
0 0.130469 0.893750 0.017188 0.021875
0 0.050000 0.867188 0.018750 0.021875
0 0.012500 0.876563 0.015625 0.018750
0 0.034375 0.929688 0.021875 0.012500
0 0.184375 0.865625 0.021875 0.021875
