0 0.102344 0.017188 0.023438 0.021875
0 0.365625 0.403125 0.025000 0.018750
0 0.390625 0.431250 0.025000 0.015625
0 0.393750 0.443750 0.028125 0.012500
0 0.398438 0.456250 0.031250 0.015625
0 0.411719 0.474219 0.026562 0.017188
0 0.446875 0.486719 0.021875 0.017188
0 0.457813 0.506250 0.031250 0.018750
0 0.415625 0.483594 0.028125 0.010937
0 0.418750 0.493750 0.034375 0.009375
0 0.427344 0.504687 0.032813 0.015625
0 0.431250 0.515625 0.034375 0.018750
0 0.434375 0.526563 0.025000 0.015625
0 0.459375 0.562500 0.034375 0.015625
0 0.462500 0.575000 0.028125 0.015625
0 0.468750 0.584375 0.028125 0.015625
0 0.471094 0.593750 0.026562 0.009375
0 0.471875 0.604688 0.025000 0.009375
0 0.483594 0.612500 0.029687 0.018750
0 0.349219 0.536719 0.029687 0.017188
0 0.349219 0.587500 0.026562 0.015625
0 0.353125 0.600000 0.034375 0.012500
0 0.314844 0.589844 0.017188 0.020313
0 0.384375 0.662500 0.028125 0.018750
0 0.696875 0.896875 0.028125 0.015625
0 0.700000 0.909375 0.025000 0.015625
0 0.706250 0.921875 0.025000 0.009375
0 0.660937 0.934375 0.021875 0.028125
0 0.927344 0.818750 0.026562 0.040625
0 0.682031 0.969531 0.032813 0.035937
0 0.690625 0.992188 0.025000 0.015625
