0 0.044471 0.079327 0.036058 0.019231
0 0.088942 0.084135 0.043269 0.019231
0 0.575721 0.031250 0.045673 0.024038
0 0.320913 0.245192 0.026442 0.033654
0 0.127404 0.274038 0.043269 0.019231
0 0.131010 0.308894 0.036058 0.016827
0 0.127404 0.323317 0.038462 0.012019
0 0.128606 0.340144 0.040865 0.016827
0 0.116587 0.408654 0.031250 0.014423
0 0.116587 0.424279 0.031250 0.012019
0 0.282452 0.554087 0.026442 0.026442
0 0.278846 0.593750 0.028846 0.038462
0 0.622596 0.558894 0.024038 0.031250
0 0.751202 0.563702 0.021635 0.031250
0 0.796875 0.561298 0.021635 0.026442
0 0.843750 0.655048 0.038462 0.021635
0 0.829327 0.634615 0.033654 0.019231
0 0.406250 0.384615 0.038462 0.019231
0 0.546875 0.132212 0.021635 0.028846
0 0.955529 0.155048 0.021635 0.031250
0 0.348558 0.942308 0.038462 0.019231
0 0.348558 0.893029 0.052885 0.021635
0 0.551683 0.792067 0.021635 0.031250
0 0.573317 0.790865 0.021635 0.028846
0 0.754808 0.786058 0.019231 0.033654
