0 0.512500 0.012500 0.025000 0.012500
0 0.475000 0.040625 0.031250 0.009375
0 0.775000 0.056250 0.034375 0.015625
0 0.839063 0.062500 0.031250 0.012500
0 0.899219 0.010156 0.020313 0.017188
0 0.912500 0.010156 0.012500 0.017188
0 0.927344 0.011719 0.014063 0.020313
0 0.912500 0.150000 0.018750 0.028125
0 0.800000 0.187500 0.025000 0.009375
0 0.799219 0.167969 0.032813 0.014063
0 0.796875 0.196875 0.025000 0.012500
0 0.796094 0.208594 0.029687 0.010937
0 0.790625 0.249219 0.025000 0.010937
0 0.792188 0.259375 0.028125 0.009375
0 0.643750 0.212500 0.025000 0.012500
0 0.596875 0.208594 0.028125 0.010937
0 0.523438 0.203125 0.028125 0.009375
0 0.893750 0.314063 0.012500 0.015625
0 0.892969 0.336719 0.014063 0.020313
0 0.892188 0.356250 0.012500 0.018750
0 0.928125 0.537500 0.028125 0.012500
0 0.743750 0.604688 0.021875 0.021875
0 0.756250 0.600000 0.021875 0.018750
0 0.771094 0.600000 0.023438 0.021875
0 0.790625 0.603125 0.021875 0.018750
0 0.809375 0.604688 0.018750 0.015625
0 0.864844 0.871875 0.014063 0.025000
0 0.946094 0.839063 0.017188 0.018750
0 0.925000 0.562500 0.021875 0.012500
