0 0.160156 0.019531 0.029687 0.014063
0 0.185938 0.033594 0.028125 0.014063
0 0.372656 0.029687 0.029687 0.012500
0 0.567187 0.053125 0.028125 0.015625
0 0.282813 0.184375 0.012500 0.028125
0 0.296875 0.184375 0.012500 0.021875
0 0.308594 0.184375 0.014063 0.021875
0 0.378125 0.186719 0.015625 0.023438
0 0.403125 0.192188 0.015625 0.021875
0 0.418750 0.194531 0.012500 0.023438
0 0.482031 0.198437 0.014063 0.021875
0 0.525000 0.199219 0.015625 0.023438
0 0.569531 0.201563 0.014063 0.021875
0 0.622656 0.204687 0.014063 0.021875
0 0.642188 0.160156 0.025000 0.014063
0 0.644531 0.177344 0.026562 0.014063
0 0.717187 0.171875 0.028125 0.015625
0 0.995313 0.164844 0.009375 0.026562
0 0.953125 0.307031 0.012500 0.023438
0 0.238281 0.557813 0.026562 0.012500
0 0.242188 0.572656 0.028125 0.010937
0 0.239844 0.582812 0.026562 0.012500
0 0.244531 0.593750 0.026562 0.012500
0 0.242188 0.604688 0.028125 0.012500
0 0.171094 0.607031 0.026562 0.014063
0 0.175000 0.626563 0.031250 0.012500
0 0.170313 0.637500 0.028125 0.012500
0 0.708594 0.523438 0.010937 0.021875
0 0.604688 0.595313 0.015625 0.025000
0 0.642188 0.597656 0.015625 0.020313
0 0.655469 0.599219 0.014063 0.017188
0 0.672656 0.600781 0.017188 0.017188
0 0.614062 0.650000 0.012500 0.021875
0 0.627344 0.651563 0.014063 0.021875
0 0.651563 0.653125 0.012500 0.021875
0 0.665625 0.649219 0.012500 0.017188
0 0.703125 0.650000 0.015625 0.025000
0 0.721094 0.653125 0.017188 0.021875
