0 0.140625 0.009375 0.015625 0.015625
0 0.285938 0.092188 0.015625 0.018750
0 0.480469 0.058594 0.023438 0.014063
0 0.578125 0.181250 0.025000 0.015625
0 0.470313 0.358594 0.018750 0.017188
0 0.306250 0.384375 0.021875 0.025000
0 0.315625 0.426563 0.021875 0.009375
0 0.254688 0.434375 0.028125 0.009375
0 0.271094 0.470313 0.020313 0.009375
0 0.189844 0.408594 0.017188 0.023438
0 0.207813 0.443750 0.021875 0.015625
0 0.217188 0.475000 0.025000 0.012500
0 0.782813 0.187500 0.025000 0.012500
0 0.785156 0.196094 0.032813 0.007812
0 0.783594 0.204687 0.032813 0.012500
