0 0.750781 0.512500 0.017188 0.028125
0 0.764844 0.517969 0.017188 0.020313
0 0.142187 0.384375 0.025000 0.012500
0 0.068750 0.426563 0.025000 0.012500
0 0.016406 0.419531 0.014063 0.020313
0 0.025000 0.464062 0.015625 0.021875
0 0.611719 0.400000 0.020313 0.018750
0 0.005469 0.021875 0.007812 0.012500
0 0.009375 0.019531 0.015625 0.017188
0 0.025000 0.016406 0.012500 0.014063
0 0.035937 0.016406 0.015625 0.020313
0 0.050781 0.014844 0.014063 0.017188
0 0.063281 0.017188 0.017188 0.021875
0 0.077344 0.022656 0.010937 0.017188
0 0.089844 0.022656 0.010937 0.017188
0 0.100000 0.027344 0.012500 0.020313
0 0.111719 0.035937 0.014063 0.015625
0 0.118750 0.045312 0.015625 0.015625
0 0.120313 0.057031 0.021875 0.014063
0 0.126562 0.067969 0.021875 0.010937
0 0.124219 0.078125 0.023438 0.009375
0 0.119531 0.086719 0.026562 0.010937
0 0.119531 0.098437 0.026562 0.009375
0 0.114062 0.107031 0.025000 0.010937
0 0.107813 0.115625 0.028125 0.009375
0 0.092188 0.131250 0.025000 0.012500
0 0.084375 0.139063 0.021875 0.012500
0 0.065625 0.153906 0.021875 0.014063
0 0.040625 0.159375 0.028125 0.018750
0 0.032031 0.085938 0.020313 0.015625
0 0.060156 0.088281 0.020313 0.014063
0 0.053125 0.094531 0.018750 0.014063
0 0.048438 0.100000 0.012500 0.015625
0 0.042188 0.108594 0.018750 0.014063
0 0.032031 0.115625 0.017188 0.018750
0 0.023438 0.121875 0.015625 0.015625
0 0.010937 0.125781 0.012500 0.020313
0 0.003906 0.125781 0.004687 0.020313
0 0.041406 0.062500 0.014063 0.018750
0 0.026562 0.064062 0.015625 0.018750
0 0.014063 0.065625 0.012500 0.015625
0 0.005469 0.070312 0.007812 0.018750
