0 0.581731 0.022837 0.038462 0.016827
0 0.606971 0.074519 0.036058 0.024038
0 0.799279 0.037260 0.036058 0.026442
0 0.651442 0.165865 0.028846 0.033654
0 0.787260 0.152644 0.026442 0.040865
0 0.807692 0.146635 0.019231 0.028846
0 0.933894 0.098558 0.026442 0.033654
0 0.024038 0.171875 0.024038 0.026442
0 0.121394 0.215144 0.026442 0.031250
0 0.147837 0.199519 0.026442 0.028846
0 0.301683 0.378606 0.031250 0.021635
0 0.287260 0.395433 0.026442 0.016827
0 0.295673 0.414663 0.038462 0.021635
0 0.236779 0.487981 0.036058 0.024038
0 0.288462 0.569712 0.024038 0.028846
0 0.224760 0.635817 0.031250 0.016827
0 0.231971 0.653846 0.036058 0.014423
0 0.234375 0.801683 0.031250 0.016827
0 0.453125 0.736779 0.026442 0.021635
0 0.486779 0.764423 0.026442 0.024038
0 0.412260 0.987981 0.026442 0.024038
0 0.436298 0.984375 0.021635 0.021635
0 0.507212 0.919471 0.028846 0.026442
0 0.526442 0.909856 0.024038 0.021635
0 0.546875 0.895433 0.031250 0.031250
0 0.566106 0.885817 0.031250 0.026442
0 0.406250 0.527644 0.033654 0.026442
0 0.469952 0.449519 0.031250 0.024038
0 0.490385 0.400240 0.028846 0.021635
0 0.449519 0.341346 0.024038 0.028846
0 0.945913 0.564904 0.031250 0.019231
0 0.937500 0.659856 0.038462 0.021635
0 0.924279 0.733173 0.040865 0.019231
0 0.906250 0.716346 0.038462 0.019231
0 0.915865 0.902644 0.048077 0.021635
0 0.975962 0.963942 0.024038 0.024038
0 0.213942 0.855769 0.028846 0.024038
0 0.229567 0.870192 0.031250 0.024038
