0 0.778125 0.040625 0.031250 0.015625
0 0.781250 0.053125 0.028125 0.015625
0 0.780469 0.066406 0.029687 0.010937
0 0.892188 0.135156 0.015625 0.023438
0 0.889062 0.165625 0.018750 0.028125
0 0.968750 0.027344 0.037500 0.010937
0 0.939844 0.360938 0.042188 0.021875
0 0.935156 0.389062 0.032813 0.015625
0 0.803125 0.432031 0.021875 0.020313
0 0.783594 0.431250 0.017188 0.021875
0 0.767969 0.432031 0.017188 0.023438
0 0.747656 0.432812 0.017188 0.018750
0 0.732812 0.430469 0.021875 0.017188
0 0.867188 0.719531 0.018750 0.026562
0 0.954688 0.685937 0.021875 0.021875
0 0.910937 0.778125 0.025000 0.018750
0 0.895312 0.875781 0.021875 0.023438
0 0.099219 0.924219 0.032813 0.020313
0 0.131250 0.927344 0.040625 0.017188
0 0.142969 0.580469 0.032813 0.014063
