0 0.928125 0.034375 0.025000 0.021875
0 0.937500 0.046875 0.021875 0.018750
0 0.943750 0.055469 0.025000 0.023438
0 0.896094 0.071875 0.020313 0.028125
0 0.925000 0.136719 0.021875 0.032813
0 0.071094 0.330469 0.023438 0.026562
0 0.117188 0.418750 0.021875 0.025000
0 0.165625 0.468750 0.015625 0.021875
0 0.342969 0.846875 0.029687 0.018750
0 0.346875 0.862500 0.021875 0.009375
0 0.353125 0.871094 0.025000 0.014063
0 0.360938 0.880469 0.021875 0.010937
0 0.410938 0.896875 0.021875 0.025000
0 0.515625 0.942969 0.025000 0.017188
0 0.542188 0.950000 0.018750 0.021875
0 0.913281 0.103906 0.023438 0.029687
