0 0.112500 0.352344 0.021875 0.014063
0 0.148438 0.417187 0.015625 0.018750
0 0.157812 0.424219 0.018750 0.020313
0 0.396094 0.642969 0.029687 0.014063
0 0.014844 0.715625 0.026562 0.012500
0 0.010156 0.724219 0.017188 0.007812
0 0.007812 0.735938 0.012500 0.012500
0 0.003906 0.753906 0.004687 0.010937
0 0.063281 0.750000 0.023438 0.012500
0 0.080469 0.669531 0.020313 0.017188
0 0.092188 0.664062 0.018750 0.018750
0 0.107031 0.664062 0.017188 0.015625
0 0.121094 0.661719 0.017188 0.020313
0 0.132812 0.660156 0.015625 0.020313
0 0.146875 0.659375 0.015625 0.018750
0 0.159375 0.660156 0.015625 0.023438
0 0.172656 0.664844 0.010937 0.020313
0 0.186719 0.666406 0.010937 0.020313
0 0.197656 0.671875 0.017188 0.018750
0 0.210156 0.680469 0.017188 0.017188
0 0.213281 0.691406 0.023438 0.017188
0 0.220312 0.701562 0.021875 0.015625
0 0.222656 0.722656 0.029687 0.014063
0 0.218750 0.734375 0.028125 0.009375
0 0.217969 0.743750 0.029687 0.009375
0 0.211719 0.752344 0.023438 0.007812
0 0.206250 0.761719 0.025000 0.010937
0 0.198437 0.769531 0.021875 0.010937
0 0.180469 0.783594 0.023438 0.017188
0 0.172656 0.792969 0.023438 0.014063
0 0.161719 0.799219 0.023438 0.014063
0 0.136719 0.807031 0.026562 0.020313
0 0.089844 0.825000 0.020313 0.021875
0 0.081250 0.775000 0.015625 0.018750
0 0.079687 0.723437 0.018750 0.021875
0 0.089844 0.717187 0.014063 0.018750
0 0.100781 0.714844 0.017188 0.020313
0 0.121875 0.707812 0.012500 0.018750
0 0.136719 0.708594 0.017188 0.020313
0 0.152344 0.739062 0.020313 0.018750
0 0.146094 0.748437 0.017188 0.015625
0 0.138281 0.755469 0.017188 0.017188
0 0.119531 0.767969 0.014063 0.017188
0 0.107813 0.771875 0.015625 0.021875
0 0.095312 0.772656 0.012500 0.020313
