0 0.919531 0.071094 0.020313 0.023438
0 0.934375 0.092188 0.012500 0.015625
0 0.950781 0.134375 0.017188 0.015625
0 0.972656 0.203125 0.017188 0.018750
0 0.905469 0.096875 0.026562 0.015625
0 0.850000 0.090625 0.025000 0.018750
0 0.803906 0.065625 0.023438 0.015625
0 0.584375 0.117188 0.021875 0.025000
0 0.627344 0.153125 0.020313 0.012500
0 0.497656 0.230469 0.023438 0.014063
0 0.356250 0.295312 0.028125 0.015625
0 0.547656 0.137500 0.020313 0.015625
0 0.535937 0.141406 0.025000 0.020313
0 0.213281 0.056250 0.026562 0.028125
0 0.136719 0.372656 0.023438 0.014063
