0 0.868750 0.339844 0.021875 0.023438
0 0.956250 0.345313 0.021875 0.025000
0 0.339844 0.385937 0.023438 0.015625
0 0.396094 0.384375 0.023438 0.015625
0 0.393750 0.196875 0.028125 0.012500
0 0.412500 0.180469 0.021875 0.010937
0 0.214844 0.668750 0.023438 0.015625
0 0.207813 0.678125 0.025000 0.012500
0 0.212500 0.690625 0.025000 0.009375
0 0.217188 0.703125 0.025000 0.009375
0 0.214844 0.734375 0.026562 0.012500
0 0.212500 0.743750 0.028125 0.012500
0 0.214844 0.755469 0.029687 0.014063
0 0.210938 0.765625 0.031250 0.015625
0 0.214844 0.778125 0.026562 0.015625
0 0.215625 0.807813 0.021875 0.015625
0 0.212500 0.818750 0.021875 0.009375
0 0.737500 0.931250 0.034375 0.015625
0 0.725000 0.946875 0.028125 0.015625
0 0.725000 0.959375 0.031250 0.012500
0 0.830469 0.964063 0.017188 0.021875
