0 0.016406 0.400781 0.020313 0.026562
0 0.550781 0.295312 0.020313 0.025000
0 0.547656 0.323437 0.017188 0.021875
0 0.547656 0.353906 0.014063 0.017188
0 0.550000 0.381250 0.015625 0.025000
0 0.549219 0.413281 0.017188 0.026562
0 0.529687 0.413281 0.012500 0.026562
0 0.581250 0.442969 0.015625 0.026562
0 0.584375 0.334375 0.015625 0.021875
0 0.822656 0.044531 0.014063 0.023438
0 0.860938 0.046875 0.015625 0.021875
0 0.888281 0.047656 0.014063 0.023438
0 0.764844 0.085938 0.014063 0.018750
0 0.782031 0.083594 0.014063 0.023438
0 0.799219 0.076563 0.014063 0.021875
0 0.851562 0.088281 0.015625 0.023438
0 0.867188 0.089844 0.012500 0.023438
0 0.900781 0.091406 0.017188 0.020313
0 0.873437 0.105469 0.015625 0.020313
0 0.847656 0.106250 0.017188 0.018750
0 0.824219 0.099219 0.017188 0.017188
0 0.825000 0.117969 0.018750 0.017188
0 0.800781 0.103906 0.010937 0.020313
0 0.789062 0.103125 0.012500 0.018750
0 0.775781 0.103906 0.014063 0.020313
0 0.750781 0.104688 0.014063 0.015625
0 0.732812 0.132031 0.018750 0.029687
0 0.760156 0.139844 0.014063 0.023438
0 0.774219 0.137500 0.014063 0.021875
0 0.796094 0.140625 0.014063 0.021875
0 0.810156 0.142187 0.014063 0.021875
0 0.821875 0.141406 0.012500 0.017188
0 0.835938 0.141406 0.012500 0.017188
0 0.846094 0.143750 0.010937 0.021875
0 0.860156 0.145313 0.010937 0.018750
0 0.871094 0.147656 0.010937 0.020313
0 0.884375 0.150781 0.012500 0.020313
0 0.725781 0.178906 0.026562 0.014063
0 0.724219 0.191406 0.029687 0.010937
0 0.725000 0.201563 0.021875 0.009375
0 0.721875 0.210938 0.025000 0.009375
0 0.723437 0.220312 0.028125 0.009375
0 0.721875 0.229687 0.028125 0.009375
0 0.718750 0.241406 0.028125 0.007812
0 0.721094 0.249219 0.026562 0.010937
0 0.719531 0.260156 0.026562 0.007812
0 0.721875 0.269531 0.021875 0.010937
0 0.721094 0.278125 0.023438 0.009375
0 0.715625 0.289062 0.025000 0.012500
0 0.717187 0.299219 0.028125 0.007812
0 0.717969 0.307812 0.029687 0.009375
0 0.717187 0.316406 0.028125 0.010937
0 0.718750 0.326562 0.025000 0.009375
0 0.718750 0.337500 0.031250 0.009375
0 0.714063 0.349219 0.025000 0.010937
0 0.720313 0.355469 0.028125 0.014063
0 0.750000 0.363281 0.012500 0.020313
0 0.764844 0.363281 0.017188 0.020313
0 0.779687 0.193750 0.012500 0.021875
0 0.790625 0.195312 0.012500 0.018750
0 0.803906 0.195312 0.014063 0.021875
0 0.816406 0.193750 0.014063 0.021875
0 0.830469 0.196875 0.010937 0.021875
0 0.767188 0.225781 0.025000 0.010937
0 0.767188 0.235156 0.025000 0.010937
0 0.766406 0.253906 0.020313 0.010937
0 0.770312 0.264062 0.025000 0.009375
0 0.769531 0.273438 0.023438 0.009375
0 0.785156 0.286719 0.014063 0.020313
0 0.800000 0.288281 0.012500 0.020313
0 0.812500 0.289062 0.012500 0.021875
0 0.825000 0.288281 0.012500 0.020313
0 0.853906 0.225781 0.023438 0.010937
0 0.851562 0.235937 0.025000 0.012500
0 0.850000 0.255469 0.018750 0.010937
0 0.852344 0.264844 0.017188 0.010937
0 0.848437 0.275781 0.025000 0.010937
0 0.837500 0.289844 0.012500 0.020313
0 0.850781 0.289062 0.014063 0.015625
0 0.769531 0.387500 0.017188 0.021875
0 0.800000 0.382812 0.018750 0.021875
0 0.797656 0.363281 0.014063 0.014063
0 0.809375 0.359375 0.015625 0.021875
0 0.822656 0.354687 0.020313 0.025000
0 0.838281 0.356250 0.017188 0.021875
0 0.852344 0.354687 0.014063 0.021875
0 0.861719 0.353906 0.020313 0.023438
0 0.877344 0.353125 0.014063 0.021875
0 0.889844 0.354687 0.014063 0.021875
0 0.903906 0.355469 0.014063 0.020313
0 0.914844 0.353125 0.010937 0.021875
0 0.925781 0.353906 0.014063 0.020313
0 0.963281 0.007812 0.032813 0.012500
0 0.950781 0.053906 0.035937 0.017188
0 0.946875 0.068750 0.037500 0.012500
0 0.942969 0.100781 0.029687 0.010937
0 0.939844 0.114062 0.029687 0.012500
0 0.930469 0.135156 0.032813 0.017188
0 0.931250 0.162500 0.031250 0.015625
0 0.919531 0.185156 0.026562 0.010937
0 0.917969 0.192969 0.029687 0.010937
0 0.917969 0.204687 0.026562 0.009375
0 0.921094 0.215625 0.026562 0.012500
0 0.920312 0.228125 0.028125 0.009375
0 0.917188 0.240625 0.031250 0.009375
0 0.917188 0.247656 0.034375 0.010937
0 0.916406 0.259375 0.032813 0.009375
0 0.917969 0.270313 0.029687 0.012500
0 0.917188 0.281250 0.031250 0.009375
0 0.915625 0.294531 0.028125 0.010937
0 0.917188 0.303906 0.028125 0.010937
0 0.917188 0.314063 0.028125 0.012500
0 0.968750 0.282813 0.025000 0.015625
0 0.967969 0.292969 0.023438 0.017188
0 0.965625 0.306250 0.028125 0.015625
0 0.992969 0.026562 0.014063 0.009375
0 0.992188 0.035937 0.015625 0.012500
0 0.994531 0.016406 0.010937 0.010937
0 0.991406 0.004687 0.014063 0.006250
0 0.989062 0.057031 0.021875 0.017188
0 0.991406 0.070312 0.017188 0.015625
0 0.988281 0.080469 0.017188 0.014063
0 0.978906 0.110937 0.014063 0.018750
0 0.978906 0.129688 0.014063 0.015625
0 0.977344 0.149219 0.010937 0.017188
0 0.973437 0.191406 0.012500 0.017188
0 0.969531 0.212500 0.010937 0.015625
0 0.968750 0.230469 0.012500 0.017188
0 0.992188 0.670312 0.015625 0.025000
