0 0.320312 0.034375 0.015625 0.021875
0 0.325000 0.125000 0.018750 0.021875
0 0.312500 0.275000 0.018750 0.021875
0 0.286719 0.400000 0.014063 0.025000
0 0.265625 0.567187 0.021875 0.025000
0 0.211719 0.859375 0.026562 0.025000
0 0.224219 0.893750 0.020313 0.021875
0 0.468750 0.314844 0.012500 0.020313
0 0.512500 0.312500 0.025000 0.015625
0 0.500000 0.564063 0.025000 0.018750
0 0.429688 0.071875 0.015625 0.021875
0 0.450000 0.560937 0.025000 0.006250
0 0.496094 0.642969 0.020313 0.023438
0 0.537500 0.637500 0.015625 0.018750
0 0.539844 0.717969 0.014063 0.026562
0 0.550000 0.720313 0.015625 0.025000
0 0.567187 0.700000 0.025000 0.031250
0 0.586719 0.696094 0.017188 0.020313
0 0.596875 0.693750 0.018750 0.025000
0 0.615625 0.693750 0.012500 0.025000
0 0.578125 0.721094 0.015625 0.017188
0 0.489063 0.783594 0.015625 0.032813
0 0.503125 0.712500 0.018750 0.034375
0 0.633594 0.627344 0.020313 0.029687
0 0.653125 0.661719 0.018750 0.014063
0 0.880469 0.234375 0.014063 0.018750
0 0.959375 0.234375 0.043750 0.018750
0 0.986719 0.243750 0.020313 0.018750
0 0.850000 0.271875 0.012500 0.021875
0 0.825000 0.228125 0.015625 0.021875
0 0.837500 0.228125 0.009375 0.018750
0 0.968750 0.281250 0.015625 0.021875
0 0.823438 0.287500 0.021875 0.009375
0 0.818750 0.325000 0.025000 0.009375
0 0.815625 0.333594 0.018750 0.010937
0 0.814063 0.362500 0.018750 0.006250
0 0.818750 0.346875 0.018750 0.009375
0 0.815625 0.371875 0.025000 0.012500
0 0.815625 0.381250 0.021875 0.009375
0 0.812500 0.418750 0.025000 0.012500
0 0.815625 0.443750 0.025000 0.009375
0 0.807813 0.481250 0.025000 0.012500
0 0.806250 0.492188 0.025000 0.012500
0 0.805469 0.506250 0.023438 0.009375
0 0.804688 0.518750 0.025000 0.006250
0 0.755469 0.456250 0.023438 0.015625
0 0.752344 0.475000 0.020313 0.012500
0 0.753125 0.492969 0.021875 0.014063
0 0.750000 0.509375 0.021875 0.006250
0 0.749219 0.517188 0.020313 0.009375
0 0.762500 0.346094 0.025000 0.010937
0 0.762500 0.356250 0.025000 0.009375
0 0.759375 0.384375 0.021875 0.006250
