0 0.050000 0.036719 0.018750 0.023438
0 0.105469 0.500000 0.029687 0.021875
0 0.302344 0.431250 0.026562 0.015625
0 0.219531 0.621094 0.017188 0.020313
0 0.368750 0.940625 0.021875 0.037500
0 0.361719 0.459375 0.026562 0.018750
0 0.403125 0.433594 0.028125 0.017188
0 0.634375 0.089844 0.021875 0.020313
0 0.625000 0.130469 0.009375 0.020313
0 0.634375 0.278125 0.015625 0.018750
0 0.615625 0.307812 0.015625 0.021875
0 0.936719 0.318750 0.032813 0.015625
0 0.992969 0.317188 0.014063 0.012500
0 0.967969 0.006250 0.020313 0.009375
0 0.962500 0.018750 0.018750 0.009375
0 0.990625 0.008594 0.015625 0.014063
0 0.990625 0.024219 0.018750 0.010937
0 0.878125 0.034375 0.009375 0.018750
0 0.890625 0.036719 0.009375 0.017188
0 0.918750 0.036719 0.006250 0.017188
0 0.821094 0.025000 0.010937 0.018750
0 0.809375 0.029687 0.009375 0.021875
0 0.796875 0.030469 0.009375 0.014063
0 0.837500 0.043750 0.009375 0.018750
0 0.827344 0.043750 0.007812 0.015625
0 0.818750 0.048438 0.009375 0.018750
0 0.856250 0.040625 0.012500 0.009375
0 0.856250 0.056250 0.012500 0.015625
0 0.783594 0.062500 0.010937 0.021875
0 0.805469 0.076563 0.014063 0.012500
0 0.818750 0.071875 0.009375 0.018750
0 0.834375 0.078125 0.009375 0.018750
0 0.855469 0.078125 0.007812 0.018750
0 0.867188 0.077344 0.012500 0.020313
0 0.876563 0.078125 0.006250 0.021875
0 0.887500 0.081250 0.009375 0.021875
0 0.896875 0.081250 0.006250 0.018750
0 0.906250 0.083594 0.003125 0.017188
0 0.778125 0.102344 0.021875 0.007812
0 0.778125 0.121094 0.018750 0.010937
0 0.778125 0.136719 0.021875 0.007812
0 0.777344 0.143750 0.020313 0.009375
0 0.778125 0.162500 0.021875 0.009375
0 0.777344 0.174219 0.020313 0.010937
0 0.776563 0.183594 0.018750 0.010937
0 0.773438 0.203125 0.021875 0.012500
0 0.775000 0.221875 0.021875 0.009375
0 0.775000 0.231250 0.018750 0.006250
0 0.777344 0.243750 0.020313 0.006250
0 0.855469 0.118750 0.007812 0.015625
0 0.821875 0.117969 0.009375 0.014063
0 0.809375 0.117188 0.009375 0.018750
0 0.809375 0.164844 0.018750 0.010937
0 0.850000 0.196875 0.009375 0.015625
0 0.840625 0.193750 0.009375 0.018750
0 0.830469 0.195312 0.014063 0.021875
0 0.885938 0.130469 0.009375 0.014063
0 0.890625 0.145313 0.018750 0.009375
0 0.889844 0.153125 0.020313 0.006250
0 0.900000 0.162500 0.012500 0.018750
0 0.871094 0.193750 0.010937 0.018750
0 0.846875 0.249219 0.015625 0.017188
0 0.858594 0.249219 0.010937 0.017188
0 0.870313 0.246875 0.006250 0.021875
0 0.881250 0.246875 0.012500 0.018750
0 0.911719 0.243750 0.010937 0.018750
0 0.950000 0.092969 0.015625 0.010937
0 0.937500 0.133594 0.021875 0.010937
0 0.934375 0.146094 0.025000 0.007812
0 0.934375 0.155469 0.021875 0.007812
0 0.977344 0.186719 0.023438 0.017188
0 0.975000 0.196875 0.021875 0.015625
0 0.983594 0.065625 0.010937 0.018750
0 0.946875 0.071094 0.018750 0.010937
0 0.946875 0.059375 0.021875 0.009375
0 0.958594 0.043750 0.017188 0.006250
0 0.936719 0.168750 0.023438 0.006250
0 0.934375 0.177344 0.025000 0.007812
0 0.939844 0.186719 0.026562 0.007812
0 0.934375 0.193750 0.025000 0.009375
0 0.934375 0.205469 0.021875 0.007812
0 0.934375 0.217188 0.025000 0.012500
0 0.923438 0.246094 0.009375 0.020313
0 0.993750 0.500000 0.009375 0.025000
0 0.325000 0.721875 0.012500 0.015625
