0 0.055288 0.737981 0.043269 0.024038
0 0.030048 0.882212 0.040865 0.019231
0 0.037260 0.847356 0.036058 0.021635
0 0.050481 0.692308 0.033654 0.024038
0 0.030048 0.676683 0.036058 0.021635
0 0.022837 0.599760 0.040865 0.031250
0 0.085337 0.379808 0.036058 0.028846
0 0.263221 0.441106 0.036058 0.031250
0 0.281250 0.550481 0.038462 0.024038
0 0.262019 0.585337 0.038462 0.031250
0 0.272837 0.564904 0.045673 0.028846
0 0.103365 0.439904 0.043269 0.028846
0 0.016827 0.945913 0.028846 0.026442
0 0.758413 0.641827 0.040865 0.028846
0 0.706731 0.679087 0.033654 0.031250
0 0.831731 0.578125 0.033654 0.031250
0 0.962740 0.592548 0.036058 0.021635
0 0.772837 0.768029 0.031250 0.031250
0 0.734375 0.332933 0.021635 0.031250
0 0.576923 0.257212 0.043269 0.019231
0 0.568510 0.217548 0.045673 0.021635
0 0.582933 0.201923 0.040865 0.024038
0 0.131010 0.044471 0.026442 0.036058
0 0.256010 0.040865 0.026442 0.033654
0 0.334135 0.052885 0.028846 0.038462
0 0.199519 0.364183 0.038462 0.026442
0 0.669471 0.318510 0.021635 0.036058
0 0.600962 0.147837 0.043269 0.026442
0 0.895433 0.818510 0.040865 0.036058
0 0.912260 0.569712 0.040865 0.033654
0 0.224760 0.390625 0.045673 0.031250
0 0.010817 0.984375 0.016827 0.021635
0 0.016827 0.409856 0.028846 0.031250
0 0.211538 0.631010 0.033654 0.026442
0 0.558894 0.979567 0.026442 0.026442
0 0.543269 0.989183 0.019231 0.016827
