0 0.863281 0.157031 0.014063 0.020313
0 0.889062 0.156250 0.015625 0.021875
0 0.908594 0.156250 0.010937 0.021875
0 0.925000 0.157031 0.009375 0.020313
0 0.948438 0.154688 0.015625 0.018750
0 0.989062 0.153125 0.015625 0.018750
0 0.959375 0.272656 0.012500 0.017188
0 0.946875 0.271875 0.012500 0.018750
0 0.934375 0.273438 0.012500 0.021875
0 0.935937 0.317188 0.018750 0.021875
0 0.895312 0.275781 0.015625 0.017188
0 0.882031 0.276562 0.010937 0.015625
0 0.870313 0.275781 0.015625 0.020313
0 0.847656 0.277344 0.014063 0.020313
0 0.833594 0.278125 0.014063 0.018750
0 0.819531 0.276562 0.010937 0.021875
0 0.741406 0.278906 0.020313 0.014063
0 0.735938 0.285938 0.021875 0.015625
0 0.728125 0.290625 0.018750 0.015625
0 0.720313 0.300781 0.025000 0.017188
0 0.709375 0.310937 0.021875 0.015625
0 0.701562 0.318750 0.021875 0.015625
0 0.893750 0.442188 0.028125 0.015625
0 0.763281 0.322656 0.020313 0.023438
0 0.774219 0.328125 0.023438 0.015625
0 0.782031 0.333594 0.020313 0.017188
0 0.791406 0.340625 0.020313 0.018750
0 0.799219 0.345313 0.020313 0.018750
0 0.810156 0.351562 0.020313 0.018750
0 0.822656 0.357031 0.017188 0.017188
0 0.832812 0.360156 0.018750 0.023438
0 0.750000 0.335938 0.021875 0.015625
0 0.760156 0.339062 0.017188 0.018750
0 0.772656 0.353125 0.017188 0.021875
0 0.784375 0.358594 0.018750 0.020313
0 0.796094 0.364063 0.017188 0.018750
0 0.482812 0.425000 0.025000 0.018750
0 0.658594 0.483594 0.026562 0.020313
0 0.667969 0.490625 0.023438 0.015625
0 0.039062 0.660937 0.018750 0.009375
0 0.187500 0.704688 0.018750 0.021875
0 0.200781 0.715625 0.020313 0.015625
0 0.269531 0.735156 0.023438 0.017188
0 0.300000 0.753125 0.028125 0.021875
