0 0.395313 0.333594 0.018750 0.026562
0 0.312500 0.434375 0.021875 0.021875
0 0.231250 0.725000 0.081250 0.043750
0 0.248438 0.733594 0.021875 0.014063
0 0.292969 0.746875 0.023438 0.015625
0 0.346875 0.687500 0.021875 0.009375
0 0.361719 0.667969 0.020313 0.014063
0 0.531250 0.610938 0.021875 0.015625
0 0.605469 0.628125 0.023438 0.018750
0 0.635938 0.574219 0.021875 0.007812
0 0.683594 0.581250 0.020313 0.009375
0 0.746094 0.539844 0.026562 0.020313
0 0.746094 0.580469 0.020313 0.017188
0 0.846875 0.379688 0.015625 0.021875
0 0.840625 0.415625 0.018750 0.028125
0 0.842969 0.450000 0.014063 0.021875
0 0.887500 0.453125 0.021875 0.018750
0 0.837500 0.485938 0.012500 0.018750
0 0.859375 0.459375 0.018750 0.018750
0 0.675000 0.033594 0.031250 0.017188
0 0.995313 0.314063 0.009375 0.009375
0 0.993750 0.436719 0.012500 0.007812
0 0.993750 0.429688 0.012500 0.006250
0 0.993750 0.422656 0.012500 0.007812
0 0.993750 0.414062 0.012500 0.009375
0 0.992969 0.404687 0.014063 0.009375
