0 0.418750 0.278125 0.018750 0.021875
0 0.451562 0.314844 0.018750 0.023438
0 0.475000 0.316406 0.015625 0.017188
0 0.565625 0.314844 0.012500 0.020313
0 0.451562 0.334375 0.015625 0.018750
0 0.320312 0.392188 0.025000 0.021875
0 0.368750 0.659375 0.015625 0.018750
0 0.365625 0.696875 0.015625 0.025000
0 0.378125 0.697656 0.012500 0.017188
0 0.377344 0.717187 0.014063 0.015625
0 0.389844 0.716406 0.014063 0.020313
0 0.410938 0.718750 0.015625 0.018750
0 0.392188 0.759375 0.012500 0.018750
0 0.403125 0.759375 0.009375 0.018750
0 0.414062 0.759375 0.012500 0.018750
0 0.446875 0.758594 0.012500 0.023438
0 0.365625 0.778906 0.015625 0.023438
0 0.379688 0.776563 0.012500 0.018750
0 0.391406 0.777344 0.010937 0.017188
0 0.415625 0.775781 0.012500 0.014063
0 0.425000 0.777344 0.009375 0.023438
0 0.471094 0.820312 0.010937 0.021875
0 0.437500 0.817969 0.009375 0.020313
0 0.427344 0.817187 0.010937 0.018750
0 0.414062 0.817187 0.015625 0.018750
0 0.368750 0.817969 0.012500 0.020313
0 0.371094 0.839844 0.014063 0.020313
0 0.392188 0.836719 0.015625 0.020313
0 0.416406 0.836719 0.014063 0.020313
0 0.450000 0.836719 0.012500 0.023438
0 0.382031 0.878906 0.010937 0.020313
