0 0.367188 0.188281 0.031250 0.010937
0 0.357812 0.202344 0.031250 0.014063
0 0.356250 0.214844 0.031250 0.014063
0 0.491406 0.255469 0.017188 0.017188
0 0.512500 0.257031 0.015625 0.020313
0 0.602344 0.257031 0.014063 0.020313
0 0.415625 0.584375 0.015625 0.021875
0 0.410938 0.624219 0.015625 0.023438
0 0.424219 0.625000 0.014063 0.021875
0 0.413281 0.646094 0.014063 0.017188
0 0.425000 0.646094 0.009375 0.017188
0 0.435156 0.646875 0.010937 0.018750
0 0.457813 0.646875 0.012500 0.018750
0 0.492188 0.684375 0.015625 0.018750
0 0.457813 0.682031 0.015625 0.017188
0 0.434375 0.684375 0.015625 0.018750
0 0.426563 0.700781 0.012500 0.017188
0 0.411719 0.705469 0.017188 0.020313
0 0.459375 0.700000 0.012500 0.018750
0 0.471094 0.700781 0.010937 0.014063
0 0.483594 0.700781 0.017188 0.017188
0 0.516406 0.744531 0.014063 0.020313
0 0.483594 0.741406 0.010937 0.017188
0 0.495312 0.761719 0.012500 0.020313
0 0.472656 0.742969 0.010937 0.014063
0 0.459375 0.742969 0.012500 0.017188
0 0.414062 0.743750 0.015625 0.015625
0 0.450000 0.760938 0.012500 0.018750
0 0.436719 0.760156 0.014063 0.020313
0 0.414844 0.762500 0.017188 0.018750
0 0.428125 0.802344 0.009375 0.017188
0 0.382031 0.875781 0.017188 0.026562
0 0.429688 0.934375 0.012500 0.018750
0 0.292187 0.992188 0.012500 0.015625
0 0.277344 0.992188 0.010937 0.015625
0 0.264062 0.992188 0.015625 0.015625
0 0.086719 0.993750 0.026562 0.012500
0 0.014844 0.877344 0.023438 0.010937
0 0.019531 0.857031 0.026562 0.010937
0 0.014844 0.827344 0.020313 0.010937
0 0.015625 0.817969 0.021875 0.007812
0 0.015625 0.807813 0.025000 0.009375
0 0.014844 0.791406 0.023438 0.010937
0 0.014844 0.782813 0.023438 0.009375
0 0.011719 0.767969 0.017188 0.007812
0 0.013281 0.757031 0.017188 0.010937
0 0.364844 0.328906 0.020313 0.020313
