0 0.214844 0.299219 0.014063 0.026562
0 0.049219 0.650000 0.026562 0.015625
0 0.510938 0.667969 0.015625 0.023438
0 0.653125 0.785937 0.015625 0.025000
0 0.188281 0.678125 0.029687 0.015625
0 0.007031 0.400781 0.010937 0.014063
0 0.008594 0.389844 0.014063 0.014063
0 0.011719 0.381250 0.020313 0.012500
0 0.020313 0.373437 0.025000 0.012500
0 0.019531 0.361719 0.029687 0.014063
0 0.025781 0.350000 0.026562 0.012500
0 0.021094 0.331250 0.020313 0.015625
0 0.019531 0.321094 0.020313 0.010937
0 0.011719 0.310156 0.020313 0.014063
0 0.261719 0.611719 0.020313 0.023438
