0 0.942969 0.181250 0.029687 0.015625
0 0.760938 0.139844 0.028125 0.014063
0 0.668750 0.510938 0.012500 0.015625
0 0.693750 0.565625 0.015625 0.015625
0 0.680469 0.565625 0.007812 0.018750
0 0.667969 0.564063 0.010937 0.021875
0 0.640625 0.600000 0.015625 0.021875
0 0.665625 0.600000 0.012500 0.018750
0 0.677344 0.600000 0.007812 0.018750
0 0.689844 0.602344 0.014063 0.020313
0 0.493750 0.692969 0.018750 0.023438
0 0.514844 0.693750 0.017188 0.021875
0 0.528125 0.692969 0.015625 0.023438
0 0.553125 0.708594 0.015625 0.017188
0 0.559375 0.750000 0.015625 0.025000
0 0.526563 0.753125 0.012500 0.021875
0 0.511719 0.758594 0.014063 0.023438
0 0.484375 0.765625 0.025000 0.018750
0 0.554688 0.773438 0.021875 0.012500
0 0.565625 0.777344 0.021875 0.007812
0 0.520312 0.840625 0.025000 0.012500
0 0.496875 0.780469 0.015625 0.020313
0 0.471875 0.776563 0.025000 0.012500
0 0.473438 0.785937 0.025000 0.009375
0 0.475000 0.792969 0.021875 0.007812
0 0.471875 0.800000 0.025000 0.009375
0 0.471875 0.812500 0.021875 0.009375
0 0.468750 0.825000 0.021875 0.015625
0 0.468750 0.834375 0.018750 0.015625
0 0.468750 0.845313 0.021875 0.015625
0 0.467969 0.856250 0.020313 0.015625
0 0.468750 0.864844 0.021875 0.014063
0 0.467969 0.878125 0.023438 0.015625
0 0.464844 0.906250 0.023438 0.018750
0 0.465625 0.917969 0.025000 0.017188
0 0.464844 0.928125 0.023438 0.018750
0 0.525000 0.928125 0.021875 0.021875
0 0.546875 0.927344 0.015625 0.017188
0 0.556250 0.914844 0.015625 0.017188
0 0.558594 0.884375 0.023438 0.021875
0 0.558594 0.862500 0.020313 0.018750
0 0.559375 0.854688 0.018750 0.018750
0 0.564844 0.845313 0.017188 0.015625
0 0.668750 0.870313 0.028125 0.012500
0 0.671875 0.880469 0.021875 0.010937
0 0.674219 0.892188 0.023438 0.009375
0 0.675000 0.900000 0.021875 0.009375
0 0.418750 0.789844 0.028125 0.010937
0 0.415625 0.843750 0.021875 0.009375
0 0.412500 0.878125 0.025000 0.009375
0 0.411719 0.885938 0.026562 0.009375
0 0.407813 0.896094 0.021875 0.010937
0 0.411719 0.912500 0.023438 0.012500
0 0.362500 0.830469 0.021875 0.010937
0 0.362500 0.840625 0.025000 0.009375
0 0.358594 0.867969 0.017188 0.007812
0 0.359375 0.875000 0.018750 0.009375
0 0.262500 0.780469 0.025000 0.010937
0 0.262500 0.790625 0.025000 0.009375
0 0.255469 0.806250 0.026562 0.009375
0 0.255469 0.815625 0.023438 0.009375
0 0.254688 0.823438 0.028125 0.009375
0 0.255469 0.834375 0.023438 0.009375
0 0.255469 0.842969 0.023438 0.007812
0 0.255469 0.850000 0.026562 0.009375
0 0.255469 0.860938 0.029687 0.009375
0 0.255469 0.878125 0.026562 0.009375
0 0.250000 0.896094 0.025000 0.007812
0 0.207813 0.765625 0.028125 0.006250
0 0.205469 0.775000 0.023438 0.006250
0 0.207813 0.784375 0.025000 0.009375
0 0.205469 0.792969 0.020313 0.007812
0 0.203125 0.812500 0.025000 0.009375
0 0.205469 0.818750 0.020313 0.009375
0 0.202344 0.829688 0.023438 0.012500
0 0.200000 0.849219 0.021875 0.007812
0 0.131250 0.860938 0.025000 0.015625
0 0.065625 0.853125 0.021875 0.015625
0 0.065625 0.771875 0.021875 0.009375
0 0.075000 0.782813 0.025000 0.012500
0 0.075000 0.792188 0.025000 0.009375
0 0.073438 0.800000 0.021875 0.006250
0 0.027344 0.767188 0.026562 0.012500
0 0.378125 0.995313 0.025000 0.009375
0 0.069531 0.878125 0.026562 0.012500
0 0.070312 0.888281 0.025000 0.010937
0 0.060937 0.937500 0.025000 0.021875
0 0.024219 0.853906 0.020313 0.023438
0 0.761719 0.121875 0.032813 0.015625
0 0.744531 0.964063 0.035937 0.012500
0 0.832031 0.962500 0.032813 0.015625
0 0.706250 0.917188 0.028125 0.018750
