0 0.836719 0.245312 0.020313 0.031250
0 0.039844 0.621094 0.017188 0.020313
0 0.028125 0.621094 0.009375 0.017188
0 0.014063 0.620313 0.018750 0.018750
0 0.041406 0.690625 0.017188 0.021875
0 0.015625 0.692187 0.012500 0.018750
0 0.004687 0.693750 0.006250 0.018750
0 0.664062 0.646094 0.031250 0.014063
0 0.665625 0.667969 0.028125 0.010937
0 0.743750 0.785156 0.025000 0.010937
0 0.745313 0.798438 0.025000 0.009375
0 0.802344 0.642188 0.032813 0.009375
0 0.803906 0.653906 0.026562 0.010937
0 0.805469 0.664062 0.026562 0.009375
0 0.803906 0.688281 0.026562 0.007812
0 0.803125 0.701562 0.028125 0.009375
0 0.802344 0.710938 0.029687 0.009375
0 0.807031 0.721094 0.026562 0.010937
0 0.807031 0.730469 0.023438 0.010937
0 0.807813 0.741406 0.025000 0.007812
0 0.807813 0.749219 0.025000 0.007812
