0 0.304688 0.102344 0.025000 0.020313
0 0.225000 0.017188 0.028125 0.018750
0 0.017969 0.168750 0.032813 0.021875
0 0.815625 0.018750 0.034375 0.018750
0 0.975000 0.007031 0.025000 0.010937
0 0.868750 0.162500 0.031250 0.015625
0 0.325000 0.450000 0.031250 0.021875
0 0.337500 0.492969 0.031250 0.023438
0 0.659375 0.531250 0.018750 0.025000
0 0.579688 0.555469 0.018750 0.023438
0 0.106250 0.675000 0.025000 0.021875
0 0.193750 0.699219 0.028125 0.020313
0 0.249219 0.750000 0.029687 0.015625
0 0.262500 0.759375 0.021875 0.015625
0 0.120313 0.785937 0.028125 0.021875
0 0.142969 0.821094 0.026562 0.020313
0 0.384375 0.815625 0.018750 0.025000
0 0.493750 0.818750 0.015625 0.025000
0 0.517969 0.821094 0.017188 0.023438
0 0.531250 0.821875 0.015625 0.025000
0 0.546875 0.825000 0.012500 0.018750
0 0.583594 0.825000 0.017188 0.021875
0 0.440625 0.861719 0.018750 0.020313
0 0.421094 0.861719 0.014063 0.023438
0 0.517969 0.865625 0.017188 0.021875
0 0.540625 0.867969 0.015625 0.020313
0 0.612500 0.871875 0.018750 0.021875
0 0.637500 0.874219 0.018750 0.020313
0 0.656250 0.814063 0.021875 0.018750
0 0.671094 0.800000 0.020313 0.015625
0 0.681250 0.792188 0.021875 0.018750
0 0.702344 0.781250 0.026562 0.025000
0 0.725000 0.761719 0.025000 0.017188
0 0.743750 0.750000 0.025000 0.021875
0 0.782813 0.777344 0.028125 0.023438
0 0.759375 0.793750 0.028125 0.025000
0 0.750000 0.800000 0.025000 0.021875
0 0.742188 0.806250 0.028125 0.025000
0 0.929688 0.715625 0.015625 0.021875
0 0.953125 0.721094 0.015625 0.020313
0 0.968750 0.721875 0.009375 0.018750
0 0.980469 0.721875 0.014063 0.021875
0 0.913281 0.006250 0.026562 0.009375
0 0.792188 0.231250 0.028125 0.018750
