0 0.508594 0.078125 0.026562 0.009375
0 0.585938 0.192969 0.025000 0.010937
0 0.585938 0.203125 0.028125 0.009375
0 0.637500 0.065625 0.025000 0.015625
0 0.640625 0.076563 0.025000 0.009375
0 0.639844 0.084375 0.026562 0.009375
0 0.640625 0.106250 0.031250 0.015625
0 0.637500 0.118750 0.028125 0.009375
0 0.637500 0.125000 0.028125 0.009375
0 0.640625 0.133594 0.031250 0.010937
0 0.642969 0.142969 0.029687 0.010937
0 0.640625 0.150000 0.031250 0.012500
0 0.640625 0.161719 0.034375 0.010937
0 0.815625 0.293750 0.018750 0.059375
0 0.850000 0.642969 0.025000 0.014063
0 0.684375 0.750000 0.021875 0.015625
0 0.578125 0.950000 0.015625 0.021875
0 0.192969 0.971875 0.017188 0.028125
0 0.238281 0.771094 0.020313 0.014063
0 0.239844 0.783594 0.020313 0.010937
0 0.348438 0.281250 0.034375 0.015625
