0 0.054087 0.293269 0.036058 0.014423
0 0.490385 0.140625 0.019231 0.021635
0 0.522837 0.141827 0.021635 0.024038
0 0.606971 0.147837 0.021635 0.021635
0 0.728365 0.157452 0.019231 0.021635
0 0.776442 0.159856 0.019231 0.021635
0 0.897837 0.164663 0.016827 0.026442
0 0.925481 0.132212 0.028846 0.014423
0 0.923077 0.116587 0.028846 0.012019
0 0.879808 0.632212 0.019231 0.024038
0 0.925481 0.632212 0.014423 0.019231
0 0.941106 0.632212 0.016827 0.019231
0 0.959135 0.637019 0.019231 0.024038
0 0.882212 0.693510 0.019231 0.021635
0 0.901442 0.693510 0.019231 0.021635
0 0.929087 0.693510 0.016827 0.021635
0 0.947115 0.694712 0.019231 0.024038
0 0.444712 0.586538 0.033654 0.014423
0 0.449519 0.602163 0.024038 0.012019
0 0.447115 0.616587 0.033654 0.012019
0 0.450721 0.629808 0.021635 0.009615
0 0.453125 0.645433 0.031250 0.012019
0 0.360577 0.643029 0.033654 0.012019
0 0.366587 0.665865 0.031250 0.014423
0 0.361779 0.679087 0.031250 0.012019
0 0.012019 0.287260 0.019231 0.026442
