0 0.933894 0.442308 0.021635 0.024038
0 0.007212 0.956731 0.009615 0.028846
0 0.020433 0.956731 0.016827 0.028846
0 0.020433 0.883413 0.016827 0.026442
0 0.038462 0.883413 0.019231 0.026442
0 0.259615 0.792067 0.019231 0.031250
0 0.259615 0.580529 0.019231 0.026442
0 0.239183 0.481971 0.016827 0.026442
0 0.240385 0.510817 0.019231 0.031250
0 0.274038 0.510817 0.019231 0.021635
0 0.306490 0.481971 0.016827 0.026442
0 0.330529 0.483173 0.016827 0.024038
0 0.347356 0.481971 0.016827 0.026442
0 0.365385 0.510817 0.019231 0.021635
0 0.400240 0.481971 0.016827 0.026442
0 0.360577 0.384615 0.024038 0.028846
0 0.306490 0.383413 0.016827 0.026442
0 0.272837 0.384615 0.016827 0.028846
0 0.231971 0.420673 0.021635 0.038462
0 0.254808 0.415865 0.019231 0.028846
0 0.346154 0.413462 0.019231 0.028846
0 0.326923 0.413462 0.019231 0.028846
0 0.308894 0.412260 0.016827 0.026442
0 0.306490 0.324519 0.016827 0.024038
0 0.239183 0.227163 0.021635 0.026442
0 0.234375 0.290865 0.021635 0.033654
0 0.254808 0.295673 0.014423 0.024038
0 0.272837 0.320913 0.016827 0.026442
0 0.254808 0.320913 0.014423 0.026442
0 0.240385 0.324519 0.019231 0.024038
0 0.006010 0.888221 0.007212 0.031250
