0 0.084375 0.022656 0.018750 0.026562
0 0.010156 0.236719 0.014063 0.020313
0 0.085938 0.370312 0.031250 0.025000
0 0.236719 0.327344 0.035937 0.020313
0 0.081250 0.442188 0.021875 0.028125
0 0.302344 0.868750 0.029687 0.031250
0 0.498437 0.252344 0.031250 0.020313
0 0.595313 0.064844 0.018750 0.020313
0 0.598437 0.091406 0.018750 0.020313
0 0.597656 0.118750 0.014063 0.021875
0 0.614844 0.016406 0.017188 0.023438
0 0.618750 0.048438 0.018750 0.021875
0 0.618750 0.064062 0.018750 0.021875
0 0.616406 0.088281 0.017188 0.020313
0 0.614844 0.118750 0.020313 0.018750
0 0.782031 0.007812 0.026562 0.012500
0 0.780469 0.025000 0.026562 0.012500
0 0.778906 0.039844 0.026562 0.007812
0 0.778906 0.053125 0.023438 0.012500
0 0.828125 0.067187 0.015625 0.018750
0 0.831250 0.085938 0.015625 0.015625
0 0.811719 0.062500 0.010937 0.015625
0 0.855469 0.058594 0.014063 0.020313
0 0.869531 0.059375 0.017188 0.021875
0 0.884375 0.057031 0.009375 0.020313
0 0.894531 0.054688 0.010937 0.021875
0 0.908594 0.054688 0.010937 0.018750
0 0.917188 0.052344 0.015625 0.023438
0 0.932031 0.052344 0.010937 0.020313
0 0.945312 0.052344 0.009375 0.023438
0 0.955469 0.050781 0.014063 0.017188
0 0.967187 0.050781 0.009375 0.020313
0 0.978125 0.051562 0.015625 0.015625
0 0.960938 0.010937 0.015625 0.015625
0 0.975000 0.010156 0.015625 0.017188
