0 0.823438 0.046875 0.021875 0.021875
0 0.840625 0.065625 0.021875 0.018750
0 0.959375 0.111719 0.025000 0.017188
0 0.981250 0.140625 0.025000 0.018750
0 0.775000 0.304688 0.018750 0.028125
0 0.909375 0.423438 0.025000 0.025000
0 0.842969 0.410938 0.017188 0.021875
0 0.814844 0.407813 0.020313 0.018750
0 0.803125 0.399219 0.021875 0.020313
0 0.725000 0.368750 0.015625 0.025000
0 0.712500 0.365625 0.015625 0.025000
0 0.679688 0.284375 0.015625 0.025000
0 0.618750 0.284375 0.018750 0.021875
0 0.590625 0.281250 0.015625 0.021875
0 0.578125 0.278125 0.012500 0.021875
0 0.517188 0.253125 0.015625 0.021875
0 0.503125 0.251563 0.015625 0.021875
0 0.485938 0.253125 0.015625 0.025000
0 0.439063 0.253125 0.015625 0.025000
0 0.425000 0.252344 0.012500 0.020313
0 0.393750 0.253125 0.015625 0.021875
0 0.356250 0.275000 0.028125 0.015625
0 0.356250 0.336719 0.028125 0.010937
0 0.343750 0.377344 0.021875 0.010937
0 0.400000 0.393750 0.015625 0.025000
0 0.415625 0.392969 0.015625 0.020313
0 0.443750 0.400000 0.015625 0.018750
0 0.521875 0.396094 0.015625 0.020313
0 0.537500 0.387500 0.018750 0.021875
0 0.078125 0.243750 0.015625 0.021875
0 0.125000 0.278125 0.025000 0.015625
0 0.117188 0.304688 0.031250 0.012500
0 0.114844 0.361719 0.029687 0.010937
0 0.064844 0.392969 0.014063 0.026562
0 0.053125 0.390625 0.012500 0.025000
0 0.034375 0.399219 0.012500 0.017188
0 0.021875 0.392969 0.015625 0.020313
0 0.840625 0.675000 0.028125 0.015625
0 0.684375 0.602344 0.009375 0.020313
0 0.271875 0.617969 0.025000 0.014063
0 0.192188 0.611719 0.025000 0.014063
0 0.178125 0.635938 0.028125 0.012500
0 0.014063 0.603125 0.025000 0.015625
0 0.835938 0.961719 0.028125 0.014063
0 0.900000 0.964844 0.028125 0.014063
0 0.618750 0.974219 0.025000 0.017188
0 0.013281 0.935937 0.014063 0.018750
0 0.022656 0.978906 0.026562 0.017188
0 0.963281 0.973437 0.032813 0.015625
0 0.989062 0.971094 0.021875 0.014063
0 0.970313 0.682813 0.021875 0.015625
