0 0.325000 0.052344 0.015625 0.026562
0 0.408594 0.048438 0.020313 0.025000
0 0.425000 0.046875 0.015625 0.021875
0 0.426563 0.068750 0.018750 0.025000
0 0.768750 0.042188 0.018750 0.025000
0 0.792969 0.043750 0.014063 0.021875
0 0.821875 0.046094 0.021875 0.026562
0 0.793750 0.073438 0.015625 0.025000
0 0.814844 0.361719 0.020313 0.023438
0 0.755469 0.550000 0.032813 0.018750
0 0.321875 0.593750 0.031250 0.012500
0 0.975000 0.056250 0.025000 0.012500
0 0.975000 0.074219 0.028125 0.010937
0 0.977344 0.083594 0.029687 0.007812
0 0.975000 0.092969 0.025000 0.010937
0 0.978125 0.103125 0.025000 0.009375
0 0.979688 0.112500 0.025000 0.009375
0 0.975000 0.123438 0.031250 0.009375
0 0.978125 0.132812 0.031250 0.006250
0 0.979688 0.140625 0.031250 0.009375
0 0.977344 0.152344 0.026562 0.010937
0 0.975000 0.161719 0.025000 0.010937
0 0.979688 0.196875 0.031250 0.012500
0 0.978125 0.208594 0.025000 0.010937
0 0.975000 0.218750 0.025000 0.009375
0 0.978125 0.225000 0.028125 0.009375
0 0.978125 0.239844 0.025000 0.010937
0 0.952344 0.721875 0.017188 0.025000
0 0.393750 0.715625 0.025000 0.015625
0 0.477344 0.712500 0.035937 0.018750
0 0.646094 0.796875 0.029687 0.015625
0 0.528125 0.815625 0.025000 0.018750
0 0.543750 0.828125 0.028125 0.015625
0 0.239844 0.946094 0.029687 0.014063
0 0.262500 0.992188 0.031250 0.012500
