0 0.977163 0.837740 0.031250 0.016827
0 0.969952 0.919471 0.036058 0.016827
0 0.944712 0.932692 0.033654 0.014423
0 0.937500 0.969952 0.038462 0.012019
0 0.957933 0.984375 0.040865 0.016827
0 0.527644 0.639423 0.021635 0.028846
0 0.562500 0.693510 0.028846 0.021635
0 0.545673 0.734375 0.033654 0.026442
0 0.487981 0.805288 0.033654 0.024038
0 0.525240 0.989183 0.031250 0.021635
0 0.382212 0.842548 0.019231 0.031250
0 0.324519 0.901442 0.038462 0.019231
0 0.332933 0.768029 0.040865 0.026442
0 0.388221 0.705529 0.036058 0.021635
0 0.378606 0.688702 0.031250 0.016827
0 0.388221 0.670673 0.036058 0.019231
0 0.262019 0.512019 0.019231 0.028846
0 0.236779 0.528846 0.021635 0.028846
0 0.151442 0.489183 0.024038 0.026442
0 0.088942 0.474760 0.024038 0.031250
0 0.262019 0.191106 0.024038 0.031250
0 0.076923 0.257212 0.024038 0.028846
0 0.099760 0.256010 0.026442 0.026442
0 0.961538 0.419471 0.019231 0.031250
0 0.935096 0.216346 0.024038 0.028846
0 0.891827 0.144231 0.019231 0.028846
0 0.888221 0.177885 0.016827 0.028846
0 0.872596 0.155048 0.019231 0.031250
0 0.790865 0.187500 0.028846 0.028846
0 0.718750 0.252404 0.033654 0.028846
0 0.645433 0.275240 0.031250 0.026442
0 0.659856 0.301683 0.031250 0.021635
0 0.645433 0.359375 0.036058 0.016827
0 0.669471 0.403846 0.036058 0.019231
0 0.711538 0.480769 0.024038 0.028846
0 0.829327 0.468750 0.019231 0.028846
0 0.849760 0.465144 0.016827 0.026442
