0 0.017969 0.843750 0.026562 0.025000
0 0.520312 0.671875 0.025000 0.009375
0 0.520312 0.678125 0.025000 0.006250
0 0.521094 0.686719 0.023438 0.010937
0 0.518750 0.720313 0.021875 0.009375
0 0.550000 0.642188 0.015625 0.018750
0 0.571875 0.714844 0.025000 0.010937
0 0.593750 0.739062 0.021875 0.009375
0 0.580469 0.752344 0.017188 0.007812
0 0.598437 0.756250 0.025000 0.009375
0 0.579688 0.768750 0.018750 0.009375
0 0.581250 0.784375 0.018750 0.009375
0 0.589063 0.815625 0.021875 0.015625
0 0.553125 0.836719 0.018750 0.010937
0 0.558594 0.853125 0.014063 0.009375
0 0.656250 0.775000 0.021875 0.012500
0 0.636719 0.503125 0.023438 0.009375
0 0.565625 0.496875 0.018750 0.006250
0 0.532813 0.499219 0.018750 0.010937
0 0.536719 0.525781 0.026562 0.010937
0 0.483594 0.539844 0.026562 0.010937
0 0.310156 0.533594 0.020313 0.014063
0 0.337500 0.531250 0.018750 0.015625
