0 0.289062 0.027344 0.028125 0.010937
0 0.271094 0.067969 0.029687 0.010937
0 0.265625 0.079687 0.021875 0.012500
0 0.267969 0.103906 0.029687 0.010937
0 0.333594 0.146875 0.014063 0.015625
0 0.376563 0.157031 0.015625 0.023438
0 0.455469 0.078906 0.023438 0.010937
0 0.451562 0.119531 0.021875 0.010937
0 0.714063 0.007812 0.009375 0.012500
0 0.760156 0.004687 0.010937 0.006250
0 0.966406 0.104688 0.023438 0.009375
0 0.971875 0.126562 0.015625 0.009375
0 0.894531 0.297656 0.017188 0.007812
0 0.896094 0.310156 0.014063 0.010937
0 0.857812 0.364063 0.015625 0.009375
0 0.652344 0.446094 0.014063 0.020313
0 0.657813 0.457031 0.015625 0.020313
0 0.729688 0.500000 0.015625 0.018750
0 0.650000 0.480469 0.018750 0.020313
0 0.535937 0.332031 0.018750 0.020313
0 0.503906 0.317969 0.020313 0.020313
0 0.446094 0.321094 0.017188 0.014063
0 0.397656 0.360156 0.017188 0.014063
0 0.361719 0.392188 0.014063 0.015625
0 0.404687 0.449219 0.021875 0.014063
0 0.489063 0.485156 0.021875 0.023438
0 0.560937 0.478125 0.015625 0.015625
0 0.574219 0.488281 0.014063 0.017188
0 0.593750 0.496094 0.012500 0.014063
0 0.605469 0.503125 0.014063 0.015625
0 0.667188 0.542969 0.015625 0.020313
0 0.627344 0.523438 0.014063 0.018750
0 0.010156 0.175781 0.017188 0.014063
0 0.028906 0.180469 0.020313 0.010937
0 0.034375 0.199219 0.028125 0.017188
0 0.057031 0.229687 0.026562 0.015625
0 0.070312 0.303125 0.021875 0.015625
0 0.064844 0.313281 0.020313 0.017188
0 0.060156 0.326562 0.023438 0.012500
0 0.028125 0.358594 0.021875 0.014063
0 0.264062 0.594531 0.018750 0.017188
0 0.253906 0.601562 0.014063 0.012500
0 0.227344 0.618750 0.014063 0.018750
0 0.186719 0.634375 0.014063 0.021875
0 0.174219 0.669531 0.023438 0.020313
0 0.183594 0.679688 0.020313 0.015625
0 0.185156 0.690625 0.023438 0.018750
0 0.211719 0.725781 0.023438 0.020313
0 0.211719 0.736719 0.017188 0.014063
0 0.225000 0.747656 0.018750 0.010937
0 0.350000 0.602344 0.028125 0.014063
0 0.367188 0.637500 0.025000 0.012500
0 0.398438 0.675781 0.021875 0.010937
0 0.407031 0.695312 0.020313 0.012500
0 0.409375 0.707031 0.018750 0.010937
0 0.517188 0.828125 0.015625 0.015625
0 0.700000 0.876563 0.018750 0.015625
0 0.730469 0.857812 0.017188 0.015625
0 0.987500 0.860938 0.021875 0.009375
