0 0.983173 0.923077 0.024038 0.028846
0 0.699519 0.676683 0.038462 0.026442
0 0.596154 0.631010 0.033654 0.026442
0 0.472356 0.719952 0.036058 0.021635
0 0.451923 0.753606 0.038462 0.021635
0 0.443510 0.879808 0.021635 0.028846
0 0.461538 0.854567 0.028846 0.031250
0 0.347356 0.933894 0.021635 0.040865
0 0.270433 0.877404 0.036058 0.019231
0 0.242788 0.944712 0.024038 0.028846
0 0.139423 0.944712 0.024038 0.028846
0 0.123798 0.932692 0.021635 0.028846
0 0.138221 0.843750 0.021635 0.024038
0 0.099760 0.836538 0.021635 0.028846
0 0.080529 0.838942 0.016827 0.028846
0 0.350962 0.500000 0.024038 0.024038
0 0.335337 0.490385 0.021635 0.024038
0 0.288462 0.475962 0.028846 0.028846
0 0.055288 0.336538 0.019231 0.028846
0 0.170673 0.287260 0.019231 0.031250
0 0.128606 0.350962 0.021635 0.028846
0 0.871394 0.356971 0.031250 0.036058
0 0.008413 0.831731 0.012019 0.024038
