0 0.911719 0.009375 0.023438 0.015625
0 0.772656 0.014063 0.026562 0.012500
0 0.789844 0.050781 0.035937 0.017188
0 0.803125 0.132031 0.028125 0.017188
0 0.703906 0.166406 0.029687 0.010937
0 0.614844 0.133594 0.032813 0.017188
0 0.308594 0.239063 0.029687 0.009375
0 0.374219 0.098437 0.026562 0.012500
0 0.378125 0.110156 0.028125 0.010937
0 0.378906 0.119531 0.029687 0.007812
0 0.383594 0.127344 0.023438 0.010937
0 0.387500 0.138281 0.028125 0.010937
0 0.390625 0.149219 0.028125 0.014063
0 0.269531 0.005469 0.026562 0.007812
0 0.269531 0.013281 0.029687 0.010937
0 0.264062 0.072656 0.021875 0.014063
0 0.261719 0.082031 0.023438 0.014063
0 0.260937 0.093750 0.021875 0.018750
0 0.246094 0.099219 0.010937 0.020313
0 0.261719 0.114844 0.032813 0.023438
0 0.257031 0.144531 0.023438 0.023438
0 0.248438 0.158594 0.018750 0.020313
0 0.225000 0.161719 0.025000 0.026562
0 0.218750 0.067969 0.028125 0.014063
0 0.193750 0.010156 0.015625 0.017188
0 0.167969 0.003906 0.023438 0.004687
0 0.171094 0.010937 0.026562 0.009375
0 0.171875 0.019531 0.025000 0.007812
0 0.171875 0.028906 0.028125 0.010937
0 0.167969 0.040625 0.023438 0.012500
0 0.165625 0.052344 0.021875 0.014063
0 0.164844 0.064062 0.026562 0.018750
0 0.165625 0.075781 0.025000 0.017188
0 0.165625 0.084375 0.021875 0.018750
0 0.163281 0.095312 0.026562 0.015625
0 0.164062 0.108594 0.025000 0.017188
0 0.162500 0.137500 0.025000 0.018750
0 0.163281 0.150000 0.023438 0.018750
0 0.161719 0.160938 0.026562 0.018750
0 0.165625 0.180469 0.028125 0.017188
0 0.114844 0.014844 0.029687 0.014063
0 0.109375 0.071094 0.031250 0.014063
0 0.105469 0.096875 0.026562 0.009375
0 0.106250 0.107031 0.028125 0.010937
0 0.103906 0.126562 0.023438 0.009375
0 0.105469 0.117188 0.026562 0.006250
0 0.106250 0.143750 0.028125 0.012500
0 0.054688 0.060156 0.028125 0.010937
0 0.053125 0.069531 0.028125 0.010937
0 0.052344 0.087500 0.026562 0.009375
0 0.050781 0.096094 0.020313 0.007812
0 0.051562 0.107031 0.021875 0.010937
