0 0.696875 0.314844 0.034375 0.014063
0 0.762500 0.431250 0.031250 0.015625
0 0.840625 0.427344 0.034375 0.017188
0 0.886719 0.523438 0.023438 0.015625
0 0.903125 0.534375 0.025000 0.018750
0 0.990625 0.504687 0.018750 0.015625
0 0.614844 0.646875 0.029687 0.015625
0 0.635938 0.689063 0.025000 0.015625
0 0.656250 0.731250 0.025000 0.015625
0 0.681250 0.773438 0.028125 0.012500
0 0.696094 0.806250 0.029687 0.015625
0 0.750000 0.702344 0.028125 0.014063
0 0.768750 0.735938 0.031250 0.015625
0 0.784375 0.768750 0.028125 0.015625
0 0.802344 0.803125 0.026562 0.015625
0 0.834375 0.696875 0.025000 0.009375
0 0.859375 0.737500 0.028125 0.015625
0 0.871875 0.771875 0.031250 0.015625
0 0.809375 0.939844 0.028125 0.014063
