0 0.938281 0.383594 0.023438 0.014063
0 0.935937 0.396875 0.025000 0.012500
0 0.207031 0.166406 0.020313 0.023438
0 0.179688 0.214844 0.012500 0.020313
0 0.167969 0.214062 0.014063 0.025000
0 0.154688 0.212500 0.015625 0.021875
0 0.128125 0.214062 0.015625 0.021875
0 0.128125 0.232813 0.015625 0.015625
0 0.050781 0.173437 0.026562 0.015625
0 0.054688 0.186719 0.028125 0.014063
0 0.055469 0.198437 0.026562 0.012500
0 0.054688 0.217969 0.025000 0.014063
0 0.057813 0.232813 0.028125 0.018750
0 0.103906 0.234375 0.020313 0.025000
0 0.089063 0.279687 0.034375 0.015625
0 0.114062 0.289844 0.015625 0.020313
0 0.139063 0.288281 0.018750 0.023438
0 0.153125 0.287500 0.018750 0.021875
0 0.183594 0.286719 0.020313 0.023438
