0 0.707031 0.379688 0.032813 0.012500
0 0.793750 0.398438 0.031250 0.015625
0 0.985156 0.825000 0.020313 0.025000
0 0.983594 0.857031 0.026562 0.032813
0 0.986719 0.892969 0.023438 0.026562
0 0.181250 0.456250 0.028125 0.015625
0 0.183594 0.473438 0.029687 0.012500
0 0.114844 0.407031 0.020313 0.023438
0 0.097656 0.405469 0.014063 0.026562
0 0.085156 0.405469 0.014063 0.026562
0 0.074219 0.409375 0.014063 0.031250
0 0.060156 0.409375 0.010937 0.031250
0 0.046875 0.410156 0.012500 0.029687
0 0.035937 0.405469 0.012500 0.026562
0 0.019531 0.406250 0.014063 0.031250
0 0.007812 0.403906 0.012500 0.039062
0 0.029687 0.460938 0.012500 0.031250
0 0.017188 0.460938 0.012500 0.028125
0 0.005469 0.462500 0.007812 0.028125
0 0.027344 0.500781 0.010937 0.020313
0 0.038281 0.503125 0.010937 0.021875
0 0.050781 0.504687 0.014063 0.025000
