0 0.035156 0.543750 0.020313 0.018750
0 0.508594 0.353125 0.039062 0.018750
0 0.092969 0.475000 0.023438 0.012500
0 0.096094 0.486719 0.029687 0.017188
0 0.105469 0.500781 0.023438 0.014063
0 0.112500 0.515625 0.025000 0.015625
0 0.136719 0.511719 0.017188 0.014063
0 0.114062 0.524219 0.025000 0.014063
0 0.124219 0.535937 0.017188 0.015625
0 0.146094 0.529687 0.026562 0.015625
0 0.127344 0.545312 0.020313 0.012500
0 0.057031 0.553906 0.026562 0.010937
0 0.058594 0.597656 0.023438 0.010937
0 0.062500 0.604688 0.021875 0.015625
0 0.085938 0.657813 0.025000 0.015625
0 0.146875 0.574219 0.028125 0.014063
0 0.150781 0.586719 0.026562 0.010937
0 0.153906 0.593750 0.020313 0.009375
0 0.161719 0.609375 0.026562 0.012500
0 0.165625 0.618750 0.028125 0.012500
0 0.342187 0.867188 0.025000 0.012500
0 0.347656 0.875781 0.023438 0.010937
0 0.353125 0.885938 0.025000 0.012500
0 0.338281 0.955469 0.023438 0.029687
0 0.321875 0.929688 0.025000 0.037500
