0 0.215625 0.251563 0.018750 0.009375
0 0.228906 0.285156 0.029687 0.010937
0 0.339844 0.249219 0.023438 0.017188
0 0.353906 0.246094 0.023438 0.017188
0 0.394531 0.310156 0.029687 0.010937
0 0.760938 0.133594 0.018750 0.014063
0 0.774219 0.183594 0.017188 0.014063
0 0.778125 0.194531 0.018750 0.010937
0 0.821875 0.196094 0.015625 0.020313
0 0.850000 0.194531 0.012500 0.017188
0 0.696094 0.405469 0.023438 0.045312
0 0.721094 0.407031 0.023438 0.045312
0 0.539062 0.654687 0.021875 0.009375
0 0.807031 0.905469 0.014063 0.017188
0 0.770312 0.941406 0.012500 0.017188
0 0.757812 0.940625 0.012500 0.015625
0 0.735938 0.939844 0.012500 0.017188
0 0.980469 0.304688 0.017188 0.021875
0 0.989844 0.296875 0.017188 0.018750
0 0.994531 0.287500 0.010937 0.018750
0 0.969531 0.333594 0.010937 0.014063
0 0.959375 0.357812 0.021875 0.009375
0 0.946875 0.128906 0.025000 0.014063
