0 0.283594 0.217969 0.035937 0.020313
0 0.012500 0.283594 0.021875 0.020313
0 0.139844 0.364063 0.032813 0.025000
0 0.014063 0.410156 0.025000 0.020313
0 0.010156 0.488281 0.017188 0.014063
0 0.164062 0.439844 0.025000 0.020313
0 0.161719 0.457031 0.032813 0.014063
0 0.172656 0.388281 0.029687 0.014063
0 0.178125 0.396875 0.025000 0.012500
0 0.178125 0.406250 0.031250 0.009375
0 0.179688 0.414844 0.031250 0.014063
0 0.185156 0.425781 0.023438 0.007812
0 0.191406 0.431250 0.023438 0.012500
0 0.186719 0.441406 0.026562 0.014063
0 0.192188 0.453125 0.021875 0.009375
0 0.342969 0.665625 0.026562 0.021875
0 0.429688 0.641406 0.034375 0.023438
0 0.443750 0.348438 0.021875 0.021875
0 0.718750 0.392188 0.021875 0.021875
0 0.736719 0.559375 0.023438 0.025000
0 0.934375 0.598437 0.028125 0.012500
0 0.834375 0.601562 0.028125 0.012500
0 0.853906 0.615625 0.029687 0.015625
0 0.743750 0.629687 0.031250 0.012500
0 0.475781 0.464062 0.020313 0.018750
0 0.510938 0.457813 0.018750 0.018750
0 0.542188 0.496094 0.031250 0.014063
0 0.545312 0.508594 0.021875 0.010937
0 0.553906 0.532813 0.020313 0.012500
0 0.564844 0.552344 0.026562 0.014063
0 0.562500 0.603906 0.025000 0.026562
0 0.530469 0.610938 0.020313 0.021875
0 0.517188 0.614062 0.018750 0.018750
0 0.496094 0.538281 0.026562 0.014063
0 0.498437 0.548438 0.025000 0.012500
0 0.463281 0.507812 0.023438 0.012500
0 0.466406 0.525000 0.029687 0.012500
0 0.400000 0.466406 0.021875 0.014063
0 0.461719 0.596875 0.026562 0.018750
0 0.617188 0.846875 0.025000 0.025000
0 0.799219 0.760938 0.020313 0.021875
0 0.910156 0.920312 0.023438 0.018750
0 0.910156 0.958594 0.026562 0.020313
