0 0.784375 0.865625 0.021875 0.018750
0 0.687500 0.794531 0.021875 0.017188
0 0.660156 0.773438 0.020313 0.021875
0 0.650000 0.763281 0.015625 0.017188
0 0.641406 0.757812 0.017188 0.018750
0 0.631250 0.752344 0.015625 0.017188
0 0.619531 0.742969 0.017188 0.017188
0 0.586719 0.720313 0.017188 0.021875
0 0.597656 0.721875 0.017188 0.015625
0 0.603125 0.733594 0.018750 0.017188
0 0.392188 0.718750 0.018750 0.018750
0 0.400000 0.709375 0.015625 0.015625
0 0.405469 0.703125 0.020313 0.015625
0 0.414844 0.699219 0.020313 0.020313
0 0.427344 0.689844 0.020313 0.017188
0 0.459375 0.715625 0.018750 0.015625
0 0.446875 0.726562 0.015625 0.015625
0 0.428906 0.735156 0.017188 0.020313
0 0.471094 0.733594 0.014063 0.014063
0 0.461719 0.739062 0.017188 0.015625
0 0.457813 0.743750 0.015625 0.015625
0 0.444531 0.748437 0.020313 0.018750
0 0.491406 0.635156 0.017188 0.014063
0 0.500781 0.631250 0.017188 0.015625
0 0.507812 0.625000 0.021875 0.018750
0 0.515625 0.619531 0.015625 0.017188
0 0.522656 0.614062 0.017188 0.015625
0 0.530469 0.609375 0.020313 0.018750
0 0.535156 0.600781 0.023438 0.017188
0 0.544531 0.596094 0.017188 0.017188
0 0.550000 0.591406 0.018750 0.017188
0 0.557813 0.585156 0.018750 0.017188
0 0.563281 0.580469 0.020313 0.017188
0 0.573438 0.575781 0.018750 0.017188
0 0.580469 0.569531 0.017188 0.014063
0 0.585938 0.562500 0.015625 0.012500
0 0.592969 0.557813 0.017188 0.015625
0 0.600781 0.553906 0.020313 0.017188
0 0.606250 0.546875 0.018750 0.015625
0 0.615625 0.541406 0.018750 0.017188
0 0.620313 0.535156 0.018750 0.017188
0 0.628125 0.531250 0.021875 0.018750
0 0.636719 0.524219 0.020313 0.020313
0 0.644531 0.519531 0.020313 0.014063
0 0.649219 0.515625 0.020313 0.018750
0 0.654687 0.507812 0.025000 0.021875
0 0.663281 0.500781 0.020313 0.017188
0 0.671875 0.495312 0.018750 0.015625
0 0.678125 0.492188 0.021875 0.015625
0 0.682813 0.484375 0.025000 0.018750
0 0.691406 0.479687 0.023438 0.021875
0 0.697656 0.471875 0.020313 0.015625
0 0.704688 0.467187 0.021875 0.015625
0 0.711719 0.461719 0.017188 0.020313
0 0.718750 0.456250 0.018750 0.018750
0 0.723437 0.450781 0.021875 0.017188
0 0.734375 0.445312 0.018750 0.018750
0 0.739844 0.439063 0.020313 0.018750
0 0.748437 0.435156 0.021875 0.017188
0 0.754687 0.428125 0.025000 0.018750
0 0.760156 0.422656 0.020313 0.020313
0 0.768750 0.414844 0.021875 0.017188
0 0.775000 0.411719 0.021875 0.017188
0 0.783594 0.407031 0.020313 0.020313
0 0.851562 0.353125 0.025000 0.018750
0 0.530469 0.664062 0.017188 0.015625
0 0.538281 0.658594 0.017188 0.010937
0 0.544531 0.652344 0.017188 0.014063
0 0.552344 0.648438 0.017188 0.015625
0 0.557031 0.641406 0.017188 0.014063
0 0.563281 0.633594 0.017188 0.017188
0 0.571875 0.629687 0.012500 0.012500
0 0.577344 0.623437 0.017188 0.015625
0 0.586719 0.618750 0.017188 0.015625
0 0.594531 0.614062 0.017188 0.015625
0 0.602344 0.608594 0.020313 0.017188
0 0.609375 0.603906 0.018750 0.017188
0 0.614844 0.596875 0.014063 0.012500
0 0.622656 0.592187 0.020313 0.015625
0 0.630469 0.585938 0.017188 0.015625
0 0.636719 0.579688 0.017188 0.015625
0 0.642188 0.573438 0.018750 0.015625
0 0.651563 0.568750 0.018750 0.015625
0 0.656250 0.562500 0.021875 0.015625
0 0.664062 0.556250 0.018750 0.015625
0 0.670312 0.551562 0.018750 0.015625
0 0.682031 0.540625 0.020313 0.018750
0 0.692187 0.533594 0.015625 0.014063
0 0.697656 0.528125 0.020313 0.018750
0 0.709375 0.525000 0.018750 0.015625
0 0.713281 0.517969 0.020313 0.017188
0 0.720313 0.512500 0.018750 0.015625
0 0.728125 0.507812 0.018750 0.012500
0 0.733594 0.501563 0.020313 0.015625
0 0.740625 0.495312 0.018750 0.015625
0 0.747656 0.489063 0.014063 0.012500
0 0.753125 0.484375 0.018750 0.015625
0 0.761719 0.478906 0.020313 0.017188
0 0.767188 0.471875 0.018750 0.015625
0 0.775781 0.465625 0.017188 0.015625
0 0.784375 0.461719 0.015625 0.014063
0 0.788281 0.454688 0.020313 0.018750
0 0.794531 0.448437 0.017188 0.015625
0 0.802344 0.444531 0.017188 0.014063
0 0.813281 0.440625 0.020313 0.018750
0 0.854688 0.344531 0.028125 0.020313
0 0.862500 0.340625 0.018750 0.015625
0 0.868750 0.335156 0.015625 0.014063
0 0.875781 0.331250 0.017188 0.012500
0 0.883594 0.326562 0.017188 0.015625
0 0.891406 0.319531 0.017188 0.010937
0 0.897656 0.313281 0.017188 0.014063
0 0.903906 0.307812 0.017188 0.015625
0 0.913281 0.303125 0.017188 0.018750
0 0.918750 0.295312 0.018750 0.015625
0 0.925781 0.292187 0.020313 0.015625
0 0.932813 0.285156 0.018750 0.017188
0 0.940625 0.278125 0.018750 0.015625
0 0.946875 0.274219 0.015625 0.014063
0 0.953906 0.268750 0.017188 0.012500
0 0.960156 0.263281 0.017188 0.017188
0 0.967187 0.257031 0.018750 0.017188
0 0.974219 0.251563 0.020313 0.018750
0 0.980469 0.246094 0.020313 0.014063
0 0.987500 0.240625 0.021875 0.018750
0 0.992969 0.234375 0.014063 0.015625
0 0.896875 0.337500 0.021875 0.015625
0 0.876563 0.385156 0.015625 0.014063
0 0.883594 0.378906 0.017188 0.014063
0 0.892969 0.375000 0.017188 0.015625
0 0.898438 0.367969 0.015625 0.014063
0 0.903125 0.360938 0.018750 0.015625
0 0.913281 0.357812 0.017188 0.012500
0 0.919531 0.351562 0.020313 0.015625
0 0.927344 0.345313 0.017188 0.015625
0 0.935156 0.340625 0.017188 0.015625
0 0.942187 0.335938 0.018750 0.015625
0 0.946875 0.328125 0.018750 0.012500
0 0.954688 0.321875 0.021875 0.015625
0 0.960938 0.317188 0.018750 0.015625
0 0.969531 0.313281 0.020313 0.014063
0 0.973437 0.306250 0.021875 0.015625
0 0.982812 0.300781 0.015625 0.014063
0 0.989062 0.295312 0.018750 0.015625
0 0.993750 0.286719 0.012500 0.010937
0 0.994531 0.311719 0.010937 0.010937
0 0.991406 0.318750 0.014063 0.015625
0 0.985938 0.324219 0.018750 0.014063
0 0.976562 0.329688 0.018750 0.015625
0 0.971094 0.335156 0.017188 0.014063
0 0.964063 0.340625 0.018750 0.015625
0 0.959375 0.348438 0.018750 0.015625
0 0.950781 0.353906 0.017188 0.017188
0 0.944531 0.358594 0.020313 0.017188
0 0.937500 0.364844 0.015625 0.017188
0 0.928906 0.371094 0.017188 0.014063
0 0.921875 0.375000 0.018750 0.015625
0 0.915625 0.379688 0.018750 0.015625
0 0.909375 0.386719 0.018750 0.017188
0 0.898438 0.390625 0.018750 0.015625
0 0.893750 0.397656 0.018750 0.017188
0 0.817969 0.433594 0.023438 0.017188
0 0.834375 0.446094 0.018750 0.014063
0 0.828125 0.453906 0.015625 0.014063
0 0.821094 0.457813 0.017188 0.015625
0 0.812500 0.462500 0.021875 0.015625
0 0.803906 0.468750 0.014063 0.015625
0 0.799219 0.472656 0.017188 0.014063
0 0.790625 0.478906 0.015625 0.014063
0 0.783594 0.485156 0.017188 0.014063
0 0.778906 0.491406 0.017188 0.014063
0 0.771094 0.496094 0.017188 0.014063
0 0.763281 0.502344 0.017188 0.014063
0 0.757031 0.508594 0.014063 0.014063
0 0.750000 0.513281 0.018750 0.014063
0 0.744531 0.520312 0.017188 0.015625
0 0.731250 0.530469 0.015625 0.014063
0 0.724219 0.537500 0.020313 0.015625
0 0.716406 0.542969 0.020313 0.014063
0 0.707031 0.548438 0.020313 0.018750
0 0.703125 0.554688 0.018750 0.018750
0 0.693750 0.560156 0.018750 0.017188
0 0.681250 0.567969 0.021875 0.017188
0 0.673438 0.576562 0.018750 0.015625
0 0.666406 0.582031 0.017188 0.017188
0 0.660156 0.586719 0.020313 0.014063
0 0.650781 0.592969 0.017188 0.017188
0 0.644531 0.599219 0.020313 0.014063
0 0.640625 0.607031 0.021875 0.014063
0 0.631250 0.610156 0.018750 0.017188
0 0.625000 0.616406 0.018750 0.014063
0 0.619531 0.620313 0.020313 0.018750
0 0.608594 0.624219 0.017188 0.014063
0 0.603125 0.629687 0.018750 0.015625
0 0.595313 0.635938 0.021875 0.018750
0 0.587500 0.642188 0.021875 0.018750
0 0.580469 0.648438 0.020313 0.015625
0 0.575781 0.653125 0.017188 0.018750
0 0.569531 0.660937 0.017188 0.015625
0 0.562500 0.666406 0.018750 0.017188
0 0.555469 0.672656 0.020313 0.014063
0 0.546094 0.678125 0.020313 0.015625
