0 0.211719 0.142969 0.017188 0.026562
0 0.226562 0.142187 0.015625 0.021875
0 0.242969 0.146875 0.017188 0.021875
0 0.292969 0.136719 0.014063 0.020313
0 0.315625 0.144531 0.018750 0.023438
0 0.450781 0.119531 0.014063 0.023438
0 0.464844 0.117188 0.017188 0.021875
0 0.542188 0.108594 0.018750 0.020313
0 0.638281 0.082031 0.017188 0.020313
0 0.650781 0.077344 0.020313 0.020313
0 0.689063 0.067969 0.021875 0.020313
0 0.757031 0.038281 0.017188 0.017188
0 0.772656 0.032031 0.023438 0.023438
0 0.374219 0.223438 0.017188 0.021875
0 0.389844 0.163281 0.029687 0.014063
0 0.046875 0.192969 0.031250 0.017188
0 0.076563 0.194531 0.031250 0.014063
0 0.644531 0.239844 0.017188 0.023438
0 0.687500 0.252344 0.015625 0.020313
0 0.752344 0.278906 0.017188 0.020313
0 0.767188 0.268750 0.018750 0.021875
0 0.964063 0.362500 0.018750 0.025000
0 0.989062 0.404687 0.021875 0.018750
0 0.978125 0.432031 0.025000 0.020313
0 0.935156 0.483594 0.032813 0.023438
0 0.864062 0.385156 0.025000 0.017188
0 0.855469 0.399219 0.020313 0.014063
0 0.863281 0.411719 0.026562 0.017188
0 0.825781 0.457031 0.029687 0.017188
0 0.858594 0.511719 0.026562 0.026562
0 0.964063 0.618750 0.031250 0.025000
0 0.983594 0.639062 0.026562 0.018750
0 0.817187 0.553125 0.028125 0.012500
0 0.823438 0.568750 0.025000 0.012500
0 0.825000 0.663281 0.034375 0.017188
0 0.540625 0.506250 0.018750 0.021875
0 0.507812 0.512500 0.015625 0.025000
0 0.424219 0.510156 0.017188 0.023438
0 0.565625 0.569531 0.028125 0.010937
0 0.509375 0.653906 0.015625 0.023438
0 0.392969 0.656250 0.014063 0.021875
0 0.378906 0.655469 0.017188 0.023438
0 0.282813 0.390625 0.028125 0.012500
0 0.204687 0.503125 0.015625 0.021875
0 0.203125 0.529687 0.021875 0.021875
0 0.247656 0.725000 0.029687 0.015625
0 0.243750 0.754687 0.028125 0.012500
0 0.957031 0.783594 0.023438 0.020313
0 0.941406 0.786719 0.023438 0.023438
0 0.115625 0.800000 0.025000 0.028125
0 0.096094 0.796875 0.023438 0.021875
0 0.084375 0.799219 0.021875 0.020313
0 0.045312 0.800781 0.018750 0.017188
0 0.100781 0.317969 0.032813 0.017188
0 0.103125 0.341406 0.028125 0.010937
0 0.102344 0.351562 0.029687 0.009375
0 0.103125 0.362500 0.034375 0.009375
0 0.095312 0.406250 0.025000 0.009375
0 0.096875 0.418750 0.028125 0.009375
0 0.094531 0.428906 0.029687 0.010937
0 0.094531 0.439063 0.032813 0.009375
