0 0.132812 0.123438 0.037500 0.018750
0 0.025781 0.152344 0.032813 0.010937
0 0.051562 0.232813 0.034375 0.015625
0 0.239844 0.128906 0.029687 0.020313
0 0.271094 0.157812 0.039062 0.015625
0 0.342187 0.146875 0.028125 0.018750
0 0.367969 0.136719 0.029687 0.014063
0 0.385156 0.153125 0.032813 0.015625
0 0.357812 0.171875 0.028125 0.015625
0 0.446875 0.140625 0.034375 0.015625
0 0.426563 0.164062 0.028125 0.015625
0 0.421094 0.177344 0.029687 0.010937
0 0.577344 0.160938 0.039062 0.015625
0 0.624219 0.165625 0.035937 0.012500
0 0.664062 0.181250 0.034375 0.015625
0 0.902344 0.154688 0.073438 0.028125
0 0.849219 0.239844 0.029687 0.029687
0 0.973437 0.244531 0.028125 0.026562
0 0.631250 0.217969 0.018750 0.020313
0 0.612500 0.214844 0.018750 0.026562
0 0.597656 0.214844 0.014063 0.023438
0 0.542188 0.280469 0.025000 0.020313
0 0.989062 0.303125 0.021875 0.018750
0 0.970313 0.321094 0.021875 0.020313
0 0.957031 0.316406 0.020313 0.020313
0 0.939063 0.316406 0.025000 0.020313
0 0.907813 0.320312 0.021875 0.021875
0 0.889844 0.312500 0.020313 0.025000
0 0.873437 0.304688 0.021875 0.031250
0 0.922656 0.367969 0.026562 0.026562
0 0.901563 0.366406 0.021875 0.023438
0 0.854688 0.361719 0.025000 0.023438
0 0.821875 0.354687 0.018750 0.025000
0 0.806250 0.353906 0.015625 0.023438
0 0.723437 0.350781 0.031250 0.026562
0 0.667188 0.348438 0.028125 0.028125
0 0.657031 0.349219 0.023438 0.023438
0 0.635938 0.346875 0.021875 0.025000
0 0.575781 0.341406 0.023438 0.020313
0 0.324219 0.284375 0.020313 0.025000
0 0.305469 0.414062 0.014063 0.021875
0 0.276562 0.397656 0.018750 0.029687
0 0.048438 0.702344 0.015625 0.020313
0 0.033594 0.702344 0.020313 0.032813
0 0.968750 0.852344 0.025000 0.014063
0 0.939844 0.850781 0.029687 0.010937
0 0.879687 0.857031 0.031250 0.014063
0 0.872656 0.867188 0.023438 0.009375
0 0.873437 0.879687 0.025000 0.012500
0 0.935937 0.879687 0.028125 0.012500
0 0.965625 0.889844 0.031250 0.017188
0 0.935937 0.889062 0.028125 0.012500
0 0.934375 0.901563 0.025000 0.009375
0 0.867969 0.906250 0.035937 0.015625
0 0.943750 0.941406 0.034375 0.020313
0 0.765625 0.929688 0.037500 0.015625
0 0.759375 0.961719 0.031250 0.017188
0 0.725781 0.957031 0.029687 0.014063
0 0.378125 0.907031 0.031250 0.014063
0 0.434375 0.941406 0.034375 0.014063
