0 0.565625 0.038281 0.021875 0.014063
0 0.561719 0.050000 0.026562 0.015625
0 0.565625 0.285938 0.021875 0.028125
0 0.066406 0.567969 0.017188 0.023438
0 0.081250 0.635156 0.018750 0.026562
0 0.095312 0.633594 0.015625 0.023438
0 0.096094 0.753125 0.017188 0.025000
0 0.228906 0.681250 0.014063 0.021875
0 0.177344 0.747656 0.014063 0.023438
0 0.190625 0.747656 0.015625 0.020313
0 0.193750 0.767969 0.015625 0.020313
0 0.539062 0.679688 0.012500 0.018750
0 0.565625 0.692969 0.015625 0.020313
0 0.516406 0.741406 0.010937 0.017188
0 0.540625 0.746094 0.015625 0.020313
0 0.567969 0.745313 0.017188 0.025000
0 0.541406 0.767969 0.017188 0.023438
0 0.713281 0.753906 0.020313 0.010937
0 0.712500 0.761719 0.018750 0.010937
0 0.712500 0.771094 0.021875 0.007812
0 0.713281 0.778906 0.023438 0.007812
0 0.714844 0.788281 0.020313 0.007812
0 0.714063 0.797656 0.021875 0.007812
0 0.714063 0.807031 0.021875 0.007812
0 0.713281 0.817969 0.023438 0.010937
0 0.712500 0.824219 0.025000 0.010937
0 0.711719 0.832031 0.023438 0.010937
0 0.712500 0.853125 0.025000 0.012500
0 0.717187 0.886719 0.021875 0.010937
0 0.712500 0.895312 0.025000 0.012500
0 0.714844 0.906250 0.023438 0.012500
0 0.714063 0.917188 0.025000 0.009375
0 0.716406 0.927344 0.023438 0.010937
0 0.735938 0.932031 0.015625 0.020313
0 0.776563 0.943750 0.018750 0.009375
0 0.772656 0.934375 0.017188 0.009375
0 0.767969 0.925781 0.020313 0.007812
0 0.768750 0.916406 0.018750 0.010937
0 0.770312 0.907813 0.021875 0.009375
0 0.768750 0.897656 0.025000 0.010937
0 0.768750 0.889844 0.018750 0.007812
0 0.764844 0.879687 0.017188 0.006250
0 0.766406 0.870313 0.014063 0.009375
0 0.764062 0.859375 0.015625 0.009375
