0 0.527344 0.571875 0.017188 0.009375
0 0.359375 0.680469 0.028125 0.010937
0 0.492969 0.228125 0.017188 0.059375
0 0.264844 0.127344 0.023438 0.014063
0 0.264844 0.139063 0.026562 0.009375
0 0.314063 0.003906 0.018750 0.004687
0 0.317969 0.012500 0.023438 0.009375
0 0.317188 0.021094 0.025000 0.010937
0 0.315625 0.043750 0.025000 0.009375
0 0.315625 0.055469 0.025000 0.010937
0 0.317188 0.062500 0.025000 0.006250
0 0.318750 0.068750 0.025000 0.009375
0 0.318750 0.078125 0.025000 0.012500
0 0.318750 0.089844 0.028125 0.010937
0 0.318750 0.099219 0.028125 0.010937
0 0.253906 0.875781 0.020313 0.020313
0 0.189062 0.010937 0.028125 0.012500
0 0.030469 0.217969 0.029687 0.014063
0 0.067969 0.950000 0.017188 0.025000
