0 0.037260 0.872596 0.026442 0.038462
0 0.092548 0.835337 0.040865 0.021635
0 0.090144 0.802885 0.045673 0.019231
0 0.076923 0.781250 0.043269 0.024038
0 0.025240 0.757212 0.026442 0.038462
0 0.013221 0.502404 0.021635 0.028846
0 0.046875 0.509615 0.031250 0.028846
0 0.057692 0.526442 0.028846 0.028846
0 0.021635 0.348558 0.028846 0.024038
0 0.209135 0.362981 0.024038 0.028846
0 0.204327 0.485577 0.028846 0.024038
0 0.218750 0.474760 0.024038 0.021635
0 0.242788 0.445913 0.033654 0.026442
0 0.271635 0.335337 0.038462 0.031250
0 0.225962 0.240385 0.033654 0.024038
0 0.375000 0.241587 0.024038 0.021635
0 0.265625 0.195913 0.036058 0.021635
0 0.256010 0.209135 0.036058 0.024038
0 0.292067 0.175481 0.031250 0.024038
0 0.527644 0.199519 0.031250 0.024038
0 0.819712 0.415865 0.038462 0.019231
0 0.825721 0.436298 0.036058 0.021635
0 0.844952 0.530048 0.021635 0.026442
0 0.865385 0.560096 0.038462 0.024038
0 0.850962 0.603365 0.033654 0.019231
0 0.593750 0.677885 0.038462 0.024038
0 0.572115 0.711538 0.033654 0.019231
0 0.893029 0.080529 0.031250 0.026442
0 0.008413 0.750000 0.012019 0.033654
