0 0.170673 0.247596 0.043269 0.024038
0 0.163462 0.305288 0.043269 0.024038
0 0.735577 0.631010 0.033654 0.026442
0 0.735577 0.647837 0.033654 0.026442
0 0.819712 0.564904 0.038462 0.028846
0 0.850962 0.537260 0.038462 0.031250
0 0.971154 0.507212 0.033654 0.028846
0 0.944712 0.752404 0.033654 0.028846
0 0.526442 0.068510 0.048077 0.021635
0 0.129808 0.358173 0.033654 0.024038
0 0.483173 0.361779 0.038462 0.031250
0 0.237981 0.469952 0.038462 0.021635
0 0.250000 0.481971 0.038462 0.026442
0 0.171875 0.395433 0.040865 0.031250
0 0.362981 0.466346 0.028846 0.024038
0 0.200721 0.441106 0.021635 0.026442
0 0.395433 0.448317 0.026442 0.026442
0 0.407452 0.436298 0.026442 0.021635
0 0.444712 0.405048 0.033654 0.031250
0 0.469952 0.401442 0.026442 0.024038
