0 0.087740 0.449519 0.021635 0.024038
0 0.156250 0.460337 0.024038 0.031250
0 0.271635 0.489183 0.024038 0.031250
0 0.246394 0.503606 0.021635 0.031250
0 0.407452 0.658654 0.040865 0.019231
0 0.406250 0.693510 0.038462 0.021635
0 0.397837 0.675481 0.031250 0.019231
0 0.349760 0.775240 0.036058 0.016827
0 0.349760 0.758413 0.036058 0.021635
0 0.341346 0.900240 0.038462 0.021635
0 0.399038 0.834135 0.019231 0.028846
0 0.551683 0.622596 0.021635 0.038462
0 0.570913 0.724760 0.031250 0.026442
0 0.588942 0.680288 0.028846 0.024038
0 0.506010 0.796875 0.036058 0.021635
0 0.893029 0.438702 0.016827 0.031250
0 0.873798 0.443510 0.021635 0.031250
0 0.743990 0.456731 0.026442 0.028846
0 0.679087 0.319712 0.036058 0.019231
0 0.703125 0.371394 0.040865 0.021635
0 0.881010 0.335337 0.036058 0.031250
0 0.756010 0.210337 0.036058 0.031250
0 0.831731 0.143029 0.033654 0.031250
0 0.917067 0.106971 0.016827 0.036058
0 0.939904 0.097356 0.019231 0.036058
0 0.931490 0.131010 0.021635 0.031250
0 0.985577 0.174279 0.024038 0.031250
0 0.692308 0.262019 0.038462 0.024038
0 0.274038 0.143029 0.024038 0.026442
0 0.550481 0.991587 0.038462 0.016827
0 0.079327 0.217548 0.024038 0.026442
0 0.103365 0.213942 0.024038 0.028846
