0 0.374219 0.795312 0.029687 0.006250
0 0.284375 0.839844 0.015625 0.026562
0 0.275000 0.871875 0.015625 0.018750
0 0.318750 0.915625 0.012500 0.025000
0 0.355469 0.853125 0.023438 0.009375
0 0.354687 0.867188 0.021875 0.009375
0 0.358594 0.881250 0.039062 0.012500
0 0.275000 0.975000 0.028125 0.009375
0 0.275000 0.986719 0.031250 0.007812
0 0.293750 0.987500 0.031250 0.009375
0 0.333594 0.985938 0.017188 0.018750
0 0.318750 0.989844 0.015625 0.017188
0 0.353125 0.950000 0.021875 0.009375
0 0.354687 0.959375 0.021875 0.009375
0 0.353125 0.968750 0.018750 0.006250
0 0.352344 0.978125 0.023438 0.006250
0 0.353125 0.995313 0.025000 0.009375
0 0.376563 0.953125 0.021875 0.009375
0 0.377344 0.962500 0.023438 0.009375
0 0.375000 0.971094 0.025000 0.007812
0 0.377344 0.981250 0.023438 0.012500
0 0.375000 0.993750 0.025000 0.009375
0 0.434375 0.950000 0.028125 0.012500
0 0.434375 0.960938 0.028125 0.009375
0 0.434375 0.978125 0.031250 0.009375
0 0.431250 0.989844 0.034375 0.010937
0 0.462500 0.949219 0.028125 0.010937
0 0.461719 0.960938 0.026562 0.009375
0 0.465625 0.970313 0.021875 0.009375
0 0.464844 0.980469 0.023438 0.007812
0 0.540625 0.946875 0.031250 0.012500
0 0.539844 0.956250 0.032813 0.009375
0 0.539844 0.965625 0.032813 0.006250
0 0.539844 0.977344 0.029687 0.010937
0 0.539844 0.987500 0.029687 0.009375
0 0.537500 0.996875 0.037500 0.006250
0 0.568750 0.946094 0.028125 0.014063
0 0.568750 0.958594 0.028125 0.010937
0 0.565625 0.978125 0.025000 0.012500
0 0.567187 0.987500 0.025000 0.009375
0 0.719531 0.393750 0.029687 0.012500
