0 0.448437 0.365625 0.031250 0.018750
0 0.086719 0.692969 0.023438 0.007812
0 0.010937 0.540625 0.018750 0.009375
0 0.014844 0.551562 0.023438 0.009375
0 0.017969 0.560156 0.023438 0.010937
0 0.026562 0.574219 0.021875 0.010937
0 0.056250 0.585938 0.021875 0.012500
0 0.069531 0.604688 0.023438 0.012500
0 0.039844 0.600000 0.023438 0.012500
0 0.046094 0.610156 0.020313 0.010937
0 0.051562 0.619531 0.021875 0.010937
0 0.069531 0.650000 0.029687 0.012500
0 0.011719 0.731250 0.020313 0.012500
0 0.260937 0.939063 0.021875 0.009375
0 0.267188 0.949219 0.025000 0.010937
0 0.274219 0.958594 0.020313 0.007812
0 0.234375 0.970313 0.018750 0.015625
0 0.451562 0.872656 0.021875 0.020313
