0 0.307812 0.102344 0.021875 0.029687
0 0.317188 0.181250 0.021875 0.025000
0 0.357812 0.217188 0.021875 0.025000
0 0.346094 0.260937 0.020313 0.025000
0 0.373437 0.262500 0.018750 0.028125
0 0.407813 0.349219 0.018750 0.023438
0 0.639062 0.054688 0.018750 0.031250
0 0.668750 0.057813 0.015625 0.021875
0 0.692187 0.183594 0.025000 0.029687
0 0.117969 0.507031 0.029687 0.014063
0 0.189062 0.489063 0.025000 0.015625
0 0.215625 0.484375 0.028125 0.012500
0 0.478906 0.420312 0.029687 0.015625
0 0.536719 0.409375 0.029687 0.012500
0 0.682813 0.371094 0.031250 0.017188
0 0.714063 0.366406 0.028125 0.017188
0 0.485156 0.452344 0.032813 0.020313
0 0.518750 0.446875 0.034375 0.015625
0 0.576562 0.432031 0.034375 0.017188
0 0.846094 0.509375 0.026562 0.018750
0 0.633594 0.594531 0.026562 0.023438
0 0.921094 0.318750 0.032813 0.015625
