0 0.121094 0.255469 0.017188 0.020313
0 0.065625 0.275000 0.021875 0.021875
0 0.025000 0.284375 0.018750 0.021875
0 0.006250 0.290625 0.009375 0.021875
0 0.046094 0.346094 0.026562 0.010937
0 0.158594 0.302344 0.017188 0.026562
0 0.871875 0.158594 0.025000 0.017188
0 0.934375 0.270313 0.021875 0.015625
0 0.792969 0.478125 0.023438 0.015625
0 0.814063 0.518750 0.021875 0.015625
0 0.831250 0.558594 0.021875 0.010937
0 0.858594 0.600000 0.023438 0.012500
0 0.871094 0.631250 0.020313 0.012500
0 0.925000 0.532813 0.025000 0.015625
0 0.940625 0.565625 0.025000 0.012500
0 0.958594 0.596875 0.026562 0.012500
0 0.975000 0.627344 0.025000 0.014063
0 0.220312 0.268750 0.025000 0.018750
