0 0.145433 0.200721 0.016827 0.021635
0 0.265625 0.266827 0.040865 0.014423
0 0.318510 0.211538 0.026442 0.033654
0 0.443510 0.248798 0.031250 0.021635
0 0.459135 0.263221 0.033654 0.021635
0 0.460337 0.313702 0.031250 0.021635
0 0.419471 0.335337 0.040865 0.021635
0 0.393029 0.621394 0.036058 0.016827
0 0.389423 0.722356 0.052885 0.016827
0 0.381010 0.790865 0.040865 0.019231
0 0.324519 0.819712 0.024038 0.028846
0 0.371394 0.903846 0.040865 0.024038
0 0.360577 0.986779 0.038462 0.016827
0 0.106971 0.931490 0.021635 0.026442
0 0.129808 0.944712 0.024038 0.028846
0 0.072115 0.328125 0.019231 0.021635
0 0.162260 0.340144 0.021635 0.031250
0 0.182692 0.338942 0.019231 0.028846
0 0.042067 0.198317 0.021635 0.031250
0 0.093750 0.316106 0.019231 0.036058
