0 0.291406 0.178125 0.014063 0.021875
0 0.207813 0.452344 0.012500 0.017188
0 0.310937 0.473438 0.018750 0.015625
0 0.250000 0.662500 0.028125 0.015625
0 0.134375 0.911719 0.025000 0.014063
0 0.471875 0.326562 0.025000 0.012500
0 0.556250 0.461719 0.025000 0.014063
0 0.681250 0.482031 0.021875 0.010937
0 0.715625 0.483594 0.018750 0.010937
0 0.748437 0.485156 0.025000 0.010937
0 0.664062 0.508594 0.009375 0.017188
0 0.674219 0.511719 0.007812 0.020313
0 0.689844 0.512500 0.010937 0.018750
0 0.704688 0.510938 0.009375 0.018750
0 0.717187 0.510938 0.009375 0.018750
0 0.730469 0.514062 0.010937 0.018750
0 0.743750 0.512500 0.009375 0.018750
0 0.758594 0.511719 0.007812 0.017188
0 0.766406 0.511719 0.007812 0.020313
0 0.778125 0.514062 0.012500 0.018750
0 0.675781 0.533594 0.010937 0.017188
0 0.707031 0.534375 0.007812 0.015625
0 0.717969 0.535937 0.007812 0.015625
0 0.728906 0.535937 0.010937 0.015625
0 0.757812 0.464844 0.012500 0.014063
0 0.775000 0.461719 0.009375 0.014063
0 0.789844 0.464844 0.007812 0.020313
0 0.604688 0.476562 0.018750 0.009375
0 0.605469 0.496094 0.020313 0.010937
0 0.600000 0.518750 0.025000 0.009375
0 0.603125 0.572656 0.028125 0.007812
0 0.629687 0.587500 0.015625 0.021875
0 0.931250 0.003125 0.015625 0.003125
0 0.924219 0.037500 0.007812 0.015625
0 0.935156 0.038281 0.010937 0.014063
0 0.925000 0.062500 0.009375 0.012500
0 0.937500 0.062500 0.006250 0.015625
0 0.953906 0.063281 0.010937 0.020313
0 0.980469 0.061719 0.010937 0.017188
0 0.928125 0.130469 0.012500 0.023438
0 0.942969 0.131250 0.010937 0.021875
0 0.958594 0.110156 0.010937 0.020313
0 0.978906 0.107813 0.007812 0.015625
0 0.987500 0.127344 0.015625 0.017188
0 0.980469 0.175781 0.010937 0.014063
0 0.996875 0.175000 0.006250 0.015625
0 0.928906 0.176563 0.007812 0.018750
0 0.945312 0.175781 0.009375 0.017188
0 0.971094 0.198437 0.014063 0.015625
0 0.947656 0.244531 0.010937 0.023438
0 0.950000 0.396875 0.012500 0.018750
0 0.933594 0.451562 0.010937 0.015625
0 0.445312 0.707812 0.012500 0.025000
0 0.448437 0.872656 0.012500 0.017188
0 0.853125 0.861719 0.015625 0.014063
0 0.882812 0.864062 0.012500 0.021875
0 0.015625 0.933594 0.021875 0.010937
