0 0.847356 0.724760 0.016827 0.026442
0 0.828125 0.725962 0.021635 0.028846
0 0.913462 0.412260 0.038462 0.016827
0 0.912260 0.366587 0.040865 0.021635
0 0.834135 0.350962 0.038462 0.019231
0 0.798077 0.361779 0.038462 0.016827
0 0.825721 0.409856 0.036058 0.016827
0 0.788462 0.385817 0.033654 0.016827
0 0.788462 0.403846 0.043269 0.024038
0 0.709135 0.368990 0.038462 0.016827
0 0.710337 0.353365 0.036058 0.014423
0 0.710337 0.328125 0.036058 0.021635
0 0.850962 0.157452 0.019231 0.031250
0 0.890625 0.135817 0.031250 0.016827
0 0.894231 0.120192 0.028846 0.014423
0 0.927885 0.127404 0.033654 0.014423
0 0.927885 0.135817 0.028846 0.016827
0 0.927885 0.152644 0.033654 0.016827
0 0.262019 0.354567 0.038462 0.016827
0 0.225962 0.335337 0.038462 0.016827
0 0.228365 0.366587 0.033654 0.016827
0 0.139423 0.308894 0.038462 0.016827
0 0.137019 0.335337 0.038462 0.016827
0 0.132212 0.362981 0.033654 0.014423
0 0.132212 0.376202 0.033654 0.016827
0 0.311298 0.133413 0.040865 0.016827
0 0.318510 0.092548 0.050481 0.012019
0 0.319712 0.079327 0.033654 0.014423
0 0.227163 0.074519 0.036058 0.014423
0 0.192308 0.070913 0.038462 0.016827
0 0.224760 0.128606 0.040865 0.016827
0 0.187500 0.114183 0.038462 0.016827
0 0.183894 0.128606 0.040865 0.012019
0 0.187500 0.143029 0.038462 0.016827
0 0.198317 0.195913 0.045673 0.021635
0 0.097356 0.146635 0.040865 0.019231
0 0.100962 0.112981 0.038462 0.014423
0 0.100962 0.098558 0.033654 0.014423
0 0.108173 0.082933 0.043269 0.016827
0 0.087740 0.717548 0.036058 0.012019
0 0.084135 0.730769 0.033654 0.014423
0 0.081731 0.742788 0.038462 0.014423
0 0.080529 0.757212 0.036058 0.014423
0 0.067308 0.788462 0.033654 0.014423
0 0.058894 0.814904 0.031250 0.014423
0 0.056490 0.829327 0.031250 0.014423
0 0.055288 0.846154 0.038462 0.014423
0 0.159856 0.850962 0.036058 0.014423
0 0.163462 0.837740 0.033654 0.016827
0 0.169471 0.819712 0.036058 0.014423
0 0.174279 0.792067 0.036058 0.016827
0 0.191106 0.751202 0.036058 0.016827
0 0.193510 0.737981 0.036058 0.014423
0 0.203125 0.724760 0.040865 0.016827
0 0.205529 0.709135 0.036058 0.014423
0 0.268029 0.316106 0.040865 0.016827
0 0.074519 0.986779 0.024038 0.026442
