0 0.131250 0.398438 0.015625 0.028125
0 0.148438 0.401562 0.018750 0.025000
0 0.366406 0.269531 0.026562 0.014063
0 0.411719 0.266406 0.023438 0.017188
0 0.829688 0.224219 0.018750 0.020313
0 0.907031 0.232031 0.014063 0.023438
0 0.250000 0.535156 0.025000 0.010937
0 0.253125 0.545312 0.021875 0.015625
0 0.251563 0.574219 0.021875 0.014063
0 0.250781 0.583594 0.026562 0.014063
0 0.251563 0.592969 0.028125 0.017188
0 0.253125 0.611719 0.025000 0.017188
0 0.253125 0.638281 0.021875 0.010937
0 0.250781 0.649219 0.023438 0.010937
0 0.258594 0.848437 0.014063 0.021875
0 0.698438 0.757031 0.028125 0.014063
0 0.699219 0.770312 0.023438 0.012500
0 0.792188 0.772656 0.015625 0.017188
0 0.827344 0.808594 0.010937 0.017188
0 0.846094 0.809375 0.014063 0.015625
0 0.930469 0.807813 0.017188 0.018750
0 0.825781 0.825781 0.017188 0.017188
0 0.708594 0.876563 0.017188 0.025000
