0 0.821094 0.010156 0.014063 0.017188
0 0.842969 0.028125 0.020313 0.018750
0 0.646875 0.096875 0.021875 0.021875
0 0.410938 0.125781 0.012500 0.017188
0 0.425000 0.136719 0.018750 0.026562
0 0.407031 0.145313 0.020313 0.021875
0 0.328125 0.100781 0.025000 0.023438
0 0.260937 0.053125 0.018750 0.025000
0 0.225781 0.026562 0.020313 0.025000
0 0.230469 0.007031 0.020313 0.010937
0 0.154688 0.032031 0.028125 0.026562
0 0.105469 0.078906 0.032813 0.023438
0 0.061719 0.113281 0.029687 0.017188
0 0.051562 0.156250 0.028125 0.015625
0 0.067187 0.189062 0.034375 0.015625
0 0.097656 0.245312 0.026562 0.021875
0 0.192188 0.164062 0.034375 0.025000
0 0.185156 0.239063 0.017188 0.025000
0 0.197656 0.239063 0.017188 0.021875
0 0.279687 0.201563 0.018750 0.025000
0 0.326562 0.214844 0.015625 0.026562
0 0.339844 0.225000 0.014063 0.025000
0 0.432031 0.232031 0.020313 0.032813
0 0.449219 0.248438 0.014063 0.018750
0 0.589844 0.221875 0.020313 0.028125
0 0.819531 0.332031 0.035937 0.023438
0 0.796875 0.473438 0.015625 0.028125
0 0.766406 0.496875 0.032813 0.015625
0 0.695312 0.458594 0.012500 0.023438
0 0.681250 0.451562 0.018750 0.025000
0 0.637500 0.452344 0.012500 0.023438
0 0.535156 0.442188 0.017188 0.021875
0 0.482031 0.435937 0.017188 0.021875
0 0.630469 0.542188 0.014063 0.025000
0 0.619531 0.547656 0.017188 0.020313
0 0.514844 0.536719 0.017188 0.026562
0 0.500781 0.552344 0.020313 0.023438
0 0.287500 0.507812 0.025000 0.012500
0 0.283594 0.569531 0.032813 0.014063
0 0.275781 0.617188 0.029687 0.012500
0 0.934375 0.049219 0.028125 0.017188
0 0.962500 0.833594 0.012500 0.026562
0 0.949219 0.830469 0.014063 0.026562
0 0.753125 0.817187 0.018750 0.028125
0 0.667969 0.732031 0.014063 0.023438
0 0.610938 0.733594 0.015625 0.026562
0 0.595313 0.728906 0.015625 0.029687
0 0.567187 0.756250 0.031250 0.015625
0 0.607812 0.804688 0.018750 0.028125
0 0.538281 0.812500 0.017188 0.028125
0 0.414844 0.721094 0.017188 0.023438
0 0.446875 0.772656 0.028125 0.014063
0 0.421094 0.769531 0.029687 0.014063
0 0.307031 0.767188 0.023438 0.015625
0 0.300781 0.787500 0.026562 0.018750
0 0.267969 0.727344 0.032813 0.017188
0 0.042188 0.719531 0.034375 0.029687
0 0.028906 0.725000 0.035937 0.028125
0 0.014063 0.735156 0.025000 0.026562
0 0.007812 0.742969 0.012500 0.017188
