0 0.264062 0.008594 0.018750 0.014063
0 0.244531 0.344531 0.014063 0.020313
0 0.267188 0.357812 0.012500 0.021875
0 0.227344 0.399219 0.014063 0.023438
0 0.246094 0.402344 0.010937 0.017188
0 0.268750 0.400000 0.015625 0.018750
0 0.249219 0.421875 0.014063 0.018750
0 0.766406 0.309375 0.014063 0.028125
0 0.768750 0.273438 0.012500 0.018750
0 0.778125 0.311719 0.012500 0.020313
0 0.777344 0.329688 0.010937 0.021875
0 0.788281 0.327344 0.014063 0.020313
0 0.841406 0.365625 0.010937 0.018750
0 0.810937 0.367188 0.015625 0.018750
0 0.800781 0.366406 0.010937 0.017188
0 0.789062 0.367188 0.012500 0.018750
0 0.764844 0.385156 0.010937 0.020313
0 0.780469 0.385156 0.010937 0.017188
0 0.790625 0.386719 0.009375 0.017188
0 0.813281 0.383594 0.010937 0.017188
0 0.823438 0.384375 0.012500 0.018750
0 0.866406 0.423438 0.010937 0.018750
0 0.846094 0.438281 0.010937 0.020313
0 0.832812 0.424219 0.009375 0.017188
0 0.824219 0.419531 0.010937 0.017188
0 0.812500 0.421094 0.012500 0.017188
0 0.801562 0.422656 0.009375 0.014063
0 0.780469 0.421875 0.010937 0.018750
0 0.768750 0.421094 0.009375 0.017188
0 0.771094 0.439063 0.010937 0.018750
0 0.791406 0.437500 0.010937 0.015625
0 0.814063 0.439063 0.012500 0.018750
0 0.782813 0.477344 0.009375 0.014063
0 0.771094 0.474219 0.010937 0.017188
0 0.774219 0.529687 0.010937 0.015625
0 0.657031 0.657813 0.010937 0.015625
0 0.644531 0.658594 0.010937 0.017188
0 0.631250 0.658594 0.012500 0.020313
0 0.646875 0.696094 0.012500 0.020313
0 0.635938 0.694531 0.009375 0.017188
0 0.625000 0.698438 0.009375 0.018750
0 0.612500 0.699219 0.009375 0.017188
0 0.603125 0.698438 0.009375 0.015625
0 0.592187 0.696094 0.009375 0.017188
0 0.584375 0.696094 0.009375 0.014063
0 0.573438 0.695312 0.009375 0.015625
0 0.563281 0.695312 0.010937 0.015625
0 0.551562 0.695312 0.009375 0.015625
0 0.564844 0.714844 0.014063 0.020313
0 0.593750 0.714844 0.009375 0.017188
0 0.607031 0.715625 0.010937 0.015625
0 0.462500 0.654687 0.028125 0.012500
0 0.501563 0.667969 0.021875 0.010937
0 0.503906 0.682813 0.020313 0.009375
0 0.500781 0.698438 0.026562 0.012500
0 0.503125 0.745313 0.021875 0.009375
0 0.525000 0.758594 0.012500 0.020313
0 0.264844 0.663281 0.014063 0.020313
0 0.398438 0.559375 0.021875 0.009375
0 0.397656 0.550781 0.023438 0.007812
0 0.396875 0.543750 0.021875 0.009375
0 0.396094 0.535156 0.020313 0.007812
0 0.400000 0.525781 0.021875 0.010937
0 0.397656 0.497656 0.020313 0.010937
0 0.396875 0.489063 0.018750 0.009375
0 0.395313 0.482031 0.018750 0.007812
0 0.395313 0.472656 0.018750 0.007812
0 0.396875 0.464844 0.018750 0.007812
0 0.395313 0.457031 0.021875 0.007812
0 0.395313 0.447656 0.018750 0.007812
0 0.397656 0.439063 0.020313 0.009375
0 0.396094 0.432812 0.017188 0.009375
0 0.395313 0.424219 0.021875 0.007812
0 0.396094 0.415625 0.020313 0.009375
0 0.451562 0.567187 0.021875 0.009375
0 0.445312 0.558594 0.021875 0.007812
0 0.445312 0.550781 0.021875 0.007812
0 0.446875 0.544531 0.018750 0.004687
0 0.445312 0.535937 0.021875 0.006250
0 0.446875 0.520312 0.018750 0.006250
0 0.446875 0.512500 0.018750 0.009375
0 0.446875 0.503906 0.018750 0.007812
0 0.217188 0.817187 0.025000 0.012500
0 0.710938 0.983594 0.015625 0.020313
0 0.733594 0.983594 0.017188 0.017188
