0 0.178906 0.534375 0.029687 0.018750
0 0.404687 0.555469 0.031250 0.017188
0 0.512500 0.594531 0.028125 0.017188
0 0.721094 0.568750 0.029687 0.018750
0 0.862500 0.580469 0.028125 0.017188
0 0.899219 0.607031 0.026562 0.017188
0 0.980469 0.728906 0.017188 0.020313
0 0.704688 0.714844 0.018750 0.026562
0 0.677344 0.709375 0.017188 0.028125
0 0.378906 0.698438 0.020313 0.021875
0 0.355469 0.696875 0.017188 0.021875
0 0.303906 0.701562 0.017188 0.018750
0 0.270313 0.694531 0.015625 0.026562
0 0.251563 0.690625 0.018750 0.025000
0 0.052344 0.910937 0.029687 0.015625
0 0.017969 0.908594 0.029687 0.020313
