0 0.306490 0.545673 0.045673 0.019231
0 0.242788 0.585337 0.019231 0.026442
0 0.270433 0.587740 0.021635 0.026442
0 0.289663 0.590144 0.021635 0.021635
0 0.318510 0.591346 0.021635 0.024038
0 0.865385 0.631010 0.024038 0.036058
0 0.325721 0.725962 0.026442 0.038462
0 0.158654 0.686298 0.033654 0.021635
0 0.210337 0.784856 0.021635 0.021635
0 0.237981 0.787260 0.024038 0.026442
0 0.336538 0.794471 0.024038 0.021635
0 0.436298 0.798077 0.036058 0.033654
0 0.600962 0.801683 0.033654 0.031250
0 0.673077 0.807692 0.033654 0.028846
0 0.707933 0.722356 0.021635 0.026442
0 0.729567 0.736779 0.021635 0.026442
0 0.754808 0.741587 0.024038 0.026442
0 0.808894 0.736779 0.021635 0.026442
0 0.837740 0.740385 0.026442 0.028846
0 0.885817 0.718750 0.021635 0.024038
0 0.913462 0.717548 0.028846 0.026442
0 0.931490 0.823317 0.031250 0.026442
0 0.778846 0.816106 0.033654 0.026442
0 0.743990 0.808894 0.036058 0.026442
0 0.270433 0.711538 0.031250 0.033654
0 0.379808 0.789663 0.043269 0.036058
0 0.625000 0.799279 0.028846 0.031250
0 0.956731 0.822115 0.028846 0.028846
0 0.983173 0.723558 0.033654 0.028846
