0 0.125000 0.020313 0.012500 0.018750
0 0.135156 0.018750 0.010937 0.018750
0 0.150781 0.020313 0.014063 0.018750
0 0.163281 0.021875 0.014063 0.018750
0 0.084375 0.069531 0.018750 0.014063
0 0.127344 0.083594 0.014063 0.017188
0 0.143750 0.083594 0.015625 0.014063
0 0.164844 0.087500 0.020313 0.018750
0 0.289844 0.035937 0.010937 0.018750
0 0.319531 0.034375 0.020313 0.025000
0 0.417969 0.040625 0.017188 0.021875
0 0.441406 0.037500 0.010937 0.015625
0 0.343750 0.089844 0.015625 0.020313
0 0.356250 0.095312 0.015625 0.018750
0 0.371094 0.098437 0.017188 0.015625
0 0.432031 0.086719 0.017188 0.020313
0 0.448437 0.086719 0.015625 0.017188
0 0.499219 0.089844 0.017188 0.014063
0 0.524219 0.091406 0.017188 0.017188
0 0.496875 0.103125 0.018750 0.015625
0 0.302344 0.128125 0.017188 0.018750
0 0.226562 0.124219 0.025000 0.020313
0 0.196875 0.122656 0.018750 0.017188
0 0.326562 0.132031 0.015625 0.014063
0 0.366406 0.134375 0.017188 0.015625
0 0.392188 0.136719 0.018750 0.017188
0 0.475000 0.138281 0.025000 0.017188
0 0.739062 0.121875 0.018750 0.018750
0 0.775781 0.123438 0.014063 0.018750
0 0.784375 0.123438 0.015625 0.018750
0 0.795312 0.125781 0.015625 0.017188
0 0.806250 0.125781 0.015625 0.017188
0 0.819531 0.127344 0.020313 0.020313
0 0.711719 0.267969 0.023438 0.010937
0 0.744531 0.301563 0.017188 0.021875
0 0.821094 0.028906 0.023438 0.010937
0 0.757031 0.035156 0.026562 0.010937
0 0.595313 0.016406 0.025000 0.007812
0 0.492969 0.019531 0.020313 0.007812
0 0.364063 0.003906 0.018750 0.004687
0 0.946875 0.036719 0.025000 0.010937
0 0.914844 0.326562 0.020313 0.009375
0 0.884375 0.324219 0.025000 0.010937
0 0.791406 0.362500 0.010937 0.018750
0 0.803125 0.547656 0.018750 0.010937
0 0.802344 0.556250 0.020313 0.006250
0 0.824219 0.548438 0.020313 0.009375
0 0.824219 0.557031 0.020313 0.007812
0 0.825000 0.564844 0.021875 0.007812
0 0.983594 0.641406 0.029687 0.014063
0 0.474219 0.518750 0.014063 0.009375
0 0.471875 0.528906 0.025000 0.010937
0 0.424219 0.518750 0.020313 0.009375
0 0.403125 0.517969 0.021875 0.007812
0 0.355469 0.521875 0.023438 0.012500
0 0.350781 0.531250 0.020313 0.009375
0 0.350781 0.538281 0.020313 0.007812
0 0.349219 0.545312 0.023438 0.009375
0 0.349219 0.560937 0.023438 0.009375
0 0.401562 0.538281 0.025000 0.010937
0 0.397656 0.549219 0.020313 0.007812
0 0.419531 0.550000 0.023438 0.009375
0 0.469531 0.560156 0.020313 0.007812
0 0.398438 0.557031 0.021875 0.007812
0 0.408594 0.589063 0.023438 0.009375
0 0.269531 0.578125 0.026562 0.012500
0 0.375781 0.642969 0.026562 0.010937
0 0.374219 0.651563 0.023438 0.009375
0 0.373437 0.667188 0.021875 0.009375
0 0.448437 0.656250 0.025000 0.009375
0 0.494531 0.658594 0.017188 0.010937
0 0.424219 0.668750 0.020313 0.009375
0 0.368750 0.681250 0.021875 0.009375
0 0.368750 0.689844 0.021875 0.007812
0 0.444531 0.677344 0.023438 0.014063
0 0.425000 0.685156 0.021875 0.010937
0 0.700781 0.664844 0.020313 0.010937
0 0.700000 0.679688 0.021875 0.009375
0 0.701562 0.689063 0.018750 0.006250
0 0.771875 0.677344 0.021875 0.010937
0 0.749219 0.683594 0.020313 0.010937
0 0.746875 0.698438 0.021875 0.009375
0 0.764062 0.708594 0.021875 0.010937
0 0.817187 0.688281 0.025000 0.010937
0 0.821094 0.710156 0.026562 0.014063
0 0.933594 0.760156 0.014063 0.020313
0 0.942187 0.877344 0.015625 0.023438
0 0.913281 0.896875 0.014063 0.018750
0 0.768750 0.892188 0.009375 0.015625
0 0.758594 0.889844 0.010937 0.017188
0 0.059375 0.908594 0.015625 0.017188
0 0.080469 0.912500 0.014063 0.015625
0 0.097656 0.911719 0.017188 0.020313
0 0.346094 0.881250 0.023438 0.009375
0 0.345313 0.889062 0.021875 0.006250
0 0.343750 0.897656 0.018750 0.007812
0 0.340625 0.905469 0.018750 0.007812
0 0.335156 0.922656 0.020313 0.007812
0 0.334375 0.930469 0.021875 0.007812
0 0.330469 0.946875 0.020313 0.009375
0 0.328906 0.954688 0.023438 0.009375
0 0.410156 0.876563 0.023438 0.009375
0 0.410938 0.885938 0.021875 0.009375
0 0.410156 0.892969 0.017188 0.010937
0 0.405469 0.901563 0.020313 0.009375
0 0.396875 0.928125 0.025000 0.009375
0 0.394531 0.942969 0.020313 0.010937
0 0.389062 0.949219 0.021875 0.007812
0 0.389844 0.958594 0.026562 0.010937
