0 0.075781 0.427344 0.026562 0.010937
0 0.192969 0.429688 0.023438 0.009375
0 0.361719 0.456250 0.020313 0.015625
0 0.969531 0.478906 0.026562 0.010937
0 0.277344 0.491406 0.010937 0.014063
0 0.124219 0.550000 0.020313 0.015625
0 0.159375 0.552344 0.015625 0.017188
0 0.171875 0.553125 0.015625 0.015625
0 0.182812 0.553125 0.015625 0.015625
0 0.195312 0.554688 0.018750 0.018750
0 0.207813 0.553906 0.018750 0.017188
0 0.467969 0.573438 0.010937 0.015625
0 0.479687 0.573438 0.012500 0.018750
0 0.555469 0.578906 0.014063 0.017188
0 0.575781 0.578906 0.010937 0.017188
0 0.828125 0.591406 0.012500 0.020313
0 0.849219 0.593750 0.010937 0.015625
0 0.683594 0.635938 0.020313 0.012500
0 0.684375 0.668750 0.021875 0.009375
0 0.685937 0.678906 0.015625 0.007812
0 0.738281 0.647656 0.020313 0.007812
0 0.760938 0.642188 0.025000 0.009375
0 0.737500 0.657813 0.021875 0.009375
0 0.092969 0.700000 0.023438 0.012500
0 0.124219 0.735938 0.014063 0.021875
0 0.171875 0.796094 0.009375 0.017188
0 0.299219 0.760938 0.023438 0.012500
0 0.183594 0.986719 0.017188 0.007812
0 0.202344 0.989844 0.023438 0.007812
0 0.182031 0.996094 0.020313 0.007812
0 0.203906 0.997656 0.020313 0.004687
0 0.563281 0.888281 0.014063 0.014063
0 0.507812 0.973437 0.018750 0.009375
0 0.506250 0.980469 0.018750 0.010937
0 0.503906 0.988281 0.020313 0.010937
