0 0.610577 0.024038 0.038462 0.019231
0 0.263221 0.871394 0.036058 0.016827
0 0.050481 0.975962 0.033654 0.014423
0 0.018029 0.974760 0.031250 0.012019
0 0.016827 0.987981 0.028846 0.014423
0 0.049279 0.991587 0.036058 0.012019
0 0.145433 0.974760 0.036058 0.016827
0 0.146635 0.991587 0.033654 0.016827
0 0.194712 0.973558 0.033654 0.014423
0 0.192308 0.991587 0.033654 0.016827
0 0.310096 0.968750 0.038462 0.009615
0 0.307692 0.981971 0.043269 0.007212
0 0.307692 0.990385 0.043269 0.009615
0 0.364183 0.963942 0.045673 0.014423
0 0.372596 0.987981 0.057692 0.014423
0 0.024038 0.769231 0.033654 0.019231
0 0.026442 0.753606 0.033654 0.016827
0 0.038462 0.706731 0.043269 0.014423
