0 0.731971 0.899038 0.031250 0.019231
0 0.689904 0.807692 0.038462 0.019231
0 0.682692 0.790865 0.033654 0.019231
0 0.644231 0.699519 0.033654 0.019231
0 0.677885 0.715144 0.038462 0.021635
0 0.841346 0.756010 0.038462 0.016827
0 0.808894 0.701923 0.031250 0.014423
0 0.837740 0.676683 0.036058 0.016827
0 0.798077 0.688702 0.033654 0.016827
0 0.872596 0.832933 0.038462 0.021635
0 0.867788 0.816106 0.033654 0.016827
0 0.860577 0.802885 0.028846 0.014423
0 0.844952 0.776442 0.031250 0.014423
0 0.850962 0.788462 0.028846 0.014423
0 0.824519 0.647837 0.028846 0.016827
0 0.792067 0.671875 0.036058 0.016827
0 0.782452 0.656250 0.031250 0.014423
0 0.780048 0.640625 0.031250 0.016827
0 0.768029 0.627404 0.031250 0.019231
0 0.746394 0.567308 0.036058 0.019231
0 0.710337 0.525240 0.036058 0.021635
0 0.750000 0.585337 0.043269 0.016827
0 0.750000 0.602163 0.033654 0.016827
