0 0.169531 0.012500 0.023438 0.009375
0 0.170313 0.022656 0.028125 0.010937
0 0.296875 0.070312 0.025000 0.018750
0 0.321094 0.088281 0.023438 0.014063
0 0.367969 0.161719 0.023438 0.020313
0 0.357812 0.167969 0.025000 0.023438
0 0.335156 0.182812 0.020313 0.021875
0 0.291406 0.217969 0.023438 0.017188
0 0.278125 0.222656 0.021875 0.020313
0 0.162500 0.146875 0.021875 0.015625
0 0.173437 0.154688 0.025000 0.015625
0 0.581250 0.028125 0.034375 0.015625
0 0.567187 0.060937 0.021875 0.009375
0 0.578906 0.071094 0.029687 0.010937
0 0.572656 0.174219 0.029687 0.017188
0 0.606250 0.208594 0.021875 0.017188
0 0.603906 0.226562 0.023438 0.015625
0 0.707031 0.166406 0.017188 0.020313
0 0.868750 0.170313 0.015625 0.025000
0 0.880469 0.160156 0.010937 0.020313
0 0.882031 0.178906 0.010937 0.020313
0 0.935156 0.175781 0.014063 0.023438
0 0.844531 0.198437 0.029687 0.015625
0 0.709375 0.211719 0.021875 0.010937
0 0.735156 0.211719 0.026562 0.010937
0 0.816406 0.245312 0.020313 0.028125
0 0.877344 0.244531 0.020313 0.020313
0 0.646875 0.402344 0.012500 0.023438
0 0.535937 0.457031 0.028125 0.010937
0 0.525781 0.477344 0.029687 0.010937
0 0.682813 0.464844 0.034375 0.014063
0 0.857031 0.494531 0.023438 0.014063
0 0.882031 0.536719 0.010937 0.023438
0 0.882031 0.558594 0.010937 0.017188
0 0.958594 0.564844 0.014063 0.023438
0 0.630469 0.569531 0.017188 0.020313
0 0.550000 0.597656 0.031250 0.017188
0 0.936719 0.854688 0.020313 0.021875
