0 0.624219 0.050000 0.026562 0.018750
0 0.552344 0.086719 0.023438 0.017188
0 0.610938 0.131250 0.021875 0.015625
0 0.708594 0.193750 0.023438 0.015625
0 0.714063 0.165625 0.021875 0.015625
0 0.646094 0.215625 0.023438 0.012500
0 0.662500 0.205469 0.018750 0.014063
0 0.667188 0.212500 0.018750 0.015625
0 0.660937 0.242188 0.025000 0.015625
0 0.673438 0.253125 0.021875 0.015625
0 0.887500 0.134375 0.015625 0.021875
0 0.867969 0.221875 0.014063 0.018750
0 0.656250 0.374219 0.015625 0.017188
0 0.675000 0.364844 0.015625 0.020313
0 0.543750 0.340625 0.028125 0.015625
0 0.571875 0.330469 0.021875 0.014063
0 0.525000 0.442188 0.025000 0.009375
0 0.527344 0.452344 0.026562 0.010937
0 0.534375 0.459375 0.021875 0.012500
0 0.546875 0.468750 0.025000 0.009375
0 0.715625 0.383594 0.021875 0.026562
0 0.740625 0.395313 0.012500 0.015625
0 0.751563 0.392188 0.015625 0.018750
0 0.730469 0.434375 0.010937 0.018750
0 0.742188 0.434375 0.009375 0.018750
0 0.752344 0.431250 0.010937 0.018750
0 0.762500 0.429688 0.012500 0.018750
0 0.940625 0.468750 0.018750 0.009375
0 0.940625 0.478125 0.018750 0.009375
0 0.939063 0.493750 0.018750 0.006250
0 0.939844 0.501563 0.023438 0.006250
0 0.934375 0.509375 0.021875 0.006250
0 0.937500 0.533594 0.021875 0.010937
0 0.314063 0.121875 0.021875 0.018750
0 0.304688 0.127344 0.015625 0.017188
0 0.293750 0.131250 0.015625 0.018750
0 0.365625 0.143750 0.015625 0.015625
0 0.353125 0.150000 0.015625 0.015625
0 0.329688 0.156250 0.012500 0.015625
0 0.318750 0.165625 0.009375 0.018750
0 0.302344 0.171875 0.010937 0.015625
0 0.290625 0.175000 0.015625 0.015625
0 0.289844 0.278125 0.023438 0.015625
0 0.283594 0.271094 0.020313 0.010937
0 0.208594 0.187500 0.023438 0.018750
0 0.218750 0.193750 0.018750 0.012500
0 0.234375 0.212500 0.021875 0.015625
0 0.242188 0.218750 0.021875 0.009375
0 0.243750 0.228125 0.021875 0.009375
0 0.256250 0.237500 0.025000 0.012500
0 0.262500 0.246094 0.021875 0.010937
0 0.270313 0.253125 0.021875 0.009375
0 0.017969 0.087500 0.029687 0.015625
