0 0.299219 0.689063 0.017188 0.018750
0 0.268750 0.962500 0.009375 0.018750
0 0.268750 0.987500 0.018750 0.012500
0 0.512500 0.831250 0.015625 0.025000
0 0.543750 0.839844 0.009375 0.023438
0 0.559375 0.840625 0.015625 0.015625
0 0.578125 0.818750 0.012500 0.025000
0 0.587500 0.840625 0.009375 0.021875
0 0.604688 0.836719 0.009375 0.020313
0 0.590625 0.812500 0.009375 0.021875
0 0.605469 0.812500 0.007812 0.018750
0 0.618750 0.807813 0.006250 0.012500
0 0.638281 0.756250 0.014063 0.021875
0 0.662500 0.762500 0.015625 0.006250
0 0.662500 0.781250 0.018750 0.009375
0 0.740625 0.756250 0.015625 0.015625
0 0.767188 0.471875 0.021875 0.009375
0 0.767969 0.481250 0.020313 0.012500
0 0.756250 0.596875 0.021875 0.009375
0 0.756250 0.579688 0.018750 0.009375
0 0.754687 0.614844 0.021875 0.007812
0 0.749219 0.633594 0.020313 0.004687
0 0.750000 0.639062 0.015625 0.006250
0 0.807813 0.643750 0.018750 0.006250
0 0.808594 0.615625 0.017188 0.009375
0 0.809375 0.606250 0.012500 0.006250
0 0.811719 0.567969 0.020313 0.007812
0 0.815625 0.511719 0.025000 0.004687
0 0.815625 0.502344 0.021875 0.007812
0 0.817969 0.489844 0.017188 0.010937
0 0.818750 0.462500 0.021875 0.006250
0 0.818750 0.453125 0.018750 0.006250
0 0.834375 0.436719 0.021875 0.007812
0 0.853125 0.407813 0.015625 0.018750
0 0.865625 0.356250 0.009375 0.021875
0 0.878125 0.356250 0.006250 0.021875
0 0.965625 0.409375 0.012500 0.015625
0 0.969531 0.367188 0.020313 0.015625
0 0.996875 0.412500 0.006250 0.018750
0 0.992188 0.317969 0.015625 0.014063
0 0.432031 0.203125 0.020313 0.021875
0 0.811719 0.358594 0.017188 0.020313
0 0.825781 0.357812 0.014063 0.018750
