0 0.829327 0.052885 0.033654 0.014423
0 0.823317 0.038462 0.040865 0.014423
0 0.716346 0.075721 0.052885 0.021635
0 0.712740 0.091346 0.045673 0.009615
0 0.710337 0.111779 0.045673 0.016827
0 0.709135 0.127404 0.048077 0.014423
0 0.706731 0.144231 0.052885 0.019231
0 0.449519 0.478365 0.038462 0.014423
0 0.453125 0.497596 0.040865 0.009615
0 0.450721 0.509615 0.040865 0.014423
0 0.015625 0.984375 0.021635 0.031250
0 0.084135 0.927885 0.019231 0.028846
0 0.241587 0.788462 0.016827 0.028846
0 0.225962 0.787260 0.014423 0.031250
0 0.205529 0.787260 0.016827 0.031250
0 0.254808 0.717548 0.014423 0.021635
0 0.237981 0.716346 0.014423 0.024038
0 0.198317 0.715144 0.016827 0.021635
0 0.162260 0.721154 0.016827 0.028846
0 0.147837 0.716346 0.016827 0.024038
0 0.128606 0.712740 0.012019 0.026442
0 0.100962 0.719952 0.019231 0.031250
0 0.076923 0.713942 0.019231 0.028846
0 0.055288 0.710337 0.019231 0.031250
0 0.037260 0.712740 0.016827 0.031250
0 0.288462 0.724760 0.019231 0.026442
0 0.307692 0.727163 0.014423 0.026442
0 0.323317 0.728365 0.016827 0.024038
0 0.274038 0.788462 0.038462 0.014423
0 0.054087 0.921875 0.016827 0.021635
0 0.015625 0.921875 0.016827 0.021635
