0 0.418269 0.707933 0.038462 0.036058
0 0.459135 0.628606 0.043269 0.036058
0 0.546875 0.563702 0.031250 0.031250
0 0.615385 0.370192 0.033654 0.033654
0 0.501202 0.277644 0.040865 0.021635
0 0.537260 0.331731 0.040865 0.024038
0 0.543269 0.349760 0.038462 0.026442
0 0.490385 0.165865 0.033654 0.033654
0 0.742788 0.716346 0.043269 0.038462
0 0.695913 0.752404 0.036058 0.028846
0 0.647837 0.799279 0.036058 0.031250
0 0.663462 0.786058 0.028846 0.019231
0 0.838942 0.454327 0.033654 0.028846
0 0.802885 0.430288 0.038462 0.033654
0 0.616587 0.193510 0.045673 0.026442
0 0.594952 0.181490 0.045673 0.026442
0 0.647837 0.020433 0.036058 0.021635
0 0.430288 0.722356 0.028846 0.026442
0 0.667067 0.263221 0.040865 0.016827
0 0.669471 0.284856 0.045673 0.026442
