0 0.359375 0.039062 0.043750 0.018750
0 0.396875 0.039844 0.031250 0.014063
0 0.812500 0.043750 0.018750 0.018750
0 0.211719 0.070312 0.014063 0.025000
0 0.285938 0.071875 0.015625 0.021875
0 0.332031 0.077344 0.014063 0.023438
0 0.492188 0.128906 0.031250 0.014063
0 0.472656 0.173437 0.026562 0.012500
0 0.477344 0.194531 0.029687 0.014063
0 0.643750 0.172656 0.018750 0.014063
0 0.534375 0.235156 0.012500 0.020313
0 0.572656 0.243750 0.014063 0.025000
0 0.842969 0.107031 0.014063 0.020313
0 0.867188 0.108594 0.012500 0.014063
0 0.911719 0.107813 0.017188 0.015625
0 0.124219 0.309375 0.020313 0.021875
0 0.139844 0.290625 0.020313 0.021875
0 0.182031 0.272656 0.023438 0.023438
0 0.249219 0.260937 0.023438 0.015625
0 0.246094 0.276562 0.020313 0.015625
0 0.266406 0.278906 0.026562 0.017188
0 0.288281 0.308594 0.020313 0.014063
0 0.143750 0.406250 0.028125 0.012500
0 0.150000 0.450781 0.028125 0.010937
0 0.159375 0.460156 0.021875 0.010937
0 0.143750 0.396875 0.025000 0.009375
0 0.301563 0.374219 0.028125 0.020313
0 0.295312 0.385156 0.028125 0.020313
0 0.290625 0.395313 0.021875 0.015625
0 0.261719 0.423438 0.023438 0.015625
0 0.260937 0.434375 0.021875 0.012500
0 0.240625 0.446094 0.021875 0.014063
0 0.238281 0.456250 0.026562 0.018750
0 0.632031 0.386719 0.023438 0.017188
0 0.589063 0.424219 0.021875 0.017188
0 0.556250 0.447656 0.021875 0.014063
0 0.683594 0.382031 0.023438 0.023438
0 0.710938 0.396875 0.021875 0.015625
0 0.796094 0.491406 0.020313 0.017188
0 0.806250 0.496875 0.021875 0.021875
0 0.817187 0.507031 0.021875 0.020313
0 0.880469 0.543750 0.017188 0.018750
0 0.596094 0.500781 0.020313 0.017188
0 0.668750 0.532031 0.025000 0.026562
0 0.732031 0.524219 0.017188 0.017188
0 0.740625 0.532813 0.018750 0.015625
0 0.759375 0.542188 0.018750 0.018750
0 0.771875 0.548438 0.018750 0.015625
0 0.792969 0.567187 0.017188 0.018750
0 0.826562 0.581250 0.021875 0.015625
