0 0.150000 0.393750 0.018750 0.021875
0 0.693750 0.006250 0.025000 0.009375
0 0.692969 0.021094 0.023438 0.007812
0 0.690625 0.037500 0.025000 0.009375
0 0.690625 0.046094 0.025000 0.010937
0 0.746875 0.009375 0.025000 0.009375
0 0.746094 0.018750 0.023438 0.009375
0 0.745313 0.037500 0.018750 0.009375
0 0.746094 0.050000 0.023438 0.009375
0 0.871875 0.510938 0.012500 0.025000
0 0.831250 0.589844 0.025000 0.023438
0 0.827344 0.626563 0.017188 0.021875
0 0.787500 0.621875 0.034375 0.018750
0 0.668750 0.850000 0.025000 0.015625
0 0.925000 0.871094 0.021875 0.017188
0 0.989844 0.885938 0.020313 0.012500
0 0.989844 0.900000 0.020313 0.012500
0 0.458594 0.886719 0.026562 0.014063
0 0.458594 0.918750 0.023438 0.009375
0 0.361719 0.905469 0.029687 0.010937
0 0.353125 0.925000 0.025000 0.009375
0 0.299219 0.946875 0.023438 0.012500
0 0.179688 0.950000 0.028125 0.012500
0 0.259375 0.880469 0.015625 0.020313
0 0.248438 0.698438 0.015625 0.018750
0 0.270313 0.700000 0.012500 0.018750
0 0.282813 0.703125 0.012500 0.021875
0 0.292187 0.701562 0.015625 0.025000
0 0.314063 0.703125 0.012500 0.018750
0 0.325000 0.704688 0.009375 0.018750
0 0.290625 0.756250 0.021875 0.012500
0 0.290625 0.765625 0.025000 0.009375
0 0.290625 0.783594 0.021875 0.010937
0 0.290625 0.799219 0.025000 0.010937
0 0.378125 0.782813 0.021875 0.009375
0 0.378125 0.800000 0.025000 0.009375
0 0.380469 0.828125 0.026562 0.012500
