0 0.927344 0.037500 0.020313 0.025000
0 0.514844 0.007812 0.014063 0.012500
0 0.451562 0.006250 0.012500 0.009375
0 0.463281 0.005469 0.010937 0.007812
0 0.475000 0.004687 0.012500 0.006250
0 0.421875 0.025000 0.015625 0.025000
0 0.435937 0.021094 0.012500 0.020313
0 0.450781 0.021094 0.014063 0.020313
0 0.475781 0.018750 0.014063 0.018750
0 0.489063 0.018750 0.015625 0.021875
0 0.539844 0.066406 0.014063 0.023438
0 0.517188 0.085938 0.012500 0.021875
0 0.502344 0.066406 0.010937 0.020313
0 0.491406 0.065625 0.010937 0.018750
0 0.474219 0.062500 0.017188 0.021875
0 0.476562 0.086719 0.015625 0.023438
0 0.440625 0.067187 0.015625 0.021875
0 0.425781 0.064062 0.014063 0.021875
0 0.427344 0.089063 0.017188 0.021875
0 0.453125 0.086719 0.015625 0.020313
0 0.441406 0.135156 0.014063 0.020313
0 0.426563 0.131250 0.015625 0.021875
0 0.430469 0.196094 0.020313 0.023438
0 0.444531 0.286719 0.020313 0.026562
0 0.287500 0.352344 0.015625 0.020313
0 0.275000 0.352344 0.015625 0.020313
0 0.258594 0.352344 0.014063 0.020313
0 0.275781 0.400000 0.017188 0.021875
0 0.262500 0.397656 0.012500 0.020313
0 0.252344 0.400000 0.014063 0.021875
0 0.239844 0.402344 0.010937 0.020313
0 0.225000 0.402344 0.012500 0.020313
0 0.211719 0.401562 0.010937 0.018750
0 0.200781 0.401562 0.010937 0.021875
0 0.189062 0.401562 0.012500 0.021875
0 0.175000 0.399219 0.012500 0.020313
0 0.162500 0.398438 0.012500 0.018750
0 0.175000 0.425000 0.015625 0.021875
0 0.210938 0.424219 0.015625 0.023438
0 0.225781 0.423438 0.017188 0.021875
0 0.378125 0.750781 0.015625 0.023438
0 0.353125 0.747656 0.015625 0.023438
0 0.128906 0.478125 0.020313 0.031250
0 0.100781 0.367969 0.026562 0.017188
0 0.102344 0.387500 0.029687 0.015625
0 0.099219 0.407813 0.035937 0.015625
0 0.102344 0.461719 0.029687 0.014063
0 0.056250 0.352344 0.028125 0.014063
0 0.040625 0.249219 0.025000 0.010937
0 0.035156 0.237500 0.026562 0.012500
0 0.032813 0.227344 0.025000 0.010937
0 0.033594 0.217969 0.023438 0.007812
0 0.032813 0.208594 0.025000 0.007812
0 0.032813 0.198437 0.021875 0.009375
0 0.033594 0.189844 0.023438 0.007812
0 0.034375 0.179688 0.021875 0.009375
0 0.034375 0.168750 0.021875 0.012500
