0 0.867188 0.065625 0.015625 0.025000
0 0.693750 0.018750 0.015625 0.025000
0 0.765625 0.065625 0.012500 0.021875
0 0.737500 0.065625 0.018750 0.025000
0 0.740625 0.089844 0.015625 0.020313
0 0.582812 0.152344 0.025000 0.023438
0 0.010156 0.118750 0.017188 0.028125
0 0.014063 0.565625 0.018750 0.028125
0 0.017969 0.621094 0.014063 0.023438
0 0.642188 0.455469 0.018750 0.023438
0 0.637500 0.503125 0.015625 0.028125
0 0.655469 0.505469 0.014063 0.023438
0 0.653125 0.528125 0.015625 0.021875
0 0.668750 0.527344 0.015625 0.023438
0 0.734375 0.574219 0.015625 0.023438
0 0.693750 0.574219 0.012500 0.023438
0 0.682813 0.574219 0.015625 0.023438
0 0.671875 0.575000 0.009375 0.018750
0 0.709375 0.590625 0.015625 0.021875
0 0.693750 0.593750 0.009375 0.018750
0 0.668750 0.592969 0.015625 0.017188
0 0.658594 0.596875 0.014063 0.025000
0 0.642969 0.593750 0.010937 0.021875
0 0.633594 0.606250 0.010937 0.021875
0 0.634375 0.648438 0.009375 0.021875
0 0.650000 0.649219 0.015625 0.023438
0 0.675000 0.651563 0.015625 0.025000
0 0.690625 0.646875 0.018750 0.025000
0 0.703125 0.646875 0.009375 0.021875
0 0.715625 0.646875 0.015625 0.025000
0 0.753125 0.646094 0.015625 0.023438
0 0.730469 0.668750 0.014063 0.025000
0 0.689844 0.668750 0.014063 0.018750
0 0.662500 0.668750 0.012500 0.021875
0 0.636719 0.668750 0.017188 0.021875
0 0.634375 0.715625 0.018750 0.021875
0 0.653125 0.717969 0.015625 0.020313
0 0.640625 0.784375 0.015625 0.018750
0 0.656250 0.875000 0.021875 0.025000
0 0.637500 0.932813 0.021875 0.012500
0 0.162500 0.606250 0.028125 0.009375
0 0.174219 0.475000 0.029687 0.009375
0 0.174219 0.487500 0.029687 0.009375
0 0.174219 0.499219 0.029687 0.010937
0 0.174219 0.537500 0.029687 0.012500
0 0.237500 0.526563 0.025000 0.012500
0 0.178125 0.631250 0.028125 0.009375
0 0.174219 0.642969 0.026562 0.007812
0 0.171875 0.652344 0.025000 0.007812
0 0.175000 0.662500 0.021875 0.006250
0 0.177344 0.671875 0.026562 0.009375
0 0.179688 0.681250 0.025000 0.009375
0 0.178125 0.692969 0.025000 0.007812
0 0.177344 0.702344 0.026562 0.010937
0 0.177344 0.711719 0.026562 0.010937
0 0.177344 0.720313 0.029687 0.009375
0 0.177344 0.734375 0.032813 0.009375
0 0.177344 0.743750 0.032813 0.009375
0 0.180469 0.781250 0.026562 0.012500
0 0.174219 0.790625 0.029687 0.009375
0 0.176563 0.800000 0.025000 0.009375
0 0.179688 0.812500 0.031250 0.009375
0 0.180469 0.823438 0.032813 0.009375
0 0.248438 0.843750 0.031250 0.009375
0 0.236719 0.668750 0.023438 0.009375
0 0.236719 0.680469 0.023438 0.007812
0 0.236719 0.689844 0.026562 0.007812
0 0.237500 0.698438 0.025000 0.009375
0 0.237500 0.709375 0.031250 0.009375
0 0.239844 0.721875 0.026562 0.009375
0 0.240625 0.752344 0.028125 0.010937
0 0.239063 0.759375 0.028125 0.009375
0 0.239063 0.771094 0.031250 0.007812
0 0.240625 0.781250 0.025000 0.009375
0 0.237500 0.792969 0.028125 0.007812
0 0.242969 0.803125 0.023438 0.009375
0 0.237500 0.809375 0.025000 0.009375
0 0.240625 0.821875 0.031250 0.006250
0 0.246875 0.831250 0.031250 0.009375
0 0.781250 0.864844 0.018750 0.020313
0 0.261719 0.943750 0.032813 0.015625
0 0.309375 0.959375 0.025000 0.015625
0 0.312500 0.980469 0.028125 0.014063
0 0.305469 0.996875 0.032813 0.006250
0 0.371875 0.992188 0.009375 0.015625
0 0.384375 0.992188 0.015625 0.015625
0 0.400000 0.990625 0.018750 0.018750
0 0.414844 0.990625 0.014063 0.018750
0 0.425000 0.990625 0.009375 0.018750
0 0.439844 0.992188 0.014063 0.015625
0 0.453125 0.992969 0.015625 0.014063
0 0.467969 0.992188 0.010937 0.015625
0 0.480469 0.990625 0.014063 0.015625
