0 0.610938 0.006250 0.021875 0.009375
0 0.617188 0.043750 0.021875 0.009375
0 0.665625 0.028125 0.025000 0.009375
0 0.474219 0.006250 0.023438 0.009375
0 0.534375 0.005469 0.025000 0.007812
0 0.534375 0.017188 0.025000 0.009375
0 0.534375 0.025000 0.028125 0.009375
0 0.537500 0.040625 0.025000 0.006250
0 0.540625 0.050000 0.034375 0.009375
0 0.515625 0.090625 0.009375 0.015625
0 0.470313 0.036719 0.021875 0.007812
0 0.468750 0.052344 0.025000 0.007812
0 0.465625 0.068750 0.021875 0.009375
0 0.377344 0.034375 0.014063 0.021875
0 0.374219 0.062500 0.017188 0.021875
0 0.374219 0.085938 0.014063 0.018750
0 0.374219 0.105469 0.017188 0.020313
0 0.068750 0.085938 0.021875 0.015625
0 0.078125 0.134375 0.021875 0.012500
0 0.086719 0.146875 0.026562 0.009375
0 0.129688 0.146875 0.018750 0.021875
0 0.159375 0.145313 0.015625 0.018750
0 0.165625 0.171875 0.021875 0.009375
0 0.143750 0.187500 0.025000 0.009375
0 0.325000 0.162500 0.025000 0.012500
0 0.724219 0.121875 0.023438 0.015625
0 0.381250 0.217188 0.015625 0.018750
0 0.396094 0.215625 0.014063 0.018750
0 0.381250 0.237500 0.018750 0.018750
0 0.380469 0.256250 0.010937 0.015625
0 0.381250 0.309375 0.009375 0.021875
0 0.303125 0.237500 0.018750 0.021875
0 0.296875 0.246875 0.015625 0.018750
0 0.289844 0.256250 0.017188 0.018750
0 0.276562 0.284375 0.015625 0.015625
0 0.264844 0.309375 0.023438 0.009375
0 0.028125 0.359375 0.021875 0.043750
0 0.009375 0.353125 0.015625 0.050000
0 0.930469 0.492969 0.020313 0.010937
0 0.896875 0.537500 0.015625 0.021875
0 0.850000 0.518750 0.009375 0.018750
0 0.424219 0.539844 0.014063 0.017188
0 0.800000 0.431250 0.012500 0.015625
0 0.782813 0.436719 0.012500 0.017188
0 0.759375 0.440625 0.012500 0.015625
0 0.740625 0.443750 0.009375 0.015625
0 0.708594 0.443750 0.014063 0.018750
0 0.687500 0.446875 0.015625 0.015625
0 0.718750 0.483594 0.012500 0.014063
0 0.731250 0.480469 0.012500 0.014063
0 0.753125 0.478125 0.012500 0.015625
0 0.765625 0.478125 0.009375 0.015625
0 0.786719 0.474219 0.014063 0.017188
0 0.707812 0.878125 0.021875 0.021875
0 0.834375 0.946094 0.021875 0.017188
0 0.112500 0.096875 0.021875 0.021875
0 0.111719 0.860938 0.017188 0.018750
0 0.078125 0.898438 0.012500 0.021875
0 0.062500 0.898438 0.012500 0.018750
0 0.040625 0.893750 0.015625 0.018750
0 0.509375 0.268750 0.012500 0.018750
0 0.559375 0.262500 0.012500 0.018750
0 0.571875 0.262500 0.015625 0.021875
0 0.854688 0.196094 0.028125 0.010937
0 0.781250 0.168750 0.025000 0.015625
0 0.934375 0.083594 0.028125 0.014063
