0 0.038462 0.179087 0.048077 0.016827
0 0.037260 0.209135 0.040865 0.019231
0 0.675481 0.146635 0.038462 0.019231
0 0.663462 0.177885 0.038462 0.019231
0 0.631010 0.147837 0.040865 0.016827
0 0.628606 0.162260 0.045673 0.016827
0 0.621394 0.177885 0.040865 0.014423
0 0.615385 0.192308 0.043269 0.014423
0 0.616587 0.206731 0.036058 0.014423
0 0.854567 0.305288 0.045673 0.024038
0 0.799279 0.349760 0.045673 0.021635
0 0.616587 0.222356 0.040865 0.016827
0 0.989183 0.209135 0.021635 0.033654
0 0.037260 0.162260 0.045673 0.016827
0 0.042067 0.149038 0.040865 0.014423
0 0.534856 0.209135 0.045673 0.019231
0 0.534856 0.225962 0.045673 0.014423
0 0.525240 0.247596 0.050481 0.019231
0 0.010817 0.135817 0.016827 0.016827
0 0.010817 0.161058 0.016827 0.014423
0 0.009615 0.179087 0.014423 0.016827
0 0.010817 0.223558 0.016827 0.019231
0 0.990385 0.170673 0.019231 0.033654
0 0.993990 0.097356 0.012019 0.031250
0 0.990385 0.134615 0.019231 0.028846
