0 0.021094 0.587500 0.026562 0.028125
0 0.671094 0.037500 0.020313 0.015625
0 0.729688 0.074219 0.025000 0.017188
0 0.821875 0.155469 0.021875 0.017188
0 0.792969 0.171094 0.020313 0.017188
0 0.825781 0.221875 0.020313 0.015625
0 0.827344 0.205469 0.017188 0.020313
0 0.865625 0.210938 0.015625 0.025000
0 0.942187 0.263281 0.018750 0.020313
0 0.974219 0.337500 0.023438 0.021875
0 0.690625 0.195312 0.028125 0.025000
0 0.475000 0.399219 0.018750 0.014063
0 0.499219 0.414844 0.020313 0.017188
0 0.617188 0.517969 0.021875 0.020313
0 0.566406 0.563281 0.020313 0.020313
0 0.578125 0.572656 0.021875 0.020313
