0 0.137500 0.096094 0.025000 0.014063
0 0.184375 0.096094 0.028125 0.017188
0 0.699219 0.636719 0.023438 0.023438
0 0.596875 0.634375 0.015625 0.018750
0 0.596875 0.651563 0.015625 0.012500
0 0.471875 0.584375 0.028125 0.015625
0 0.475000 0.596875 0.025000 0.009375
0 0.479687 0.704688 0.021875 0.021875
0 0.525000 0.949219 0.015625 0.020313
0 0.521875 0.980469 0.012500 0.023438
0 0.534375 0.981250 0.012500 0.025000
0 0.028125 0.679688 0.012500 0.028125
0 0.027344 0.345313 0.020313 0.012500
0 0.025000 0.353125 0.028125 0.009375
0 0.025000 0.364063 0.025000 0.009375
0 0.028125 0.371875 0.025000 0.009375
0 0.028125 0.400000 0.025000 0.015625
0 0.028125 0.409375 0.025000 0.009375
0 0.027344 0.415625 0.026562 0.012500
0 0.025000 0.427344 0.028125 0.014063
0 0.024219 0.439063 0.026562 0.018750
0 0.029687 0.465625 0.021875 0.012500
0 0.028125 0.475000 0.021875 0.012500
0 0.618750 0.633594 0.012500 0.017188
0 0.566406 0.600000 0.014063 0.021875
