0 0.088942 0.953125 0.024038 0.036058
0 0.109375 0.937500 0.021635 0.038462
0 0.169471 0.942308 0.016827 0.038462
0 0.290865 0.955529 0.019231 0.036058
0 0.206731 0.826923 0.024038 0.033654
0 0.239183 0.826923 0.016827 0.028846
0 0.262019 0.830529 0.019231 0.031250
0 0.403846 0.662260 0.043269 0.021635
0 0.402644 0.602163 0.040865 0.016827
0 0.408654 0.618990 0.038462 0.016827
0 0.407452 0.582933 0.036058 0.021635
0 0.407452 0.539663 0.045673 0.016827
0 0.423077 0.394231 0.043269 0.019231
0 0.176683 0.342548 0.021635 0.036058
0 0.044471 0.334135 0.021635 0.033654
0 0.242788 0.240385 0.014423 0.028846
0 0.259615 0.241587 0.019231 0.031250
0 0.224760 0.241587 0.021635 0.031250
0 0.204327 0.242788 0.024038 0.033654
0 0.313702 0.245192 0.026442 0.038462
0 0.981971 0.700721 0.021635 0.031250
0 0.413462 0.520433 0.038462 0.016827
