0 0.221094 0.307812 0.026562 0.009375
0 0.231250 0.318750 0.025000 0.012500
0 0.246875 0.337500 0.025000 0.009375
0 0.246875 0.349219 0.025000 0.010937
0 0.251563 0.364063 0.028125 0.012500
0 0.264844 0.380469 0.023438 0.010937
0 0.270313 0.387500 0.025000 0.012500
0 0.273438 0.398438 0.021875 0.009375
0 0.298438 0.390625 0.021875 0.012500
0 0.308594 0.403125 0.023438 0.012500
0 0.321875 0.424219 0.025000 0.014063
0 0.280469 0.409375 0.023438 0.015625
0 0.286719 0.421875 0.029687 0.009375
0 0.292969 0.431250 0.029687 0.012500
0 0.187500 0.440625 0.025000 0.015625
0 0.210938 0.453125 0.031250 0.018750
0 0.212500 0.502344 0.021875 0.014063
0 0.218750 0.517969 0.025000 0.014063
0 0.178125 0.506250 0.018750 0.018750
0 0.246875 0.578125 0.025000 0.015625
0 0.321094 0.478125 0.035937 0.018750
0 0.325000 0.492969 0.025000 0.010937
0 0.328125 0.503125 0.025000 0.009375
0 0.337500 0.511719 0.025000 0.010937
0 0.337500 0.525000 0.028125 0.012500
0 0.346094 0.532813 0.029687 0.012500
0 0.553125 0.830469 0.025000 0.010937
0 0.562500 0.839844 0.025000 0.007812
0 0.567187 0.850000 0.025000 0.012500
0 0.518750 0.867188 0.028125 0.025000
