0 0.757812 0.089063 0.009375 0.018750
0 0.777344 0.129688 0.014063 0.021875
0 0.789062 0.131250 0.009375 0.015625
0 0.650781 0.234375 0.010937 0.015625
0 0.617188 0.228906 0.012500 0.017188
0 0.575000 0.225781 0.009375 0.017188
0 0.563281 0.225781 0.010937 0.017188
0 0.528906 0.225000 0.014063 0.018750
0 0.516406 0.224219 0.010937 0.017188
0 0.487500 0.222656 0.015625 0.017188
0 0.464844 0.220312 0.010937 0.018750
0 0.453906 0.221094 0.014063 0.017188
0 0.250781 0.008594 0.017188 0.014063
0 0.310937 0.091406 0.028125 0.014063
0 0.311719 0.149219 0.023438 0.007812
0 0.310937 0.158594 0.021875 0.007812
0 0.313281 0.165625 0.023438 0.009375
0 0.302344 0.201563 0.020313 0.012500
0 0.300781 0.212500 0.014063 0.018750
0 0.287500 0.214062 0.009375 0.018750
0 0.258594 0.214844 0.017188 0.017188
0 0.238281 0.212500 0.010937 0.015625
0 0.228125 0.213281 0.009375 0.017188
0 0.228906 0.253906 0.010937 0.017188
0 0.246875 0.251563 0.012500 0.015625
0 0.278125 0.252344 0.012500 0.020313
0 0.296875 0.251563 0.015625 0.018750
0 0.360938 0.139844 0.021875 0.010937
0 0.361719 0.147656 0.020313 0.007812
0 0.360938 0.157031 0.025000 0.010937
0 0.362500 0.167187 0.018750 0.006250
0 0.361719 0.175781 0.020313 0.007812
0 0.323437 0.322656 0.021875 0.010937
0 0.451562 0.259375 0.012500 0.018750
0 0.485156 0.260937 0.017188 0.021875
0 0.526563 0.263281 0.012500 0.020313
0 0.563281 0.263281 0.014063 0.014063
0 0.592187 0.264844 0.012500 0.017188
0 0.604688 0.265625 0.012500 0.021875
0 0.596875 0.373437 0.012500 0.018750
0 0.575781 0.371094 0.010937 0.017188
0 0.564063 0.367969 0.012500 0.020313
0 0.538281 0.369531 0.014063 0.014063
0 0.522656 0.368750 0.017188 0.021875
0 0.491406 0.367969 0.014063 0.026562
0 0.454688 0.365625 0.015625 0.015625
0 0.442188 0.364063 0.012500 0.015625
0 0.422656 0.362500 0.014063 0.021875
0 0.319531 0.284375 0.020313 0.006250
0 0.317969 0.293750 0.020313 0.009375
0 0.321875 0.374219 0.025000 0.007812
0 0.324219 0.405469 0.020313 0.007812
0 0.322656 0.422656 0.017188 0.010937
0 0.271875 0.463281 0.009375 0.017188
0 0.260937 0.461719 0.009375 0.017188
0 0.246875 0.464062 0.012500 0.015625
0 0.237500 0.464062 0.012500 0.018750
0 0.535937 0.410938 0.015625 0.021875
0 0.500781 0.408594 0.010937 0.020313
0 0.511719 0.409375 0.017188 0.015625
0 0.427344 0.568750 0.020313 0.009375
0 0.427344 0.578906 0.023438 0.007812
0 0.426563 0.586719 0.025000 0.007812
0 0.425000 0.595313 0.021875 0.006250
0 0.422656 0.601562 0.020313 0.006250
0 0.419531 0.608594 0.010937 0.004687
