0 0.966346 0.558894 0.043269 0.016827
0 0.329327 0.281250 0.019231 0.024038
0 0.290865 0.283654 0.019231 0.028846
0 0.270433 0.283654 0.021635 0.033654
0 0.241587 0.286058 0.016827 0.028846
0 0.198317 0.270433 0.045673 0.016827
0 0.155048 0.209135 0.026442 0.019231
0 0.153846 0.187500 0.028846 0.019231
0 0.329327 0.181490 0.019231 0.026442
0 0.311298 0.181490 0.016827 0.026442
0 0.290865 0.180288 0.019231 0.028846
0 0.256010 0.180288 0.021635 0.028846
0 0.256010 0.206731 0.021635 0.024038
0 0.219952 0.210337 0.016827 0.026442
0 0.152644 0.122596 0.031250 0.019231
0 0.153846 0.144231 0.028846 0.019231
