0 0.321875 0.539062 0.018750 0.028125
0 0.223438 0.604688 0.031250 0.015625
0 0.799219 0.829688 0.020313 0.021875
0 0.822656 0.828125 0.020313 0.025000
0 0.831250 0.875781 0.018750 0.023438
0 0.966406 0.784375 0.023438 0.012500
0 0.814063 0.050781 0.031250 0.017188
0 0.857031 0.120313 0.017188 0.021875
0 0.866406 0.129688 0.017188 0.018750
0 0.794531 0.559375 0.023438 0.031250
0 0.844531 0.539062 0.035937 0.025000
0 0.869531 0.532031 0.026562 0.017188
0 0.891406 0.521875 0.023438 0.015625
0 0.898438 0.510156 0.028125 0.017188
0 0.917188 0.494531 0.028125 0.014063
0 0.920312 0.483594 0.025000 0.010937
0 0.927344 0.474219 0.026562 0.010937
0 0.929688 0.463281 0.028125 0.014063
0 0.930469 0.450781 0.029687 0.010937
0 0.931250 0.441406 0.028125 0.014063
0 0.928125 0.430469 0.028125 0.014063
0 0.927344 0.416406 0.023438 0.014063
0 0.917969 0.410938 0.010937 0.015625
0 0.907813 0.398438 0.015625 0.018750
0 0.896875 0.394531 0.012500 0.023438
0 0.883594 0.389062 0.014063 0.021875
0 0.866406 0.383594 0.010937 0.020313
0 0.851562 0.380469 0.012500 0.020313
0 0.836719 0.385156 0.014063 0.023438
0 0.826562 0.385156 0.015625 0.023438
0 0.810937 0.385156 0.018750 0.023438
0 0.793750 0.387500 0.015625 0.018750
0 0.781250 0.392969 0.018750 0.020313
0 0.711719 0.442188 0.029687 0.012500
0 0.704688 0.453906 0.031250 0.010937
0 0.693750 0.475000 0.028125 0.012500
0 0.687500 0.486719 0.031250 0.010937
0 0.688281 0.496875 0.023438 0.009375
0 0.688281 0.509375 0.023438 0.009375
0 0.762500 0.478125 0.031250 0.018750
0 0.769531 0.458594 0.023438 0.026562
0 0.781250 0.450781 0.015625 0.020313
0 0.793750 0.446094 0.015625 0.020313
0 0.806250 0.441406 0.012500 0.020313
0 0.817969 0.439063 0.014063 0.021875
0 0.831250 0.437500 0.012500 0.021875
0 0.845313 0.434375 0.012500 0.025000
0 0.857812 0.468750 0.025000 0.015625
0 0.882031 0.478906 0.020313 0.020313
0 0.853125 0.475781 0.021875 0.017188
0 0.847656 0.484375 0.020313 0.021875
0 0.834375 0.491406 0.018750 0.023438
0 0.822656 0.499219 0.017188 0.023438
0 0.810937 0.503906 0.015625 0.020313
0 0.800000 0.507031 0.012500 0.023438
0 0.785156 0.506250 0.014063 0.021875
