0 0.230469 0.177344 0.026562 0.014063
0 0.236719 0.142969 0.017188 0.010937
0 0.567187 0.160156 0.028125 0.014063
0 0.766406 0.189062 0.026562 0.012500
0 0.731250 0.203906 0.031250 0.010937
0 0.639844 0.210938 0.026562 0.012500
0 0.869531 0.225000 0.026562 0.012500
0 0.454688 0.225781 0.012500 0.020313
0 0.470313 0.225781 0.012500 0.020313
0 0.482812 0.227344 0.012500 0.020313
0 0.496094 0.229687 0.014063 0.021875
0 0.678906 0.242188 0.020313 0.025000
0 0.795312 0.249219 0.018750 0.026562
0 0.820312 0.245312 0.015625 0.025000
0 0.471875 0.303125 0.018750 0.018750
0 0.500000 0.305469 0.018750 0.017188
0 0.232031 0.319531 0.032813 0.014063
0 0.173437 0.276562 0.015625 0.028125
0 0.171094 0.357812 0.017188 0.025000
0 0.704688 0.306250 0.018750 0.021875
0 0.715625 0.315625 0.018750 0.018750
0 0.735156 0.318750 0.020313 0.021875
0 0.764844 0.317188 0.020313 0.021875
0 0.780469 0.319531 0.020313 0.023438
0 0.807813 0.305469 0.018750 0.023438
0 0.824219 0.303125 0.017188 0.025000
0 0.864844 0.307031 0.017188 0.023438
0 0.883594 0.305469 0.020313 0.020313
0 0.911719 0.312500 0.020313 0.021875
0 0.882031 0.323437 0.017188 0.021875
0 0.850000 0.366406 0.025000 0.017188
0 0.832812 0.364063 0.021875 0.015625
0 0.760938 0.362500 0.021875 0.021875
0 0.746875 0.362500 0.021875 0.025000
0 0.728906 0.362500 0.017188 0.018750
0 0.685156 0.357812 0.017188 0.018750
0 0.659375 0.354687 0.018750 0.021875
0 0.645312 0.354687 0.018750 0.021875
0 0.566406 0.351562 0.023438 0.021875
0 0.534375 0.346094 0.025000 0.023438
0 0.507031 0.346094 0.020313 0.020313
0 0.448437 0.342969 0.018750 0.020313
0 0.432031 0.342969 0.017188 0.020313
0 0.255469 0.856250 0.026562 0.012500
0 0.278906 0.871094 0.032813 0.010937
0 0.709375 0.809375 0.034375 0.012500
0 0.704688 0.818750 0.028125 0.009375
0 0.704688 0.829688 0.028125 0.009375
0 0.703906 0.838281 0.029687 0.007812
0 0.704688 0.855469 0.034375 0.010937
0 0.764062 0.804688 0.028125 0.012500
0 0.790625 0.806250 0.025000 0.015625
0 0.850781 0.808594 0.026562 0.010937
0 0.847656 0.817187 0.032813 0.012500
0 0.843750 0.844531 0.028125 0.010937
0 0.763281 0.829688 0.026562 0.012500
0 0.760938 0.840625 0.028125 0.009375
0 0.785937 0.842969 0.025000 0.010937
0 0.760938 0.851562 0.028125 0.009375
0 0.607031 0.877344 0.029687 0.010937
0 0.770312 0.887500 0.037500 0.012500
0 0.731250 0.952344 0.034375 0.010937
0 0.729688 0.962500 0.028125 0.009375
0 0.731250 0.979688 0.025000 0.009375
0 0.728125 0.988281 0.025000 0.007812
0 0.725781 0.996094 0.029687 0.007812
0 0.812500 0.968750 0.028125 0.012500
0 0.790625 0.981250 0.021875 0.009375
0 0.810937 0.994531 0.028125 0.010937
0 0.868750 0.955469 0.031250 0.010937
0 0.870313 0.972656 0.028125 0.010937
