0 0.286719 0.654687 0.054688 0.043750
0 0.313281 0.625781 0.054688 0.048438
0 0.660156 0.275781 0.023438 0.020313
0 0.667969 0.267188 0.020313 0.018750
0 0.676562 0.260937 0.025000 0.021875
0 0.689063 0.254688 0.028125 0.021875
0 0.705469 0.239844 0.023438 0.023438
0 0.708594 0.300781 0.020313 0.014063
0 0.749219 0.272656 0.029687 0.026562
0 0.728125 0.314063 0.031250 0.018750
0 0.742969 0.307031 0.023438 0.023438
0 0.750781 0.300781 0.023438 0.020313
0 0.757812 0.294531 0.025000 0.020313
0 0.879687 0.321875 0.028125 0.021875
0 0.912500 0.279687 0.025000 0.025000
0 0.928906 0.292969 0.026562 0.023438
0 0.939063 0.302344 0.021875 0.023438
0 0.964844 0.319531 0.026562 0.023438
0 0.977344 0.325000 0.020313 0.021875
0 0.994531 0.346875 0.010937 0.025000
0 0.876563 0.242188 0.021875 0.018750
0 0.785937 0.169531 0.021875 0.017188
0 0.798438 0.164062 0.025000 0.018750
0 0.807813 0.157031 0.028125 0.020313
0 0.816406 0.148438 0.026562 0.018750
0 0.825781 0.140625 0.023438 0.018750
0 0.835938 0.135156 0.025000 0.020313
0 0.843750 0.126562 0.028125 0.021875
0 0.853125 0.121094 0.028125 0.023438
0 0.862500 0.114062 0.025000 0.021875
0 0.871875 0.106250 0.025000 0.025000
0 0.880469 0.100781 0.029687 0.023438
0 0.890625 0.092969 0.025000 0.023438
0 0.898438 0.086719 0.025000 0.023438
0 0.907813 0.078906 0.025000 0.026562
0 0.914062 0.071875 0.025000 0.021875
0 0.925000 0.066406 0.028125 0.023438
0 0.932813 0.057031 0.021875 0.020313
0 0.942969 0.050781 0.026562 0.020313
0 0.952344 0.042969 0.026562 0.026562
0 0.961719 0.037500 0.029687 0.021875
0 0.970313 0.030469 0.028125 0.023438
0 0.980469 0.022656 0.026562 0.023438
0 0.987500 0.017969 0.021875 0.020313
0 0.957031 0.067969 0.026562 0.020313
0 0.837500 0.207031 0.025000 0.020313
0 0.848437 0.200000 0.021875 0.021875
0 0.858594 0.192969 0.026562 0.020313
0 0.865625 0.185938 0.025000 0.021875
0 0.872656 0.178125 0.026562 0.018750
0 0.879687 0.168750 0.021875 0.021875
0 0.891406 0.164844 0.029687 0.020313
0 0.900000 0.157812 0.025000 0.021875
0 0.908594 0.150781 0.023438 0.020313
0 0.918750 0.144531 0.025000 0.017188
0 0.927344 0.136719 0.026562 0.026562
0 0.938281 0.130469 0.026562 0.023438
0 0.946094 0.123438 0.023438 0.018750
0 0.955469 0.117188 0.026562 0.025000
0 0.965625 0.109375 0.028125 0.021875
0 0.971875 0.100000 0.025000 0.018750
0 0.978906 0.092188 0.023438 0.021875
0 0.988281 0.085156 0.023438 0.020313
0 0.993750 0.075781 0.012500 0.014063
0 0.854688 0.222656 0.018750 0.020313
0 0.866406 0.216406 0.023438 0.020313
0 0.877344 0.207031 0.023438 0.020313
0 0.886719 0.202344 0.023438 0.020313
0 0.896094 0.195312 0.023438 0.021875
0 0.904687 0.187500 0.028125 0.021875
0 0.914844 0.178906 0.026562 0.020313
0 0.920312 0.171094 0.028125 0.023438
0 0.930469 0.165625 0.020313 0.018750
0 0.938281 0.155469 0.020313 0.020313
0 0.951562 0.153906 0.025000 0.023438
0 0.958594 0.145313 0.014063 0.018750
0 0.967187 0.138281 0.021875 0.014063
0 0.975781 0.131250 0.023438 0.018750
0 0.983594 0.122656 0.023438 0.023438
0 0.991406 0.115625 0.017188 0.018750
