0 0.156250 0.581250 0.018750 0.021875
0 0.107813 0.599219 0.015625 0.017188
0 0.068750 0.611719 0.015625 0.017188
0 0.053125 0.615625 0.015625 0.018750
0 0.039844 0.636719 0.017188 0.020313
0 0.011719 0.643750 0.017188 0.018750
0 0.092969 0.665625 0.026562 0.012500
0 0.189844 0.626563 0.020313 0.025000
0 0.852344 0.490625 0.020313 0.012500
0 0.909375 0.593750 0.021875 0.009375
0 0.979688 0.589063 0.025000 0.015625
0 0.782813 0.780469 0.018750 0.014063
0 0.800000 0.815625 0.021875 0.015625
0 0.818750 0.853125 0.025000 0.015625
0 0.840625 0.890625 0.021875 0.012500
0 0.855469 0.918750 0.023438 0.015625
0 0.903125 0.828125 0.021875 0.015625
0 0.918750 0.856250 0.025000 0.012500
0 0.931250 0.885938 0.025000 0.012500
0 0.948438 0.915625 0.021875 0.009375
0 0.975000 0.824219 0.028125 0.017188
0 0.993750 0.860938 0.009375 0.009375
0 0.247656 0.597656 0.020313 0.017188
