0 0.343750 0.337500 0.015625 0.021875
0 0.368750 0.340625 0.015625 0.018750
0 0.149219 0.100000 0.017188 0.021875
0 0.190625 0.055469 0.015625 0.020313
0 0.125000 0.090625 0.025000 0.009375
0 0.121875 0.042969 0.028125 0.014063
0 0.127344 0.024219 0.023438 0.007812
0 0.125000 0.006250 0.025000 0.009375
0 0.221875 0.054688 0.018750 0.021875
0 0.234375 0.055469 0.012500 0.020313
0 0.176563 0.034375 0.012500 0.015625
0 0.187500 0.034375 0.012500 0.018750
0 0.201563 0.034375 0.012500 0.015625
0 0.212500 0.034375 0.009375 0.018750
0 0.223438 0.034375 0.015625 0.015625
0 0.233594 0.036719 0.010937 0.017188
0 0.246875 0.037500 0.015625 0.018750
0 0.256250 0.036719 0.015625 0.017188
0 0.267969 0.036719 0.010937 0.020313
0 0.281250 0.036719 0.015625 0.020313
