0 0.024038 0.054087 0.019231 0.026442
0 0.186298 0.058894 0.021635 0.021635
0 0.206731 0.060096 0.019231 0.024038
0 0.264423 0.064904 0.019231 0.028846
0 0.280048 0.064904 0.012019 0.028846
0 0.295673 0.067308 0.019231 0.024038
0 0.311298 0.067308 0.012019 0.024038
0 0.328125 0.067308 0.021635 0.028846
0 0.475962 0.037260 0.038462 0.016827
0 0.474760 0.022837 0.040865 0.012019
0 0.725962 0.403846 0.052885 0.024038
0 0.925481 0.399038 0.033654 0.019231
0 0.959135 0.405048 0.038462 0.021635
0 0.873798 0.429087 0.026442 0.016827
0 0.908654 0.433894 0.033654 0.016827
0 0.953125 0.444712 0.031250 0.019231
0 0.841346 0.463942 0.038462 0.014423
0 0.837740 0.477163 0.036058 0.012019
0 0.834135 0.495192 0.033654 0.014423
0 0.826923 0.561298 0.038462 0.012019
0 0.818510 0.574519 0.036058 0.014423
0 0.792067 0.677885 0.031250 0.019231
0 0.852163 0.834135 0.036058 0.014423
0 0.849760 0.848558 0.040865 0.014423
0 0.847356 0.862981 0.036058 0.014423
0 0.837740 0.920673 0.036058 0.019231
0 0.769231 0.457933 0.024038 0.021635
0 0.758413 0.480769 0.021635 0.024038
0 0.742788 0.532452 0.024038 0.021635
0 0.734375 0.558894 0.021635 0.021635
0 0.703125 0.677885 0.021635 0.024038
0 0.694712 0.706731 0.024038 0.024038
0 0.687500 0.736779 0.024038 0.026442
0 0.680288 0.769231 0.024038 0.024038
0 0.664663 0.824519 0.026442 0.024038
0 0.652644 0.891827 0.021635 0.028846
0 0.647837 0.951923 0.021635 0.024038
0 0.647837 0.975962 0.021635 0.024038
0 0.436298 0.698317 0.040865 0.016827
0 0.435096 0.733173 0.038462 0.019231
0 0.352163 0.810096 0.036058 0.009615
0 0.352163 0.822115 0.036058 0.014423
0 0.287260 0.673077 0.021635 0.024038
0 0.310096 0.677885 0.024038 0.024038
0 0.370192 0.699519 0.033654 0.014423
0 0.362981 0.682692 0.033654 0.014423
0 0.365385 0.670673 0.038462 0.009615
0 0.368990 0.645433 0.036058 0.016827
0 0.338942 0.608173 0.019231 0.024038
0 0.313702 0.594952 0.021635 0.016827
0 0.306490 0.608173 0.026442 0.019231
0 0.272837 0.606971 0.026442 0.021635
0 0.254808 0.632212 0.024038 0.019231
0 0.164663 0.632212 0.026442 0.019231
0 0.185096 0.611779 0.024038 0.016827
0 0.194712 0.599760 0.024038 0.016827
0 0.216346 0.585337 0.024038 0.021635
0 0.243990 0.551683 0.036058 0.016827
0 0.256010 0.536058 0.026442 0.024038
0 0.263221 0.522837 0.021635 0.016827
0 0.271635 0.515625 0.024038 0.021635
0 0.282452 0.506010 0.021635 0.021635
0 0.294471 0.495192 0.021635 0.019231
0 0.302885 0.486779 0.024038 0.016827
0 0.318510 0.509615 0.026442 0.028846
0 0.439904 0.564904 0.019231 0.028846
0 0.420673 0.557692 0.019231 0.028846
0 0.401442 0.552885 0.019231 0.024038
0 0.338942 0.546875 0.019231 0.031250
0 0.358173 0.548077 0.019231 0.028846
0 0.373798 0.548077 0.012019 0.028846
0 0.385817 0.554087 0.016827 0.026442
0 0.414663 0.941106 0.026442 0.012019
