0 0.562500 0.046875 0.034375 0.021875
0 0.440625 0.065625 0.025000 0.015625
0 0.446875 0.346875 0.034375 0.021875
0 0.599219 0.452344 0.035937 0.020313
0 0.964844 0.918750 0.032813 0.018750
0 0.989844 0.933594 0.020313 0.020313
0 0.958594 0.989844 0.017188 0.020313
0 0.990625 0.989844 0.015625 0.020313
0 0.428125 0.309375 0.025000 0.018750
0 0.381250 0.259375 0.028125 0.018750
0 0.405469 0.265625 0.026562 0.021875
0 0.290625 0.262500 0.034375 0.018750
0 0.308594 0.300000 0.035937 0.025000
0 0.328125 0.339844 0.034375 0.017188
0 0.346094 0.374219 0.026562 0.014063
0 0.140625 0.201563 0.034375 0.018750
0 0.162500 0.246875 0.028125 0.021875
0 0.184375 0.292969 0.034375 0.017188
0 0.211719 0.340625 0.029687 0.015625
0 0.230469 0.378125 0.035937 0.021875
