0 0.054688 0.164062 0.028125 0.015625
0 0.053125 0.178906 0.031250 0.014063
0 0.542188 0.647656 0.025000 0.017188
0 0.544531 0.659375 0.026562 0.015625
0 0.542188 0.667969 0.025000 0.017188
0 0.544531 0.688281 0.026562 0.017188
0 0.545312 0.699219 0.018750 0.014063
0 0.587500 0.700781 0.015625 0.020313
0 0.612500 0.700000 0.015625 0.021875
0 0.611719 0.680469 0.020313 0.023438
0 0.634375 0.681250 0.015625 0.018750
0 0.647656 0.682813 0.010937 0.018750
0 0.658594 0.682813 0.014063 0.021875
0 0.659375 0.747656 0.015625 0.020313
0 0.635938 0.750000 0.015625 0.025000
0 0.621094 0.748437 0.014063 0.028125
0 0.600000 0.751563 0.015625 0.021875
0 0.575000 0.740625 0.034375 0.015625
