0 0.230469 0.004687 0.032813 0.006250
0 0.109375 0.021094 0.028125 0.014063
0 0.124219 0.032031 0.029687 0.014063
0 0.053906 0.216406 0.026562 0.017188
0 0.078906 0.259375 0.029687 0.018750
0 0.096094 0.298438 0.029687 0.015625
0 0.296094 0.354687 0.014063 0.025000
0 0.007031 0.292969 0.010937 0.014063
0 0.016406 0.330469 0.029687 0.017188
0 0.694531 0.777344 0.026562 0.014063
0 0.697656 0.789062 0.032813 0.012500
0 0.701562 0.801562 0.034375 0.012500
0 0.713281 0.820312 0.029687 0.012500
0 0.720313 0.829688 0.028125 0.009375
0 0.722656 0.842187 0.029687 0.009375
0 0.730469 0.851562 0.029687 0.015625
0 0.751563 0.832031 0.025000 0.014063
0 0.736719 0.864062 0.026562 0.015625
0 0.764844 0.855469 0.026562 0.014063
0 0.740625 0.875781 0.025000 0.010937
0 0.714844 0.882031 0.026562 0.023438
0 0.621875 0.874219 0.028125 0.014063
0 0.649219 0.885938 0.032813 0.015625
0 0.613281 0.942969 0.023438 0.017188
0 0.649219 0.941406 0.026562 0.014063
0 0.657813 0.953125 0.031250 0.015625
0 0.767969 0.914844 0.035937 0.014063
0 0.767969 0.927344 0.023438 0.010937
0 0.775781 0.939063 0.026562 0.015625
0 0.782031 0.950000 0.029687 0.015625
0 0.785156 0.957812 0.029687 0.012500
0 0.792969 0.971094 0.032813 0.020313
