0 0.314844 0.009375 0.029687 0.012500
0 0.294531 0.040625 0.032813 0.012500
0 0.221875 0.050781 0.031250 0.017188
0 0.170313 0.075000 0.040625 0.012500
0 0.556250 0.153125 0.018750 0.025000
0 0.521094 0.214062 0.017188 0.021875
0 0.502344 0.215625 0.017188 0.021875
0 0.500781 0.238281 0.020313 0.026562
0 0.482812 0.241406 0.015625 0.020313
0 0.465625 0.239844 0.021875 0.023438
0 0.739844 0.045312 0.020313 0.031250
0 0.756250 0.044531 0.018750 0.026562
0 0.769531 0.042188 0.014063 0.025000
0 0.782031 0.040625 0.014063 0.025000
0 0.804688 0.036719 0.015625 0.023438
0 0.817187 0.035156 0.015625 0.023438
0 0.831250 0.035156 0.012500 0.023438
0 0.843750 0.034375 0.012500 0.025000
0 0.857812 0.028125 0.015625 0.021875
0 0.871094 0.028906 0.014063 0.023438
0 0.883594 0.028906 0.014063 0.023438
0 0.913281 0.022656 0.014063 0.023438
0 0.965625 0.086719 0.015625 0.023438
0 0.948438 0.085156 0.015625 0.023438
0 0.937500 0.086719 0.015625 0.023438
0 0.923438 0.084375 0.015625 0.021875
0 0.903125 0.086719 0.015625 0.020313
0 0.890625 0.086719 0.015625 0.020313
0 0.877344 0.088281 0.014063 0.020313
0 0.864062 0.090625 0.012500 0.018750
0 0.853906 0.092188 0.014063 0.021875
0 0.839063 0.095312 0.015625 0.021875
0 0.823438 0.095312 0.015625 0.025000
0 0.905469 0.064844 0.010937 0.017188
0 0.918750 0.066406 0.012500 0.017188
0 0.932813 0.064062 0.012500 0.015625
