0 0.575781 0.045312 0.026562 0.021875
0 0.585156 0.035937 0.026562 0.015625
0 0.642969 0.114062 0.010937 0.021875
0 0.682813 0.122656 0.018750 0.020313
0 0.763281 0.045312 0.020313 0.015625
0 0.750781 0.278906 0.020313 0.023438
0 0.736719 0.296875 0.023438 0.021875
0 0.703125 0.320312 0.031250 0.018750
0 0.807813 0.276562 0.028125 0.025000
0 0.837500 0.291406 0.025000 0.017188
0 0.929688 0.392188 0.025000 0.021875
0 0.943750 0.402344 0.025000 0.023438
0 0.954688 0.411719 0.025000 0.020313
0 0.712500 0.407031 0.021875 0.020313
0 0.792188 0.436719 0.028125 0.026562
0 0.861719 0.432812 0.017188 0.018750
0 0.872656 0.439844 0.020313 0.017188
0 0.891406 0.450781 0.020313 0.020313
0 0.903906 0.457813 0.023438 0.021875
0 0.959375 0.493750 0.025000 0.018750
0 0.991406 0.817969 0.017188 0.020313
0 0.980469 0.825781 0.029687 0.020313
0 0.942187 0.990625 0.025000 0.018750
0 0.917188 0.964844 0.028125 0.020313
