0 0.659375 0.396094 0.018750 0.017188
0 0.963281 0.382031 0.017188 0.014063
0 0.954688 0.389844 0.015625 0.010937
0 0.950000 0.396875 0.018750 0.012500
0 0.939844 0.402344 0.023438 0.014063
0 0.929688 0.407813 0.018750 0.015625
0 0.921875 0.414844 0.021875 0.014063
0 0.916406 0.420312 0.020313 0.015625
0 0.905469 0.426563 0.020313 0.015625
0 0.898438 0.435937 0.018750 0.018750
0 0.891406 0.442969 0.020313 0.017188
0 0.882812 0.446875 0.018750 0.012500
0 0.875000 0.453125 0.021875 0.018750
0 0.863281 0.460156 0.020313 0.017188
0 0.856250 0.465625 0.018750 0.015625
0 0.846875 0.473438 0.021875 0.015625
0 0.840625 0.479687 0.018750 0.018750
0 0.831250 0.485156 0.021875 0.017188
0 0.824219 0.490625 0.020313 0.018750
0 0.814063 0.497656 0.018750 0.014063
0 0.807813 0.503125 0.025000 0.018750
0 0.791406 0.517969 0.017188 0.017188
0 0.760938 0.545312 0.025000 0.021875
0 0.824219 0.580469 0.014063 0.023438
0 0.834375 0.575000 0.018750 0.021875
0 0.837500 0.593750 0.015625 0.018750
0 0.923438 0.500781 0.012500 0.023438
0 0.934375 0.494531 0.012500 0.020313
0 0.951562 0.484375 0.009375 0.018750
0 0.957812 0.478906 0.015625 0.017188
0 0.966406 0.470313 0.014063 0.018750
0 0.975000 0.463281 0.012500 0.020313
0 0.981250 0.458594 0.012500 0.017188
0 0.991406 0.451562 0.014063 0.015625
0 0.996094 0.445312 0.007812 0.018750
0 0.929688 0.518750 0.012500 0.018750
0 0.940625 0.513281 0.012500 0.017188
0 0.949219 0.507812 0.014063 0.018750
0 0.981250 0.484375 0.012500 0.018750
0 0.987500 0.475781 0.015625 0.020313
0 0.482031 0.763281 0.020313 0.020313
0 0.481250 0.796094 0.021875 0.017188
0 0.471094 0.802344 0.020313 0.017188
0 0.491406 0.815625 0.020313 0.015625
0 0.479687 0.823438 0.015625 0.015625
0 0.465625 0.809375 0.018750 0.012500
0 0.450000 0.817969 0.018750 0.014063
0 0.465625 0.828906 0.018750 0.014063
0 0.442969 0.826562 0.020313 0.015625
0 0.456250 0.836719 0.015625 0.014063
0 0.433594 0.835938 0.017188 0.015625
0 0.451562 0.849219 0.018750 0.014063
0 0.422656 0.839063 0.017188 0.015625
0 0.437500 0.852344 0.018750 0.017188
0 0.407031 0.854688 0.023438 0.015625
0 0.422656 0.867188 0.017188 0.012500
0 0.394531 0.864062 0.023438 0.015625
0 0.412500 0.875000 0.018750 0.015625
0 0.386719 0.871094 0.017188 0.017188
0 0.402344 0.882812 0.017188 0.012500
0 0.395313 0.890625 0.018750 0.012500
0 0.382812 0.896875 0.025000 0.015625
0 0.321875 0.947656 0.021875 0.017188
0 0.286719 0.960156 0.020313 0.014063
0 0.278906 0.966406 0.017188 0.017188
0 0.266406 0.976562 0.020313 0.015625
0 0.258594 0.982812 0.017188 0.015625
0 0.251563 0.989062 0.015625 0.015625
0 0.244531 0.992969 0.017188 0.014063
0 0.233594 0.996094 0.010937 0.007812
0 0.314844 0.993750 0.014063 0.012500
0 0.302344 0.995313 0.014063 0.009375
0 0.282813 0.988281 0.018750 0.010937
