0 0.934375 0.046094 0.021875 0.010937
0 0.932813 0.075000 0.012500 0.021875
0 0.950000 0.076563 0.012500 0.025000
0 0.965625 0.076563 0.015625 0.025000
0 0.806250 0.140625 0.025000 0.034375
0 0.850000 0.210938 0.021875 0.031250
0 0.778125 0.211719 0.015625 0.017188
0 0.790625 0.228125 0.015625 0.025000
0 0.289844 0.489063 0.035937 0.015625
0 0.314844 0.496875 0.020313 0.025000
0 0.334375 0.496875 0.015625 0.021875
0 0.350000 0.501563 0.015625 0.025000
0 0.389844 0.506250 0.014063 0.021875
0 0.406250 0.509375 0.018750 0.025000
0 0.430469 0.515625 0.020313 0.028125
0 0.500000 0.518750 0.028125 0.018750
0 0.534375 0.521875 0.028125 0.021875
0 0.565625 0.528125 0.034375 0.021875
0 0.605469 0.534375 0.026562 0.018750
0 0.640625 0.542969 0.028125 0.017188
0 0.677344 0.546875 0.029687 0.018750
0 0.709375 0.553125 0.028125 0.015625
0 0.745313 0.558594 0.028125 0.014063
0 0.821875 0.568750 0.031250 0.018750
0 0.855469 0.575000 0.032813 0.018750
0 0.887500 0.583594 0.034375 0.017188
0 0.928125 0.589844 0.037500 0.020313
0 0.107813 0.636719 0.021875 0.010937
0 0.103125 0.651563 0.025000 0.012500
0 0.102344 0.662500 0.026562 0.012500
0 0.096094 0.673438 0.032813 0.015625
0 0.089063 0.724219 0.031250 0.014063
0 0.087500 0.737500 0.034375 0.012500
0 0.083594 0.746094 0.026562 0.007812
0 0.080469 0.756250 0.026562 0.012500
0 0.076563 0.767188 0.031250 0.012500
0 0.062500 0.799219 0.021875 0.010937
0 0.061719 0.809375 0.023438 0.006250
0 0.058594 0.821875 0.017188 0.009375
0 0.056250 0.834375 0.025000 0.009375
0 0.142969 0.806250 0.035937 0.018750
0 0.140625 0.818750 0.034375 0.012500
0 0.140625 0.828125 0.028125 0.012500
0 0.131250 0.878125 0.031250 0.009375
0 0.121875 0.975000 0.021875 0.012500
0 0.121875 0.987500 0.034375 0.009375
0 0.009375 0.724219 0.015625 0.023438
0 0.003906 0.752344 0.004687 0.023438
0 0.020313 0.759375 0.021875 0.021875
0 0.030469 0.815625 0.017188 0.021875
