0 0.220312 0.343750 0.015625 0.018750
0 0.196875 0.343750 0.012500 0.018750
0 0.130469 0.032031 0.014063 0.020313
0 0.118750 0.032031 0.009375 0.017188
0 0.107813 0.032031 0.009375 0.017188
0 0.096875 0.034375 0.009375 0.015625
0 0.085938 0.032813 0.009375 0.015625
0 0.075000 0.031250 0.009375 0.015625
0 0.064844 0.032031 0.010937 0.020313
0 0.051562 0.031250 0.009375 0.018750
0 0.041406 0.032031 0.010937 0.017188
0 0.028125 0.030469 0.009375 0.017188
0 0.041406 0.053125 0.014063 0.018750
0 0.073438 0.051562 0.012500 0.018750
0 0.085938 0.052344 0.012500 0.017188
