0 0.103125 0.232031 0.021875 0.014063
0 0.098437 0.242188 0.025000 0.015625
0 0.528906 0.646875 0.020313 0.015625
0 0.531250 0.657813 0.018750 0.012500
0 0.530469 0.667969 0.020313 0.010937
0 0.532031 0.684375 0.017188 0.015625
0 0.588281 0.679688 0.014063 0.015625
0 0.609375 0.681250 0.012500 0.015625
0 0.619531 0.682813 0.010937 0.018750
0 0.630469 0.682813 0.010937 0.021875
0 0.567969 0.696094 0.014063 0.017188
0 0.590625 0.698438 0.012500 0.018750
0 0.579688 0.740625 0.012500 0.018750
0 0.597656 0.740625 0.014063 0.021875
0 0.611719 0.740625 0.014063 0.021875
0 0.630469 0.741406 0.010937 0.020313
