0 0.457933 0.862981 0.021635 0.038462
0 0.444712 0.933894 0.019231 0.040865
0 0.771635 0.832933 0.024038 0.031250
0 0.971154 0.925481 0.033654 0.019231
0 0.568510 0.662260 0.040865 0.021635
0 0.474760 0.605769 0.021635 0.038462
0 0.491587 0.521635 0.021635 0.048077
0 0.271635 0.378606 0.043269 0.021635
0 0.147837 0.370192 0.050481 0.019231
0 0.467548 0.302885 0.021635 0.024038
0 0.490385 0.300481 0.019231 0.033654
0 0.512019 0.302885 0.024038 0.028846
0 0.585337 0.300481 0.021635 0.024038
0 0.811298 0.269231 0.021635 0.028846
0 0.835337 0.265625 0.021635 0.031250
0 0.944712 0.254808 0.019231 0.028846
0 0.674279 0.335337 0.045673 0.016827
0 0.724760 0.326923 0.040865 0.024038
0 0.887019 0.834135 0.024038 0.033654
0 0.098558 0.111779 0.033654 0.016827
0 0.058894 0.043269 0.021635 0.028846
0 0.007212 0.098558 0.009615 0.033654
0 0.105769 0.236779 0.038462 0.016827
0 0.705529 0.423077 0.016827 0.028846
0 0.308894 0.561298 0.045673 0.016827
0 0.312500 0.590144 0.033654 0.012019
0 0.308894 0.605769 0.040865 0.014423
0 0.308894 0.622596 0.045673 0.019231
0 0.301683 0.686298 0.036058 0.012019
0 0.302885 0.701923 0.038462 0.014423
