0 0.664062 0.271875 0.031250 0.012500
0 0.723437 0.272656 0.031250 0.017188
0 0.518750 0.609375 0.034375 0.015625
0 0.521875 0.622656 0.034375 0.017188
0 0.521094 0.657813 0.032813 0.015625
0 0.518750 0.667188 0.034375 0.015625
0 0.520312 0.683594 0.034375 0.017188
0 0.522656 0.703906 0.035937 0.017188
0 0.521875 0.739844 0.031250 0.020313
0 0.521094 0.750781 0.029687 0.020313
0 0.114844 0.475000 0.029687 0.018750
0 0.114062 0.607031 0.028125 0.023438
0 0.371094 0.440625 0.023438 0.034375
0 0.391406 0.439063 0.026562 0.031250
