0 0.115385 0.181490 0.019231 0.040865
0 0.133413 0.193510 0.021635 0.031250
0 0.099760 0.302885 0.016827 0.028846
0 0.193510 0.318510 0.021635 0.031250
0 0.212740 0.314904 0.021635 0.033654
0 0.319712 0.069712 0.019231 0.028846
0 0.254808 0.615385 0.019231 0.028846
0 0.227163 0.808894 0.021635 0.021635
0 0.209135 0.685096 0.033654 0.024038
0 0.175481 0.677885 0.033654 0.019231
0 0.489183 0.631010 0.021635 0.031250
0 0.366587 0.150240 0.036058 0.021635
0 0.302885 0.266827 0.038462 0.028846
0 0.364183 0.257212 0.036058 0.019231
0 0.372596 0.051683 0.043269 0.016827
0 0.006010 0.312500 0.007212 0.033654
