0 0.811719 0.367969 0.020313 0.010937
0 0.943750 0.360938 0.025000 0.021875
0 0.931250 0.365625 0.021875 0.015625
0 0.823438 0.398438 0.025000 0.015625
0 0.875000 0.464844 0.031250 0.014063
0 0.739062 0.504687 0.025000 0.015625
0 0.481250 0.540625 0.025000 0.009375
0 0.384375 0.537500 0.025000 0.012500
0 0.234375 0.549219 0.025000 0.014063
0 0.431250 0.162500 0.012500 0.015625
0 0.465625 0.161719 0.015625 0.014063
0 0.474219 0.161719 0.010937 0.017188
0 0.486719 0.162500 0.010937 0.015625
0 0.440625 0.193750 0.015625 0.021875
0 0.462500 0.192969 0.009375 0.020313
0 0.475000 0.195312 0.009375 0.021875
0 0.489063 0.193750 0.015625 0.015625
0 0.359375 0.293750 0.015625 0.018750
0 0.339062 0.278125 0.015625 0.015625
0 0.328125 0.278125 0.009375 0.018750
0 0.309375 0.278125 0.012500 0.018750
0 0.337500 0.333594 0.012500 0.017188
0 0.321875 0.333594 0.015625 0.026562
0 0.311719 0.329688 0.014063 0.015625
0 0.293750 0.346875 0.021875 0.021875
0 0.306250 0.360938 0.015625 0.018750
0 0.329688 0.415625 0.025000 0.012500
0 0.286719 0.371875 0.020313 0.009375
0 0.284375 0.379688 0.025000 0.009375
0 0.284375 0.392969 0.025000 0.007812
0 0.283594 0.402344 0.020313 0.017188
0 0.282813 0.412500 0.021875 0.012500
0 0.281250 0.421875 0.025000 0.015625
0 0.280469 0.431250 0.023438 0.012500
0 0.278125 0.439063 0.021875 0.012500
0 0.277344 0.450000 0.023438 0.009375
0 0.278125 0.474219 0.025000 0.017188
0 0.281250 0.484375 0.021875 0.018750
0 0.277344 0.496094 0.023438 0.014063
0 0.282813 0.512500 0.021875 0.015625
0 0.333594 0.496094 0.017188 0.020313
0 0.365625 0.456250 0.025000 0.018750
0 0.364844 0.437500 0.026562 0.015625
0 0.368750 0.424219 0.025000 0.017188
0 0.371875 0.415625 0.018750 0.018750
0 0.471875 0.443750 0.025000 0.009375
0 0.473438 0.454688 0.028125 0.009375
0 0.475000 0.460938 0.025000 0.009375
0 0.475000 0.468750 0.025000 0.006250
0 0.484375 0.484375 0.028125 0.015625
0 0.228125 0.481250 0.021875 0.006250
0 0.225000 0.465625 0.025000 0.006250
0 0.228125 0.458594 0.021875 0.010937
0 0.227344 0.449219 0.023438 0.007812
0 0.231250 0.417969 0.025000 0.007812
0 0.237500 0.368750 0.025000 0.009375
0 0.183594 0.406250 0.023438 0.009375
0 0.181250 0.414844 0.025000 0.010937
0 0.176563 0.437500 0.018750 0.006250
0 0.039844 0.346875 0.023438 0.009375
0 0.039844 0.355469 0.023438 0.007812
0 0.040625 0.364063 0.025000 0.009375
0 0.039844 0.371094 0.020313 0.007812
0 0.036719 0.390625 0.020313 0.009375
0 0.036719 0.399219 0.023438 0.007812
0 0.034375 0.406250 0.021875 0.006250
0 0.033594 0.421875 0.020313 0.006250
0 0.092188 0.362500 0.025000 0.009375
0 0.090625 0.368750 0.025000 0.009375
0 0.086719 0.381250 0.023438 0.009375
0 0.085938 0.390625 0.025000 0.009375
0 0.084375 0.400000 0.031250 0.009375
0 0.084375 0.409375 0.025000 0.006250
0 0.084375 0.418750 0.025000 0.006250
0 0.085938 0.423438 0.021875 0.009375
0 0.085938 0.433594 0.025000 0.007812
0 0.083594 0.449219 0.023438 0.007812
0 0.081250 0.465625 0.025000 0.012500
0 0.342969 0.529687 0.029687 0.018750
