0 0.068510 0.179087 0.016827 0.021635
0 0.116587 0.177885 0.016827 0.019231
0 0.146635 0.177885 0.014423 0.024038
0 0.212740 0.234375 0.016827 0.021635
0 0.180288 0.235577 0.019231 0.028846
0 0.468750 0.091346 0.024038 0.024038
0 0.538462 0.086538 0.024038 0.028846
0 0.412260 0.162260 0.016827 0.026442
0 0.429087 0.155048 0.016827 0.021635
0 0.319712 0.302885 0.033654 0.019231
0 0.439904 0.438702 0.033654 0.016827
0 0.436298 0.495192 0.036058 0.014423
0 0.436298 0.479567 0.036058 0.016827
0 0.438702 0.467548 0.031250 0.012019
0 0.010817 0.727163 0.016827 0.026442
0 0.027644 0.727163 0.016827 0.031250
0 0.199519 0.719952 0.014423 0.031250
0 0.182692 0.719952 0.019231 0.031250
0 0.229567 0.712740 0.021635 0.031250
0 0.248798 0.715144 0.021635 0.021635
0 0.310096 0.709135 0.024038 0.024038
0 0.237981 0.771635 0.019231 0.024038
0 0.257212 0.771635 0.019231 0.024038
0 0.317308 0.768029 0.024038 0.026442
0 0.349760 0.765625 0.021635 0.031250
0 0.396635 0.786058 0.028846 0.014423
0 0.396635 0.802885 0.028846 0.014423
0 0.460337 0.968750 0.021635 0.024038
0 0.491587 0.966346 0.021635 0.024038
0 0.521635 0.962740 0.024038 0.026442
0 0.487981 0.881010 0.033654 0.016827
0 0.506010 0.771635 0.016827 0.024038
0 0.537260 0.899038 0.021635 0.024038
0 0.569712 0.897837 0.024038 0.021635
0 0.590144 0.896635 0.016827 0.024038
0 0.657452 0.956731 0.016827 0.024038
0 0.514423 0.835337 0.024038 0.031250
0 0.563702 0.829327 0.016827 0.028846
0 0.616587 0.824519 0.016827 0.024038
0 0.646635 0.823317 0.014423 0.021635
0 0.662260 0.820913 0.016827 0.021635
0 0.703125 0.819712 0.021635 0.028846
0 0.721154 0.819712 0.014423 0.024038
0 0.740385 0.818510 0.019231 0.026442
0 0.758413 0.753606 0.026442 0.026442
0 0.537260 0.769231 0.016827 0.019231
0 0.552885 0.764423 0.019231 0.024038
0 0.818510 0.782452 0.031250 0.016827
0 0.834135 0.912260 0.033654 0.021635
0 0.486779 0.854567 0.036058 0.016827
0 0.485577 0.842548 0.033654 0.012019
0 0.490385 0.094952 0.019231 0.031250
0 0.388221 0.681490 0.036058 0.016827
0 0.159856 0.829327 0.036058 0.014423
