0 0.294531 0.554688 0.014063 0.021875
0 0.303125 0.619531 0.025000 0.026562
0 0.335938 0.647656 0.021875 0.023438
0 0.328906 0.682813 0.017188 0.021875
0 0.376563 0.753906 0.015625 0.023438
0 0.436719 0.833594 0.026562 0.014063
0 0.508594 0.817969 0.029687 0.017188
0 0.201563 0.863281 0.025000 0.017188
0 0.142969 0.876563 0.020313 0.015625
0 0.598437 0.771094 0.025000 0.014063
0 0.621875 0.766406 0.018750 0.010937
0 0.785156 0.726562 0.026562 0.012500
0 0.746094 0.867969 0.020313 0.014063
0 0.562500 0.514062 0.015625 0.021875
0 0.598437 0.548438 0.018750 0.021875
0 0.606250 0.620313 0.018750 0.018750
0 0.572656 0.550000 0.014063 0.021875
