0 0.301563 0.082812 0.028125 0.012500
0 0.302344 0.097656 0.026562 0.014063
0 0.370312 0.071094 0.034375 0.014063
0 0.791406 0.010937 0.020313 0.018750
0 0.882812 0.013281 0.012500 0.020313
0 0.960156 0.013281 0.014063 0.017188
0 0.088281 0.449219 0.026562 0.014063
0 0.085156 0.462500 0.020313 0.012500
0 0.084375 0.471875 0.025000 0.009375
0 0.071875 0.494531 0.028125 0.014063
0 0.067969 0.505469 0.026562 0.014063
0 0.139063 0.500000 0.031250 0.012500
0 0.137500 0.510938 0.028125 0.015625
0 0.221094 0.504687 0.029687 0.015625
0 0.215625 0.530469 0.031250 0.014063
0 0.128906 0.527344 0.026562 0.014063
0 0.123438 0.535937 0.021875 0.012500
0 0.121875 0.546094 0.037500 0.017188
0 0.013281 0.626563 0.017188 0.021875
0 0.103125 0.639062 0.018750 0.021875
0 0.134375 0.640625 0.021875 0.025000
0 0.423438 0.701562 0.018750 0.025000
0 0.438281 0.707812 0.017188 0.021875
0 0.453125 0.709375 0.018750 0.025000
0 0.680469 0.712500 0.023438 0.028125
0 0.714063 0.725781 0.021875 0.023438
0 0.728125 0.732031 0.018750 0.023438
0 0.895312 0.826562 0.028125 0.025000
0 0.967969 0.858594 0.026562 0.026562
0 0.806250 0.891406 0.034375 0.020313
0 0.575781 0.976562 0.017188 0.021875
0 0.548438 0.971094 0.015625 0.020313
0 0.535937 0.971094 0.012500 0.020313
0 0.482812 0.967187 0.018750 0.018750
0 0.249219 0.961719 0.023438 0.029687
0 0.169531 0.954688 0.020313 0.021875
0 0.048438 0.951562 0.018750 0.018750
