0 0.416406 0.005469 0.023438 0.007812
0 0.371094 0.242188 0.017188 0.015625
0 0.392969 0.239063 0.014063 0.021875
0 0.400000 0.279687 0.012500 0.018750
0 0.435937 0.246094 0.025000 0.010937
0 0.507031 0.203125 0.023438 0.012500
0 0.942187 0.223438 0.015625 0.021875
0 0.167969 0.671875 0.032813 0.015625
0 0.260156 0.906250 0.032813 0.015625
0 0.257031 0.922656 0.020313 0.014063
0 0.350781 0.866406 0.023438 0.010937
0 0.614844 0.792969 0.020313 0.010937
0 0.757812 0.889844 0.018750 0.014063
0 0.761719 0.833594 0.020313 0.014063
