0 0.115385 0.348558 0.019231 0.028846
0 0.134615 0.347356 0.024038 0.031250
0 0.174279 0.347356 0.021635 0.026442
0 0.194712 0.349760 0.019231 0.031250
0 0.215144 0.350962 0.021635 0.033654
0 0.703125 0.292067 0.040865 0.016827
0 0.700721 0.307692 0.036058 0.014423
0 0.698317 0.320913 0.036058 0.012019
0 0.693510 0.336538 0.036058 0.014423
0 0.681490 0.371394 0.031250 0.012019
0 0.679087 0.385817 0.036058 0.012019
0 0.675481 0.399038 0.033654 0.014423
0 0.671875 0.417067 0.031250 0.016827
0 0.669471 0.436298 0.040865 0.016827
0 0.829327 0.283654 0.033654 0.014423
0 0.836538 0.300481 0.038462 0.009615
0 0.826923 0.313702 0.033654 0.012019
0 0.823317 0.328125 0.036058 0.012019
0 0.804087 0.377404 0.036058 0.019231
0 0.798077 0.408654 0.033654 0.014423
0 0.793269 0.427885 0.033654 0.014423
0 0.788462 0.443510 0.033654 0.016827
0 0.694712 0.599760 0.019231 0.026442
0 0.637019 0.796875 0.033654 0.016827
0 0.635817 0.812500 0.036058 0.014423
0 0.626202 0.900240 0.031250 0.016827
0 0.306490 0.931490 0.031250 0.016827
0 0.030048 0.913462 0.040865 0.019231
0 0.347356 0.933894 0.036058 0.016827
0 0.400240 0.936298 0.045673 0.016827
0 0.730769 0.816106 0.038462 0.016827
0 0.772837 0.834135 0.040865 0.014423
0 0.733173 0.846154 0.033654 0.014423
0 0.771635 0.848558 0.038462 0.014423
0 0.730769 0.860577 0.033654 0.014423
0 0.774038 0.865385 0.038462 0.014423
0 0.770433 0.897837 0.036058 0.016827
0 0.724760 0.906250 0.040865 0.014423
