0 0.552885 0.371394 0.038462 0.021635
0 0.537260 0.426683 0.040865 0.021635
0 0.520433 0.443510 0.040865 0.021635
0 0.507212 0.477163 0.033654 0.021635
0 0.552885 0.506010 0.038462 0.026442
0 0.582933 0.554087 0.026442 0.026442
0 0.614183 0.580529 0.026442 0.026442
0 0.629808 0.596154 0.028846 0.028846
0 0.710337 0.545673 0.031250 0.024038
0 0.808894 0.519231 0.021635 0.024038
0 0.834135 0.513221 0.024038 0.021635
0 0.850962 0.486779 0.033654 0.036058
0 0.897837 0.200721 0.036058 0.021635
0 0.194712 0.403846 0.043269 0.024038
0 0.084135 0.507212 0.028846 0.028846
0 0.054087 0.444712 0.036058 0.024038
0 0.014423 0.435096 0.024038 0.024038
0 0.162260 0.102163 0.031250 0.016827
0 0.254808 0.051683 0.028846 0.031250
0 0.147837 0.018029 0.026442 0.026442
0 0.009615 0.513221 0.014423 0.021635
0 0.778846 0.549279 0.024038 0.021635
0 0.766827 0.561298 0.019231 0.021635
