0 0.171094 0.183594 0.029687 0.029687
0 0.362500 0.496094 0.015625 0.023438
0 0.375781 0.494531 0.010937 0.023438
0 0.420312 0.497656 0.015625 0.023438
0 0.435156 0.499219 0.017188 0.023438
0 0.448437 0.499219 0.012500 0.026562
0 0.463281 0.500781 0.010937 0.023438
0 0.475000 0.502344 0.012500 0.026562
0 0.488281 0.501563 0.014063 0.031250
0 0.502344 0.503906 0.014063 0.026562
0 0.524219 0.504687 0.017188 0.025000
0 0.542969 0.507031 0.017188 0.023438
0 0.575000 0.507031 0.015625 0.020313
0 0.590625 0.507812 0.015625 0.021875
0 0.603906 0.510156 0.014063 0.020313
0 0.616406 0.510156 0.010937 0.020313
0 0.385937 0.448437 0.028125 0.015625
0 0.430469 0.446094 0.020313 0.023438
0 0.483594 0.450781 0.017188 0.023438
0 0.600781 0.459375 0.014063 0.025000
0 0.614844 0.460938 0.014063 0.021875
0 0.639844 0.456250 0.023438 0.025000
0 0.552344 0.378125 0.035937 0.012500
0 0.667188 0.276562 0.015625 0.021875
0 0.655469 0.273438 0.014063 0.018750
0 0.617969 0.271094 0.014063 0.020313
0 0.600781 0.270313 0.017188 0.021875
0 0.577344 0.272656 0.017188 0.023438
0 0.512500 0.319531 0.015625 0.020313
0 0.482812 0.316406 0.015625 0.020313
0 0.444531 0.266406 0.026562 0.014063
0 0.449219 0.257031 0.026562 0.010937
0 0.456250 0.248438 0.031250 0.015625
0 0.459375 0.236719 0.031250 0.014063
0 0.462500 0.227344 0.034375 0.017188
0 0.465625 0.203906 0.028125 0.017188
0 0.466406 0.192969 0.032813 0.010937
0 0.466406 0.181250 0.029687 0.009375
0 0.469531 0.171094 0.032813 0.010937
0 0.471094 0.157812 0.032813 0.012500
0 0.546875 0.079687 0.018750 0.025000
0 0.559375 0.078125 0.015625 0.025000
0 0.571875 0.071094 0.018750 0.020313
0 0.584375 0.067969 0.015625 0.023438
0 0.597656 0.066406 0.014063 0.020313
0 0.634375 0.068750 0.018750 0.021875
0 0.660156 0.060156 0.017188 0.023438
0 0.675781 0.058594 0.017188 0.023438
0 0.705469 0.060937 0.017188 0.021875
0 0.744531 0.060156 0.017188 0.020313
0 0.760938 0.063281 0.015625 0.020313
0 0.775000 0.064062 0.012500 0.021875
0 0.789062 0.064062 0.012500 0.021875
0 0.801562 0.065625 0.015625 0.021875
0 0.839844 0.068750 0.014063 0.025000
0 0.864062 0.071094 0.015625 0.026562
