0 0.697656 0.568750 0.026562 0.021875
0 0.642188 0.609375 0.025000 0.018750
0 0.635156 0.621094 0.026562 0.017188
0 0.625000 0.628125 0.028125 0.018750
0 0.614844 0.637500 0.029687 0.018750
0 0.604688 0.642969 0.025000 0.020313
0 0.590625 0.650781 0.028125 0.023438
0 0.579688 0.658594 0.028125 0.017188
0 0.571094 0.667188 0.026562 0.021875
0 0.561719 0.676562 0.026562 0.018750
0 0.550781 0.685937 0.029687 0.021875
0 0.540625 0.691406 0.028125 0.023438
0 0.530469 0.703125 0.026562 0.025000
0 0.515625 0.708594 0.025000 0.020313
0 0.504687 0.716406 0.025000 0.014063
0 0.496094 0.721875 0.029687 0.021875
0 0.484375 0.733594 0.031250 0.020313
0 0.474219 0.739844 0.029687 0.023438
0 0.464062 0.749219 0.028125 0.026562
0 0.453125 0.758594 0.028125 0.023438
0 0.444531 0.770312 0.026562 0.021875
0 0.433594 0.775000 0.026562 0.021875
0 0.425000 0.783594 0.021875 0.023438
0 0.465625 0.862500 0.018750 0.021875
0 0.481250 0.854688 0.015625 0.021875
0 0.485156 0.880469 0.020313 0.017188
0 0.593750 0.759375 0.018750 0.025000
0 0.589063 0.793750 0.015625 0.018750
0 0.600781 0.782031 0.017188 0.023438
0 0.614844 0.778125 0.020313 0.021875
0 0.626563 0.768750 0.018750 0.025000
0 0.636719 0.762500 0.017188 0.021875
0 0.645312 0.752344 0.018750 0.023438
0 0.657031 0.747656 0.020313 0.020313
0 0.667969 0.739062 0.014063 0.025000
0 0.678125 0.728906 0.015625 0.023438
0 0.689844 0.722656 0.017188 0.023438
0 0.697656 0.714063 0.020313 0.021875
0 0.708594 0.707812 0.014063 0.025000
0 0.716406 0.694531 0.017188 0.026562
0 0.728906 0.686719 0.017188 0.023438
0 0.738281 0.675000 0.020313 0.025000
0 0.747656 0.666406 0.020313 0.023438
0 0.708594 0.671094 0.020313 0.023438
0 0.700781 0.681250 0.020313 0.021875
0 0.690625 0.691406 0.018750 0.020313
0 0.679688 0.695312 0.018750 0.028125
0 0.668750 0.706250 0.018750 0.025000
0 0.657813 0.714844 0.018750 0.023438
0 0.646875 0.720313 0.018750 0.025000
0 0.636719 0.730469 0.017188 0.020313
0 0.628906 0.739062 0.017188 0.028125
0 0.616406 0.746094 0.017188 0.023438
0 0.607031 0.753125 0.010937 0.021875
0 0.933594 0.592187 0.026562 0.021875
0 0.950000 0.575000 0.028125 0.021875
