0 0.377344 0.042969 0.014063 0.020313
0 0.450000 0.037500 0.015625 0.021875
0 0.462500 0.037500 0.012500 0.018750
0 0.462500 0.056250 0.015625 0.018750
0 0.765625 0.032813 0.015625 0.021875
0 0.784375 0.034375 0.012500 0.018750
0 0.808594 0.033594 0.014063 0.020313
0 0.787500 0.055469 0.015625 0.020313
0 0.804688 0.314844 0.015625 0.020313
0 0.753125 0.478125 0.025000 0.015625
0 0.371875 0.517969 0.025000 0.014063
0 0.509375 0.625000 0.031250 0.012500
0 0.437500 0.628125 0.021875 0.012500
0 0.943750 0.042188 0.021875 0.009375
0 0.943750 0.050000 0.018750 0.009375
0 0.943750 0.058594 0.021875 0.007812
0 0.943750 0.065625 0.021875 0.009375
0 0.946875 0.076563 0.021875 0.009375
0 0.946875 0.084375 0.018750 0.009375
0 0.946094 0.092969 0.020313 0.007812
0 0.943750 0.099219 0.021875 0.007812
0 0.946875 0.108594 0.021875 0.007812
0 0.946875 0.117969 0.025000 0.010937
0 0.943750 0.134375 0.021875 0.012500
0 0.949219 0.165625 0.026562 0.009375
0 0.946094 0.176563 0.023438 0.009375
0 0.946094 0.184375 0.023438 0.009375
0 0.946875 0.193750 0.021875 0.009375
0 0.946094 0.202344 0.023438 0.010937
0 0.987500 0.299219 0.015625 0.020313
0 0.995313 0.211719 0.009375 0.007812
0 0.995313 0.221875 0.009375 0.006250
0 0.992188 0.203125 0.015625 0.006250
0 0.992969 0.193750 0.014063 0.009375
0 0.992188 0.185938 0.015625 0.006250
0 0.992188 0.178125 0.015625 0.009375
0 0.992969 0.168750 0.014063 0.006250
0 0.992969 0.161719 0.014063 0.007812
0 0.992969 0.153125 0.010937 0.009375
0 0.993750 0.143750 0.012500 0.006250
0 0.299219 0.826562 0.026562 0.015625
0 0.321094 0.867188 0.026562 0.015625
0 0.336719 0.907031 0.026562 0.017188
0 0.360156 0.948438 0.020313 0.015625
0 0.372656 0.978906 0.026562 0.014063
0 0.430469 0.881250 0.026562 0.012500
0 0.440625 0.912500 0.028125 0.015625
0 0.457813 0.945312 0.025000 0.015625
0 0.471875 0.975781 0.031250 0.014063
0 0.503125 0.876563 0.031250 0.015625
0 0.531250 0.914844 0.028125 0.010937
0 0.542969 0.949219 0.026562 0.014063
0 0.567187 0.724219 0.025000 0.017188
0 0.657031 0.696094 0.020313 0.014063
0 0.554688 0.712500 0.025000 0.012500
