0 0.714063 0.003125 0.028125 0.003125
0 0.712500 0.009375 0.034375 0.009375
0 0.703125 0.031250 0.025000 0.012500
0 0.700000 0.046094 0.021875 0.010937
0 0.698438 0.057813 0.025000 0.009375
0 0.696875 0.065625 0.028125 0.006250
0 0.776563 0.033594 0.025000 0.014063
0 0.771875 0.050000 0.028125 0.012500
0 0.765625 0.062500 0.025000 0.009375
0 0.765625 0.071094 0.025000 0.007812
0 0.384375 0.018750 0.018750 0.025000
0 0.287500 0.018750 0.025000 0.009375
0 0.289844 0.028125 0.026562 0.012500
0 0.709375 0.162500 0.018750 0.025000
0 0.675000 0.281250 0.021875 0.012500
0 0.675000 0.287500 0.021875 0.012500
0 0.671875 0.339062 0.025000 0.009375
0 0.734375 0.290625 0.034375 0.015625
0 0.756250 0.302344 0.028125 0.014063
0 0.731250 0.307812 0.021875 0.009375
0 0.756250 0.312500 0.028125 0.009375
0 0.756250 0.321875 0.025000 0.009375
0 0.730469 0.318750 0.023438 0.009375
0 0.755469 0.337500 0.029687 0.012500
0 0.731250 0.345313 0.025000 0.015625
0 0.540625 0.362500 0.028125 0.015625
0 0.511719 0.362500 0.020313 0.009375
0 0.484375 0.359375 0.025000 0.015625
0 0.200000 0.343750 0.025000 0.009375
0 0.300000 0.350000 0.025000 0.015625
0 0.325000 0.349219 0.025000 0.010937
0 0.281250 0.403125 0.015625 0.018750
0 0.293750 0.405469 0.012500 0.017188
0 0.305469 0.407813 0.010937 0.015625
0 0.314844 0.407813 0.010937 0.021875
0 0.328125 0.408594 0.012500 0.020313
0 0.586719 0.756250 0.014063 0.021875
0 0.571875 0.756250 0.012500 0.018750
0 0.550000 0.760938 0.015625 0.021875
0 0.533594 0.690625 0.014063 0.018750
0 0.042188 0.762500 0.015625 0.021875
0 0.017188 0.784375 0.015625 0.025000
