0 0.012500 0.233594 0.021875 0.010937
0 0.048438 0.117188 0.031250 0.015625
0 0.095312 0.122656 0.031250 0.010937
0 0.218750 0.073438 0.031250 0.012500
0 0.317188 0.079687 0.037500 0.015625
0 0.245312 0.175000 0.025000 0.012500
0 0.247656 0.189844 0.032813 0.010937
0 0.546094 0.117969 0.026562 0.010937
0 0.639844 0.009375 0.026562 0.012500
0 0.613281 0.095312 0.032813 0.012500
0 0.636719 0.101562 0.029687 0.012500
0 0.656250 0.111719 0.028125 0.014063
0 0.734375 0.072656 0.028125 0.010937
0 0.759375 0.078125 0.031250 0.012500
0 0.756250 0.092969 0.028125 0.014063
0 0.537500 0.396875 0.021875 0.025000
0 0.460156 0.443750 0.014063 0.018750
0 0.446875 0.446094 0.012500 0.020313
0 0.387500 0.549219 0.021875 0.010937
0 0.386719 0.558594 0.023438 0.010937
0 0.266406 0.458594 0.010937 0.017188
0 0.247656 0.458594 0.014063 0.017188
0 0.210938 0.460156 0.012500 0.020313
0 0.310156 0.500781 0.010937 0.020313
0 0.288281 0.499219 0.017188 0.017188
0 0.136719 0.506250 0.010937 0.018750
0 0.122656 0.507812 0.017188 0.018750
0 0.089063 0.508594 0.015625 0.020313
0 0.064062 0.508594 0.012500 0.023438
0 0.019531 0.853906 0.010937 0.020313
0 0.029687 0.852344 0.012500 0.023438
0 0.042969 0.852344 0.010937 0.020313
0 0.055469 0.851562 0.010937 0.018750
0 0.106250 0.847656 0.015625 0.020313
0 0.119531 0.847656 0.014063 0.020313
0 0.131250 0.845313 0.012500 0.025000
0 0.143750 0.844531 0.009375 0.020313
0 0.153906 0.843750 0.014063 0.021875
0 0.165625 0.841406 0.012500 0.020313
0 0.176563 0.842187 0.012500 0.018750
0 0.288281 0.838281 0.014063 0.023438
0 0.300781 0.836719 0.014063 0.020313
0 0.317188 0.832031 0.015625 0.023438
0 0.329688 0.830469 0.012500 0.020313
0 0.373437 0.828125 0.012500 0.018750
0 0.426563 0.809375 0.025000 0.012500
0 0.464844 0.639062 0.023438 0.012500
0 0.462500 0.670312 0.028125 0.012500
0 0.461719 0.680469 0.032813 0.014063
0 0.325000 0.874219 0.015625 0.020313
0 0.337500 0.872656 0.015625 0.023438
0 0.378125 0.870313 0.012500 0.021875
0 0.401562 0.867969 0.012500 0.017188
0 0.190625 0.881250 0.012500 0.018750
0 0.176563 0.883594 0.012500 0.017188
0 0.146094 0.886719 0.014063 0.023438
0 0.038281 0.892188 0.010937 0.018750
0 0.026562 0.893750 0.009375 0.018750
0 0.014844 0.896094 0.010937 0.020313
0 0.268750 0.914062 0.021875 0.012500
0 0.435937 0.881250 0.021875 0.012500
0 0.438281 0.895312 0.026562 0.012500
0 0.436719 0.905469 0.023438 0.010937
0 0.512500 0.871094 0.015625 0.020313
0 0.534375 0.868750 0.012500 0.018750
0 0.546094 0.867188 0.017188 0.021875
0 0.680469 0.859375 0.010937 0.018750
0 0.693750 0.857812 0.015625 0.018750
0 0.734375 0.875781 0.025000 0.007812
0 0.676562 0.903125 0.015625 0.021875
0 0.665625 0.903125 0.012500 0.018750
0 0.651563 0.904687 0.015625 0.021875
0 0.618750 0.908594 0.015625 0.023438
0 0.607812 0.908594 0.012500 0.020313
0 0.585156 0.909375 0.014063 0.021875
0 0.551562 0.910937 0.018750 0.021875
0 0.517188 0.914062 0.015625 0.021875
0 0.492188 0.920312 0.028125 0.012500
0 0.496094 0.930469 0.029687 0.007812
0 0.493750 0.948438 0.025000 0.009375
0 0.532031 0.960938 0.014063 0.018750
0 0.556250 0.957812 0.015625 0.018750
0 0.568750 0.957031 0.015625 0.017188
0 0.677344 0.992969 0.032813 0.014063
