0 0.558594 0.042969 0.020313 0.026562
0 0.503125 0.223438 0.025000 0.018750
0 0.090625 0.264844 0.028125 0.023438
0 0.158594 0.381250 0.029687 0.015625
0 0.234375 0.378125 0.028125 0.018750
0 0.300000 0.489063 0.034375 0.015625
0 0.393750 0.459375 0.034375 0.021875
0 0.230469 0.655469 0.035937 0.017188
0 0.256250 0.698438 0.031250 0.018750
0 0.271875 0.731250 0.025000 0.015625
0 0.149219 0.660937 0.032813 0.021875
0 0.162500 0.693750 0.028125 0.018750
0 0.183594 0.725000 0.032813 0.018750
0 0.200000 0.759375 0.025000 0.015625
0 0.013281 0.600000 0.023438 0.018750
0 0.028125 0.642969 0.028125 0.014063
0 0.050000 0.686719 0.025000 0.014063
0 0.076563 0.731250 0.028125 0.018750
0 0.089844 0.762500 0.026562 0.018750
0 0.787500 0.033594 0.028125 0.014063
0 0.830469 0.048438 0.023438 0.015625
0 0.834375 0.067969 0.025000 0.010937
0 0.831250 0.137500 0.028125 0.012500
0 0.856250 0.150000 0.009375 0.034375
0 0.889844 0.078125 0.010937 0.021875
0 0.900000 0.080469 0.009375 0.020313
0 0.912500 0.081250 0.012500 0.021875
0 0.928125 0.080469 0.009375 0.020313
0 0.939063 0.080469 0.012500 0.020313
0 0.950000 0.081250 0.009375 0.021875
0 0.959375 0.080469 0.009375 0.023438
0 0.903125 0.104688 0.012500 0.021875
0 0.939063 0.100000 0.012500 0.021875
0 0.950000 0.102344 0.012500 0.020313
