0 0.146875 0.160938 0.018750 0.012500
0 0.312500 0.160938 0.021875 0.009375
0 0.298438 0.170313 0.025000 0.012500
0 0.335156 0.225000 0.010937 0.015625
0 0.043750 0.221875 0.015625 0.021875
0 0.185938 0.282031 0.018750 0.017188
0 0.224219 0.283594 0.020313 0.017188
0 0.269531 0.288281 0.014063 0.017188
0 0.257031 0.285938 0.010937 0.015625
0 0.244531 0.285938 0.010937 0.015625
0 0.232813 0.285156 0.012500 0.017188
0 0.157031 0.428125 0.020313 0.012500
0 0.189844 0.461719 0.014063 0.020313
0 0.522656 0.307031 0.010937 0.017188
0 0.534375 0.306250 0.015625 0.018750
0 0.609375 0.311719 0.012500 0.020313
0 0.628906 0.314063 0.014063 0.018750
0 0.647656 0.207813 0.020313 0.009375
0 0.953906 0.229687 0.026562 0.012500
0 0.875781 0.324219 0.014063 0.017188
0 0.896875 0.327344 0.012500 0.020313
0 0.737500 0.368750 0.018750 0.009375
0 0.735938 0.399219 0.021875 0.010937
0 0.734375 0.409375 0.021875 0.009375
0 0.810156 0.373437 0.020313 0.009375
0 0.790625 0.378906 0.021875 0.007812
0 0.790625 0.386719 0.025000 0.007812
0 0.237500 0.522656 0.012500 0.017188
0 0.619531 0.612500 0.014063 0.018750
0 0.246875 0.710156 0.018750 0.007812
0 0.245312 0.717969 0.015625 0.007812
0 0.269531 0.709375 0.017188 0.006250
0 0.267969 0.717969 0.020313 0.010937
0 0.267969 0.725781 0.020313 0.010937
0 0.567969 0.695312 0.020313 0.009375
0 0.563281 0.702344 0.020313 0.010937
0 0.560937 0.709375 0.015625 0.012500
0 0.553125 0.732031 0.018750 0.010937
0 0.550000 0.742188 0.018750 0.009375
0 0.608594 0.737500 0.014063 0.012500
0 0.603125 0.743750 0.021875 0.012500
0 0.618750 0.756250 0.021875 0.012500
0 0.666406 0.762500 0.023438 0.012500
0 0.599219 0.759375 0.020313 0.009375
0 0.590625 0.775000 0.028125 0.012500
0 0.596875 0.767188 0.021875 0.009375
0 0.514844 0.837500 0.014063 0.018750
0 0.578906 0.850000 0.010937 0.015625
0 0.600781 0.850000 0.014063 0.021875
0 0.271875 0.838281 0.021875 0.014063
0 0.260156 0.849219 0.023438 0.010937
0 0.214844 0.839063 0.023438 0.012500
0 0.192188 0.845313 0.021875 0.009375
0 0.189062 0.859375 0.018750 0.009375
0 0.205469 0.868750 0.020313 0.015625
0 0.261719 0.871094 0.020313 0.007812
0 0.143750 0.826562 0.021875 0.009375
0 0.141406 0.841406 0.020313 0.010937
0 0.144531 0.849219 0.020313 0.007812
0 0.378125 0.903906 0.012500 0.010937
0 0.385937 0.848437 0.009375 0.012500
0 0.375781 0.919531 0.014063 0.017188
0 0.372656 0.957812 0.010937 0.018750
0 0.425000 0.978125 0.025000 0.009375
0 0.410938 0.989844 0.012500 0.020313
0 0.837500 0.900781 0.015625 0.020313
0 0.847656 0.903125 0.010937 0.018750
0 0.860938 0.906250 0.012500 0.018750
0 0.246094 0.753125 0.026562 0.021875
