0 0.951923 0.157452 0.038462 0.021635
0 0.905048 0.147837 0.040865 0.021635
0 0.853365 0.139423 0.033654 0.019231
0 0.811298 0.131010 0.036058 0.021635
0 0.709135 0.115385 0.038462 0.019231
0 0.664663 0.105769 0.036058 0.024038
0 0.622596 0.097356 0.038462 0.021635
0 0.567308 0.090144 0.038462 0.021635
0 0.520433 0.081731 0.031250 0.019231
0 0.466346 0.074519 0.038462 0.019231
0 0.425481 0.072115 0.033654 0.019231
0 0.382212 0.063702 0.038462 0.021635
0 0.283654 0.052885 0.024038 0.028846
0 0.254808 0.049279 0.019231 0.031250
0 0.230769 0.045673 0.014423 0.033654
0 0.173077 0.034856 0.024038 0.031250
0 0.128606 0.028846 0.026442 0.033654
