0 0.689904 0.161058 0.019231 0.028846
0 0.729567 0.163462 0.021635 0.028846
0 0.885817 0.163462 0.021635 0.033654
0 0.689904 0.194712 0.028846 0.033654
0 0.448317 0.288462 0.021635 0.033654
0 0.536058 0.766827 0.024038 0.028846
0 0.530048 0.834135 0.021635 0.033654
0 0.552885 0.835337 0.019231 0.026442
0 0.552885 0.865385 0.024038 0.028846
0 0.575721 0.865385 0.021635 0.033654
0 0.575721 0.944712 0.021635 0.024038
0 0.596154 0.944712 0.019231 0.028846
0 0.616587 0.943510 0.021635 0.026442
0 0.677885 0.944712 0.024038 0.028846
0 0.536058 0.975962 0.019231 0.028846
0 0.552885 0.974760 0.019231 0.026442
0 0.574519 0.975962 0.024038 0.028846
0 0.615385 0.975962 0.019231 0.024038
0 0.633413 0.974760 0.016827 0.026442
0 0.618990 0.092548 0.026442 0.036058
