0 0.211719 0.071094 0.026562 0.017188
0 0.526563 0.228906 0.021875 0.014063
0 0.556250 0.287500 0.012500 0.015625
0 0.566406 0.294531 0.014063 0.014063
0 0.416406 0.613281 0.020313 0.010937
0 0.642188 0.840625 0.028125 0.012500
0 0.525000 0.878906 0.009375 0.017188
0 0.568750 0.885938 0.021875 0.009375
0 0.504687 0.878906 0.012500 0.017188
0 0.458594 0.916406 0.014063 0.017188
0 0.533594 0.918750 0.014063 0.018750
0 0.416406 0.603906 0.020313 0.007812
0 0.415625 0.594531 0.021875 0.010937
0 0.418750 0.585156 0.018750 0.007812
0 0.423438 0.578125 0.021875 0.009375
0 0.429688 0.565625 0.021875 0.009375
0 0.435937 0.558594 0.025000 0.010937
0 0.483594 0.535937 0.029687 0.012500
0 0.496875 0.516406 0.018750 0.017188
0 0.508594 0.513281 0.017188 0.014063
0 0.520312 0.510938 0.015625 0.012500
0 0.533594 0.508594 0.014063 0.017188
0 0.545312 0.510156 0.012500 0.017188
0 0.555469 0.508594 0.010937 0.014063
0 0.567969 0.508594 0.014063 0.017188
0 0.580469 0.514062 0.010937 0.015625
0 0.592969 0.515625 0.010937 0.015625
0 0.602344 0.520312 0.014063 0.015625
0 0.612500 0.528125 0.015625 0.012500
0 0.618750 0.536719 0.018750 0.010937
0 0.622656 0.548438 0.020313 0.012500
0 0.625781 0.559375 0.020313 0.009375
0 0.624219 0.565625 0.023438 0.009375
0 0.620313 0.575781 0.025000 0.007812
0 0.617969 0.585938 0.023438 0.006250
0 0.614062 0.592969 0.021875 0.007812
0 0.610938 0.602344 0.021875 0.010937
0 0.587500 0.623437 0.021875 0.015625
0 0.579688 0.629687 0.021875 0.015625
0 0.569531 0.635938 0.020313 0.018750
0 0.549219 0.642969 0.029687 0.023438
0 0.502344 0.655469 0.020313 0.026562
0 0.546875 0.551562 0.015625 0.018750
0 0.535937 0.553125 0.012500 0.018750
0 0.525000 0.553906 0.012500 0.017188
0 0.511719 0.556250 0.010937 0.018750
0 0.503906 0.559375 0.014063 0.015625
0 0.495312 0.564844 0.015625 0.017188
0 0.486719 0.573438 0.014063 0.015625
0 0.478906 0.589844 0.020313 0.014063
0 0.493750 0.610938 0.015625 0.018750
0 0.507031 0.610938 0.010937 0.015625
0 0.518750 0.609375 0.012500 0.018750
0 0.528125 0.603906 0.012500 0.017188
0 0.539062 0.600781 0.015625 0.017188
0 0.545312 0.594531 0.018750 0.017188
0 0.552344 0.588281 0.020313 0.017188
0 0.558594 0.580469 0.020313 0.017188
0 0.780469 0.488281 0.017188 0.010937
