0 0.128906 0.187500 0.026562 0.015625
0 0.125781 0.203125 0.029687 0.015625
0 0.592187 0.642969 0.021875 0.020313
0 0.592969 0.657813 0.020313 0.012500
0 0.596094 0.665625 0.023438 0.012500
0 0.593750 0.683594 0.021875 0.014063
0 0.598437 0.696094 0.021875 0.010937
0 0.628125 0.735938 0.018750 0.015625
0 0.650000 0.743750 0.015625 0.025000
0 0.667969 0.743750 0.017188 0.018750
0 0.682031 0.742969 0.014063 0.020313
0 0.705469 0.739844 0.014063 0.020313
0 0.704688 0.678906 0.015625 0.017188
0 0.692969 0.678125 0.010937 0.018750
0 0.682031 0.677344 0.010937 0.020313
0 0.660937 0.679688 0.015625 0.021875
0 0.661719 0.698438 0.017188 0.018750
0 0.635156 0.696094 0.014063 0.017188
0 0.383594 0.733594 0.020313 0.010937
0 0.065625 0.710156 0.021875 0.010937
