0 0.193510 0.022837 0.031250 0.016827
0 0.114183 0.038462 0.016827 0.024038
0 0.203125 0.050481 0.031250 0.014423
0 0.212740 0.097356 0.031250 0.016827
0 0.143029 0.162260 0.016827 0.016827
0 0.117788 0.158654 0.019231 0.019231
0 0.025240 0.157452 0.031250 0.016827
0 0.032452 0.170673 0.031250 0.024038
0 0.295673 0.709135 0.024038 0.024038
0 0.165865 0.837740 0.028846 0.021635
0 0.144231 0.818510 0.024038 0.021635
0 0.288462 0.868990 0.033654 0.016827
0 0.429087 0.772837 0.031250 0.021635
0 0.455529 0.832933 0.031250 0.016827
0 0.454327 0.847356 0.028846 0.016827
0 0.411058 0.716346 0.024038 0.024038
0 0.015625 0.742788 0.026442 0.024038
