0 0.452344 0.684375 0.023438 0.031250
0 0.571875 0.886719 0.021875 0.029687
0 0.217969 0.063281 0.023438 0.014063
0 0.211719 0.073438 0.023438 0.012500
0 0.262500 0.082812 0.025000 0.018750
0 0.240625 0.111719 0.018750 0.017188
0 0.208594 0.165625 0.026562 0.012500
0 0.205469 0.089844 0.026562 0.014063
0 0.193750 0.108594 0.028125 0.017188
0 0.185156 0.114062 0.023438 0.015625
0 0.167187 0.146094 0.025000 0.014063
0 0.160938 0.153125 0.025000 0.012500
0 0.155469 0.162500 0.023438 0.012500
0 0.153125 0.170313 0.025000 0.012500
0 0.148438 0.178125 0.025000 0.012500
0 0.142969 0.185938 0.020313 0.015625
0 0.134375 0.195312 0.025000 0.015625
0 0.095312 0.373437 0.021875 0.025000
