0 0.246094 0.076563 0.014063 0.018750
0 0.232813 0.074219 0.015625 0.017188
0 0.218750 0.075000 0.009375 0.015625
0 0.234375 0.117969 0.012500 0.020313
0 0.221875 0.117969 0.009375 0.020313
0 0.211719 0.117969 0.010937 0.020313
0 0.200000 0.121094 0.012500 0.017188
0 0.187500 0.118750 0.009375 0.015625
0 0.178125 0.118750 0.009375 0.018750
0 0.165625 0.117188 0.009375 0.015625
0 0.156250 0.117969 0.009375 0.020313
0 0.146094 0.117188 0.010937 0.021875
0 0.131250 0.117188 0.012500 0.018750
0 0.034375 0.071875 0.025000 0.009375
0 0.077344 0.086719 0.026562 0.014063
0 0.080469 0.105469 0.026562 0.010937
0 0.076563 0.121875 0.028125 0.012500
0 0.078125 0.170313 0.025000 0.015625
0 0.100000 0.184375 0.018750 0.028125
0 0.142969 0.137500 0.017188 0.025000
0 0.176563 0.137500 0.015625 0.021875
0 0.189844 0.137500 0.017188 0.021875
0 0.318750 0.425000 0.015625 0.018750
0 0.540625 0.939063 0.034375 0.015625
0 0.385156 0.014844 0.017188 0.017188
