0 0.964063 0.171875 0.018750 0.015625
0 0.903125 0.221875 0.025000 0.018750
0 0.834375 0.237500 0.025000 0.018750
0 0.786719 0.249219 0.023438 0.017188
0 0.760156 0.280469 0.026562 0.014063
0 0.567969 0.415625 0.023438 0.018750
0 0.503906 0.479687 0.017188 0.015625
0 0.516406 0.489063 0.010937 0.012500
0 0.529687 0.529687 0.018750 0.015625
0 0.458594 0.542188 0.020313 0.015625
0 0.358594 0.849219 0.014063 0.020313
0 0.281250 0.979688 0.021875 0.018750
0 0.473438 0.112500 0.021875 0.012500
0 0.459375 0.309375 0.025000 0.012500
0 0.461719 0.293750 0.029687 0.009375
0 0.459375 0.268750 0.031250 0.009375
0 0.459375 0.252344 0.021875 0.010937
0 0.462500 0.243750 0.025000 0.009375
0 0.462500 0.218750 0.025000 0.009375
0 0.462500 0.212500 0.028125 0.009375
0 0.465625 0.205469 0.021875 0.007812
0 0.468750 0.171875 0.025000 0.009375
0 0.471875 0.158594 0.028125 0.010937
0 0.474219 0.131250 0.023438 0.009375
0 0.473438 0.123438 0.025000 0.009375
0 0.395313 0.315625 0.025000 0.006250
0 0.393750 0.327344 0.021875 0.007812
0 0.393750 0.337500 0.025000 0.006250
0 0.393750 0.346875 0.025000 0.009375
0 0.393750 0.353125 0.025000 0.006250
0 0.390625 0.364844 0.021875 0.007812
0 0.389844 0.371875 0.017188 0.006250
0 0.387500 0.380469 0.018750 0.004687
0 0.387500 0.390625 0.021875 0.009375
0 0.386719 0.400000 0.023438 0.009375
0 0.007031 0.123438 0.010937 0.015625
0 0.015625 0.124219 0.009375 0.017188
0 0.032813 0.125000 0.012500 0.018750
0 0.043750 0.125000 0.015625 0.018750
0 0.059375 0.124219 0.012500 0.017188
0 0.073438 0.125000 0.012500 0.018750
0 0.200000 0.021875 0.021875 0.009375
0 0.358594 0.010156 0.010937 0.017188
0 0.353125 0.031250 0.012500 0.012500
0 0.355469 0.046875 0.017188 0.015625
0 0.346875 0.084375 0.015625 0.015625
0 0.346875 0.125000 0.015625 0.018750
0 0.349219 0.143750 0.014063 0.015625
0 0.346875 0.171875 0.015625 0.018750
0 0.346094 0.189844 0.014063 0.017188
0 0.480469 0.011719 0.026562 0.007812
0 0.003906 0.840625 0.004687 0.018750
0 0.245312 0.552344 0.018750 0.007812
0 0.246875 0.560156 0.018750 0.007812
0 0.244531 0.569531 0.023438 0.007812
0 0.163281 0.691406 0.010937 0.014063
0 0.131250 0.687500 0.009375 0.015625
0 0.080469 0.687500 0.010937 0.021875
0 0.068750 0.684375 0.009375 0.021875
0 0.058594 0.687500 0.010937 0.021875
0 0.043750 0.687500 0.015625 0.025000
0 0.027344 0.684375 0.010937 0.021875
0 0.015625 0.684375 0.006250 0.018750
0 0.006250 0.683594 0.009375 0.023438
0 0.104688 0.728125 0.015625 0.021875
0 0.117969 0.729688 0.010937 0.021875
0 0.128125 0.730469 0.009375 0.023438
0 0.003906 0.799219 0.004687 0.017188
0 0.017188 0.800781 0.012500 0.020313
