0 0.046094 0.100000 0.020313 0.025000
0 0.521875 0.252344 0.028125 0.023438
0 0.042969 0.146875 0.020313 0.025000
0 0.056250 0.148438 0.009375 0.015625
0 0.054688 0.165625 0.015625 0.021875
0 0.068750 0.171875 0.021875 0.021875
0 0.093750 0.171875 0.018750 0.021875
0 0.073438 0.212500 0.018750 0.021875
0 0.084375 0.211719 0.015625 0.020313
0 0.096094 0.212500 0.014063 0.018750
0 0.133594 0.214844 0.020313 0.026562
0 0.107813 0.231250 0.018750 0.021875
0 0.096094 0.231250 0.014063 0.018750
0 0.071875 0.234375 0.015625 0.021875
0 0.056250 0.232813 0.018750 0.021875
0 0.042969 0.234375 0.017188 0.025000
0 0.156250 0.278125 0.021875 0.025000
0 0.125000 0.278125 0.015625 0.021875
0 0.111719 0.278125 0.014063 0.018750
0 0.096875 0.276562 0.015625 0.021875
0 0.084375 0.280469 0.012500 0.023438
0 0.061719 0.278125 0.014063 0.021875
0 0.046875 0.278125 0.015625 0.021875
0 0.048438 0.300000 0.018750 0.021875
0 0.073438 0.298438 0.015625 0.018750
0 0.099219 0.300000 0.017188 0.015625
0 0.136719 0.296094 0.014063 0.023438
0 0.062500 0.346094 0.015625 0.023438
0 0.048438 0.342969 0.018750 0.023438
0 0.050000 0.405469 0.021875 0.026562
0 0.065625 0.492969 0.021875 0.023438
