0 0.364063 0.149219 0.012500 0.023438
0 0.375781 0.150000 0.014063 0.018750
0 0.364063 0.167187 0.012500 0.015625
0 0.375000 0.168750 0.012500 0.015625
0 0.386719 0.168750 0.014063 0.018750
0 0.407813 0.169531 0.012500 0.017188
0 0.385937 0.204687 0.015625 0.018750
0 0.407031 0.205469 0.014063 0.020313
0 0.438281 0.205469 0.014063 0.017188
0 0.364063 0.225781 0.012500 0.017188
0 0.376563 0.223438 0.012500 0.021875
0 0.407813 0.221094 0.012500 0.017188
0 0.418750 0.222656 0.012500 0.017188
0 0.428906 0.221875 0.010937 0.021875
0 0.366406 0.260937 0.010937 0.015625
0 0.379688 0.259375 0.012500 0.018750
0 0.407813 0.260937 0.015625 0.018750
0 0.420312 0.259375 0.012500 0.018750
0 0.432031 0.260156 0.010937 0.017188
0 0.463281 0.261719 0.017188 0.020313
0 0.443750 0.278125 0.015625 0.018750
0 0.390625 0.277344 0.012500 0.017188
0 0.400781 0.276562 0.010937 0.015625
0 0.772656 0.239063 0.017188 0.018750
0 0.381250 0.314844 0.012500 0.017188
0 0.508594 0.366406 0.014063 0.020313
0 0.382031 0.439844 0.017188 0.017188
0 0.229687 0.495312 0.012500 0.021875
0 0.242188 0.494531 0.015625 0.017188
0 0.255469 0.496094 0.014063 0.014063
0 0.150781 0.533594 0.010937 0.017188
0 0.161719 0.533594 0.007812 0.017188
0 0.170313 0.537500 0.012500 0.018750
0 0.182031 0.534375 0.010937 0.015625
0 0.192188 0.535156 0.009375 0.023438
0 0.203125 0.536719 0.015625 0.017188
0 0.213281 0.535156 0.014063 0.014063
0 0.224219 0.533594 0.014063 0.017188
0 0.234375 0.536719 0.012500 0.017188
0 0.244531 0.534375 0.017188 0.018750
0 0.164062 0.553906 0.018750 0.017188
0 0.192188 0.553906 0.015625 0.017188
0 0.203906 0.552344 0.014063 0.017188
0 0.286719 0.589844 0.023438 0.017188
0 0.101562 0.507812 0.028125 0.012500
0 0.100781 0.522656 0.020313 0.010937
0 0.099219 0.537500 0.023438 0.009375
0 0.103125 0.583594 0.028125 0.010937
0 0.124219 0.596094 0.010937 0.026562
0 0.063281 0.491406 0.020313 0.014063
0 0.307031 0.820312 0.017188 0.015625
0 0.328906 0.821875 0.017188 0.021875
0 0.003906 0.337500 0.004687 0.012500
0 0.006250 0.382812 0.009375 0.015625
