0 0.164062 0.106250 0.018750 0.012500
0 0.164844 0.117188 0.020313 0.012500
0 0.226562 0.194531 0.034375 0.010937
0 0.221875 0.230469 0.028125 0.010937
0 0.223438 0.210938 0.031250 0.012500
0 0.220312 0.053906 0.028125 0.010937
0 0.103125 0.222656 0.018750 0.023438
0 0.081250 0.225000 0.018750 0.021875
0 0.055469 0.225781 0.017188 0.023438
0 0.173437 0.317969 0.028125 0.017188
0 0.173437 0.389844 0.028125 0.007812
0 0.175000 0.402344 0.028125 0.010937
0 0.172656 0.413281 0.026562 0.010937
0 0.228125 0.379688 0.028125 0.012500
0 0.226562 0.390625 0.028125 0.012500
0 0.232031 0.400000 0.023438 0.009375
0 0.229687 0.411719 0.031250 0.010937
0 0.158594 0.453125 0.017188 0.018750
0 0.143750 0.452344 0.015625 0.017188
0 0.112500 0.455469 0.018750 0.020313
0 0.077344 0.453906 0.017188 0.020313
0 0.087500 0.453906 0.012500 0.017188
0 0.078906 0.496094 0.017188 0.020313
0 0.100781 0.496875 0.014063 0.021875
0 0.135156 0.496094 0.014063 0.020313
0 0.156250 0.498437 0.018750 0.018750
0 0.321094 0.460156 0.017188 0.017188
0 0.333594 0.461719 0.014063 0.020313
0 0.367969 0.462500 0.014063 0.018750
0 0.406250 0.464062 0.015625 0.021875
0 0.419531 0.463281 0.014063 0.017188
0 0.456250 0.465625 0.012500 0.018750
0 0.469531 0.465625 0.017188 0.018750
0 0.513281 0.472656 0.017188 0.020313
0 0.548438 0.475781 0.018750 0.020313
0 0.304688 0.501563 0.015625 0.018750
0 0.330469 0.503125 0.014063 0.025000
0 0.342187 0.500781 0.015625 0.020313
0 0.365625 0.504687 0.015625 0.025000
0 0.413281 0.508594 0.017188 0.026562
0 0.179688 0.531250 0.028125 0.009375
0 0.179688 0.539062 0.034375 0.012500
0 0.183594 0.575000 0.029687 0.012500
0 0.451562 0.508594 0.018750 0.023438
0 0.488281 0.511719 0.014063 0.020313
0 0.502344 0.510938 0.014063 0.018750
0 0.546094 0.513281 0.023438 0.020313
0 0.486719 0.629687 0.017188 0.021875
0 0.464844 0.627344 0.017188 0.017188
0 0.451562 0.625781 0.015625 0.017188
0 0.422656 0.625781 0.017188 0.020313
0 0.404687 0.623437 0.012500 0.021875
0 0.373437 0.621094 0.018750 0.023438
0 0.331250 0.621875 0.015625 0.021875
0 0.314844 0.623437 0.014063 0.021875
0 0.292969 0.621875 0.014063 0.021875
0 0.660937 0.316406 0.018750 0.020313
0 0.685156 0.356250 0.017188 0.018750
0 0.698438 0.363281 0.012500 0.020313
0 0.710938 0.364844 0.012500 0.017188
0 0.722656 0.365625 0.014063 0.015625
0 0.785156 0.378906 0.017188 0.020313
0 0.753906 0.424219 0.014063 0.020313
0 0.778125 0.454688 0.021875 0.021875
0 0.747656 0.482812 0.020313 0.028125
0 0.698438 0.531250 0.012500 0.021875
0 0.685937 0.529687 0.012500 0.018750
0 0.664062 0.530469 0.015625 0.020313
0 0.632812 0.527344 0.009375 0.017188
0 0.704688 0.573438 0.012500 0.015625
0 0.771094 0.497656 0.010937 0.017188
0 0.765625 0.618750 0.015625 0.012500
0 0.760156 0.642188 0.023438 0.018750
0 0.971875 0.396094 0.015625 0.023438
0 0.982812 0.400781 0.012500 0.023438
0 0.889844 0.445312 0.026562 0.021875
0 0.906250 0.452344 0.021875 0.020313
0 0.926562 0.463281 0.018750 0.020313
0 0.950781 0.471875 0.014063 0.021875
0 0.963281 0.475000 0.017188 0.025000
0 0.950000 0.833594 0.028125 0.014063
0 0.645312 0.810937 0.028125 0.009375
0 0.442969 0.779687 0.032813 0.018750
0 0.524219 0.782031 0.026562 0.014063
0 0.515625 0.817969 0.021875 0.014063
0 0.482812 0.675781 0.018750 0.020313
0 0.397656 0.671875 0.014063 0.018750
0 0.382031 0.668750 0.017188 0.018750
0 0.335156 0.664844 0.020313 0.014063
0 0.182812 0.631250 0.034375 0.015625
0 0.181250 0.666406 0.028125 0.014063
0 0.182031 0.685156 0.035937 0.017188
0 0.122656 0.728125 0.017188 0.018750
0 0.107813 0.728906 0.009375 0.017188
0 0.096094 0.728906 0.010937 0.017188
0 0.083594 0.729688 0.010937 0.018750
0 0.286719 0.784375 0.026562 0.018750
0 0.335938 0.851562 0.028125 0.018750
0 0.685937 0.882812 0.021875 0.012500
0 0.688281 0.914844 0.026562 0.014063
0 0.678906 0.959375 0.023438 0.015625
0 0.678125 0.988281 0.028125 0.014063
0 0.763281 0.972656 0.017188 0.017188
0 0.774219 0.973437 0.014063 0.021875
0 0.785156 0.974219 0.017188 0.026562
0 0.803906 0.982812 0.017188 0.021875
0 0.814063 0.981250 0.015625 0.025000
0 0.828125 0.985156 0.015625 0.020313
0 0.835938 0.984375 0.018750 0.025000
0 0.850000 0.990625 0.012500 0.018750
0 0.862500 0.991406 0.012500 0.017188
0 0.872656 0.992969 0.010937 0.014063
0 0.307031 0.854688 0.029687 0.009375
0 0.306250 0.862500 0.028125 0.009375
0 0.303125 0.872656 0.021875 0.010937
0 0.302344 0.883594 0.023438 0.010937
0 0.300781 0.892969 0.026562 0.007812
0 0.296094 0.907031 0.026562 0.010937
0 0.296875 0.916406 0.031250 0.010937
0 0.296094 0.926562 0.029687 0.006250
0 0.295312 0.942187 0.031250 0.012500
0 0.293750 0.960156 0.028125 0.007812
0 0.292187 0.967187 0.028125 0.009375
0 0.291406 0.977344 0.029687 0.010937
0 0.350781 0.967187 0.026562 0.015625
