0 0.405469 0.208594 0.014063 0.017188
0 0.400781 0.267188 0.014063 0.018750
0 0.412500 0.268750 0.012500 0.015625
0 0.429688 0.269531 0.015625 0.020313
0 0.427344 0.309375 0.010937 0.018750
0 0.413281 0.307031 0.014063 0.020313
0 0.397656 0.303906 0.014063 0.017188
0 0.371094 0.307812 0.014063 0.021875
0 0.822656 0.510938 0.023438 0.015625
0 0.842969 0.554688 0.032813 0.018750
0 0.751563 0.623437 0.031250 0.012500
0 0.568750 0.657031 0.031250 0.017188
0 0.403125 0.605469 0.028125 0.014063
0 0.407031 0.625781 0.029687 0.010937
0 0.410156 0.638281 0.026562 0.010937
0 0.445312 0.658594 0.018750 0.020313
0 0.417969 0.657813 0.032813 0.012500
0 0.312500 0.721094 0.025000 0.014063
0 0.271875 0.428906 0.015625 0.023438
0 0.231250 0.413281 0.015625 0.020313
0 0.204687 0.408594 0.018750 0.020313
0 0.210938 0.472656 0.021875 0.020313
0 0.225000 0.482812 0.012500 0.025000
0 0.239844 0.479687 0.017188 0.021875
0 0.272656 0.497656 0.026562 0.010937
0 0.285156 0.508594 0.023438 0.010937
0 0.286719 0.519531 0.023438 0.010937
0 0.194531 0.495312 0.026562 0.018750
0 0.234375 0.575000 0.031250 0.015625
0 0.279687 0.589063 0.025000 0.015625
0 0.279687 0.600781 0.025000 0.017188
0 0.276562 0.624219 0.031250 0.023438
0 0.272656 0.652344 0.023438 0.017188
0 0.264844 0.672656 0.020313 0.017188
0 0.239844 0.675781 0.026562 0.023438
0 0.182031 0.503906 0.026562 0.010937
0 0.181250 0.513281 0.028125 0.010937
0 0.182031 0.523438 0.026562 0.009375
0 0.182031 0.533594 0.026562 0.010937
0 0.180469 0.546875 0.023438 0.012500
0 0.176563 0.560156 0.021875 0.014063
0 0.177344 0.573438 0.026562 0.012500
0 0.177344 0.585156 0.026562 0.014063
0 0.174219 0.603125 0.029687 0.015625
0 0.174219 0.617969 0.026562 0.017188
0 0.173437 0.650781 0.028125 0.017188
0 0.172656 0.664844 0.026562 0.010937
0 0.172656 0.673438 0.029687 0.012500
0 0.123438 0.520312 0.028125 0.012500
0 0.116406 0.582031 0.026562 0.014063
0 0.111719 0.618750 0.026562 0.012500
0 0.111719 0.632031 0.026562 0.010937
0 0.110156 0.642969 0.032813 0.010937
0 0.110156 0.660937 0.026562 0.012500
0 0.054688 0.566406 0.031250 0.014063
0 0.055469 0.579688 0.032813 0.012500
0 0.053125 0.600000 0.028125 0.012500
0 0.053906 0.621875 0.026562 0.012500
