0 0.371394 0.497596 0.031250 0.019231
0 0.401442 0.510817 0.038462 0.021635
0 0.406250 0.579327 0.028846 0.014423
0 0.414663 0.594952 0.031250 0.016827
0 0.450721 0.676683 0.026442 0.021635
0 0.462740 0.393029 0.036058 0.012019
0 0.468750 0.407452 0.038462 0.016827
0 0.479567 0.431490 0.031250 0.016827
0 0.500000 0.469952 0.033654 0.016827
0 0.516827 0.498798 0.028846 0.012019
0 0.540865 0.473558 0.033654 0.019231
0 0.569712 0.594952 0.033654 0.016827
0 0.549279 0.563702 0.031250 0.012019
0 0.545673 0.548077 0.038462 0.019231
0 0.508413 0.485577 0.031250 0.019231
0 0.545673 0.490385 0.024038 0.014423
0 0.527644 0.448317 0.026442 0.016827
0 0.575721 0.612981 0.036058 0.019231
0 0.495192 0.457933 0.028846 0.012019
