0 0.230469 0.070312 0.014063 0.025000
0 0.257812 0.074219 0.021875 0.023438
0 0.801562 0.101562 0.034375 0.015625
0 0.772656 0.120313 0.032813 0.012500
0 0.025000 0.742969 0.018750 0.010937
0 0.025781 0.751563 0.020313 0.009375
0 0.031250 0.760938 0.028125 0.009375
0 0.040625 0.778125 0.025000 0.012500
0 0.071094 0.789062 0.020313 0.012500
0 0.082812 0.807813 0.025000 0.012500
0 0.044531 0.785937 0.020313 0.009375
0 0.048438 0.794531 0.025000 0.007812
0 0.054688 0.801562 0.021875 0.009375
0 0.060156 0.813281 0.023438 0.014063
0 0.065625 0.821875 0.018750 0.009375
0 0.082812 0.853125 0.031250 0.012500
0 0.086719 0.864062 0.023438 0.009375
0 0.095312 0.881250 0.025000 0.009375
0 0.103125 0.896875 0.031250 0.015625
0 0.018750 0.939844 0.025000 0.014063
0 0.006250 0.884375 0.009375 0.012500
