0 0.310937 0.044531 0.028125 0.014063
0 0.357031 0.059375 0.032813 0.012500
0 0.537500 0.071875 0.028125 0.012500
0 0.577344 0.061719 0.023438 0.010937
0 0.312500 0.190625 0.012500 0.015625
0 0.326562 0.190625 0.015625 0.018750
0 0.407813 0.198437 0.015625 0.021875
0 0.431250 0.196094 0.012500 0.020313
0 0.104688 0.101562 0.015625 0.015625
0 0.032031 0.171094 0.020313 0.020313
0 0.018750 0.170313 0.015625 0.018750
0 0.006250 0.171094 0.009375 0.020313
0 0.700781 0.211719 0.017188 0.020313
0 0.725781 0.214844 0.017188 0.023438
0 0.546875 0.260937 0.025000 0.009375
0 0.544531 0.295312 0.026562 0.009375
0 0.628125 0.265625 0.021875 0.012500
0 0.607031 0.271875 0.023438 0.009375
0 0.605469 0.281250 0.029687 0.012500
0 0.678906 0.286719 0.023438 0.014063
0 0.744531 0.071875 0.023438 0.012500
0 0.979688 0.227344 0.015625 0.023438
0 0.416406 0.531250 0.017188 0.018750
0 0.813281 0.750000 0.014063 0.021875
0 0.883594 0.865625 0.020313 0.021875
0 0.913281 0.877344 0.014063 0.020313
0 0.922656 0.885156 0.017188 0.017188
0 0.941406 0.887500 0.017188 0.015625
0 0.654687 0.851562 0.015625 0.018750
0 0.666406 0.858594 0.014063 0.020313
0 0.680469 0.859375 0.014063 0.025000
0 0.396094 0.796094 0.017188 0.023438
0 0.367188 0.797656 0.012500 0.017188
0 0.299219 0.782813 0.017188 0.018750
0 0.355469 0.623437 0.023438 0.015625
0 0.350000 0.630469 0.025000 0.010937
0 0.349219 0.641406 0.023438 0.010937
0 0.338281 0.665625 0.020313 0.009375
0 0.336719 0.674219 0.023438 0.010937
0 0.399219 0.670312 0.023438 0.012500
0 0.393750 0.678125 0.025000 0.012500
0 0.414062 0.690625 0.025000 0.012500
0 0.466406 0.697656 0.029687 0.014063
0 0.389062 0.696094 0.025000 0.010937
0 0.389062 0.705469 0.025000 0.010937
0 0.155469 0.793750 0.017188 0.021875
0 0.145313 0.874219 0.012500 0.023438
0 0.208594 0.930469 0.017188 0.010937
0 0.200000 0.939063 0.025000 0.009375
0 0.196094 0.964844 0.026562 0.010937
0 0.194531 0.975781 0.020313 0.007812
0 0.026562 0.640625 0.025000 0.009375
0 0.026562 0.650000 0.028125 0.009375
0 0.026562 0.657813 0.028125 0.009375
0 0.007031 0.639844 0.010937 0.007812
0 0.006250 0.649219 0.009375 0.010937
0 0.015625 0.795312 0.028125 0.012500
0 0.017188 0.821094 0.021875 0.010937
