0 0.648438 0.414062 0.018750 0.025000
0 0.660156 0.564844 0.017188 0.026562
0 0.621875 0.725000 0.015625 0.028125
0 0.603906 0.914062 0.010937 0.025000
0 0.917188 0.937500 0.018750 0.018750
0 0.946875 0.339062 0.015625 0.028125
0 0.892188 0.407031 0.018750 0.010937
0 0.892188 0.416406 0.018750 0.010937
0 0.893750 0.426563 0.021875 0.012500
0 0.892188 0.435937 0.025000 0.012500
0 0.883594 0.451562 0.023438 0.009375
0 0.881250 0.458594 0.021875 0.014063
0 0.880469 0.469531 0.020313 0.014063
0 0.875000 0.478125 0.028125 0.012500
0 0.862500 0.492188 0.021875 0.012500
0 0.988281 0.489063 0.014063 0.021875
0 0.968750 0.488281 0.015625 0.020313
0 0.800000 0.661719 0.009375 0.017188
0 0.810937 0.664062 0.012500 0.018750
0 0.823438 0.666406 0.012500 0.017188
0 0.841406 0.668750 0.010937 0.018750
0 0.857812 0.667188 0.012500 0.018750
0 0.869531 0.668750 0.010937 0.021875
0 0.889062 0.669531 0.012500 0.020313
0 0.896875 0.669531 0.015625 0.023438
0 0.979688 0.677344 0.012500 0.020313
0 0.967969 0.678906 0.014063 0.020313
0 0.960156 0.678125 0.014063 0.018750
0 0.946875 0.677344 0.009375 0.020313
0 0.925000 0.672656 0.015625 0.020313
0 0.908594 0.668750 0.010937 0.021875
0 0.852344 0.630469 0.014063 0.020313
0 0.718750 0.839844 0.018750 0.014063
0 0.895312 0.628125 0.012500 0.021875
0 0.976562 0.330469 0.012500 0.020313
0 0.028906 0.529687 0.017188 0.018750
