0 0.862981 0.771635 0.024038 0.038462
0 0.906250 0.825721 0.038462 0.021635
0 0.899038 0.913462 0.043269 0.019231
0 0.900240 0.956731 0.040865 0.019231
0 0.584135 0.664663 0.024038 0.031250
0 0.566106 0.665865 0.016827 0.028846
0 0.375000 0.671875 0.024038 0.031250
0 0.355769 0.662260 0.024038 0.031250
0 0.304087 0.649038 0.016827 0.028846
0 0.263221 0.649038 0.021635 0.028846
0 0.044471 0.247596 0.021635 0.024038
0 0.066106 0.254808 0.021635 0.028846
0 0.090144 0.256010 0.016827 0.031250
0 0.110577 0.235577 0.024038 0.033654
0 0.390625 0.169471 0.021635 0.026442
0 0.786058 0.409856 0.038462 0.021635
0 0.911058 0.872596 0.043269 0.014423
