0 0.283594 0.232031 0.014063 0.023438
0 0.295312 0.235156 0.012500 0.017188
0 0.295312 0.251563 0.015625 0.018750
0 0.307812 0.250781 0.012500 0.017188
0 0.327344 0.253125 0.014063 0.018750
0 0.307031 0.288281 0.010937 0.017188
0 0.317969 0.290625 0.010937 0.015625
0 0.327344 0.286719 0.014063 0.017188
0 0.357812 0.289062 0.015625 0.015625
0 0.282813 0.306250 0.009375 0.018750
0 0.297656 0.305469 0.010937 0.017188
0 0.308594 0.305469 0.010937 0.014063
0 0.328906 0.301563 0.007812 0.015625
0 0.337500 0.303906 0.015625 0.017188
0 0.677344 0.325781 0.017188 0.017188
0 0.287500 0.342187 0.012500 0.015625
0 0.299219 0.342969 0.010937 0.014063
0 0.328906 0.341406 0.014063 0.017188
0 0.340625 0.342969 0.012500 0.017188
0 0.349219 0.342969 0.010937 0.014063
0 0.382812 0.343750 0.012500 0.018750
0 0.362500 0.359375 0.009375 0.018750
0 0.329688 0.360156 0.012500 0.017188
0 0.308594 0.360938 0.010937 0.015625
0 0.288281 0.360156 0.010937 0.014063
0 0.300000 0.398438 0.009375 0.018750
0 0.300781 0.523438 0.014063 0.015625
0 0.162500 0.577344 0.009375 0.017188
0 0.151562 0.575781 0.009375 0.017188
0 0.137500 0.576562 0.009375 0.015625
0 0.166406 0.615625 0.014063 0.015625
0 0.154688 0.614844 0.009375 0.014063
0 0.144531 0.615625 0.010937 0.015625
0 0.133594 0.616406 0.010937 0.014063
0 0.124219 0.616406 0.010937 0.014063
0 0.114062 0.614844 0.009375 0.014063
0 0.104688 0.615625 0.009375 0.012500
0 0.092969 0.615625 0.010937 0.015625
0 0.082812 0.615625 0.009375 0.015625
0 0.072656 0.614062 0.007812 0.012500
0 0.084375 0.632812 0.012500 0.015625
0 0.114062 0.635156 0.009375 0.014063
0 0.125000 0.634375 0.015625 0.015625
0 0.248438 0.900781 0.012500 0.020313
0 0.227344 0.898438 0.017188 0.018750
0 0.011719 0.588281 0.020313 0.007812
0 0.024219 0.603125 0.020313 0.009375
0 0.021875 0.619531 0.025000 0.010937
0 0.024219 0.663281 0.020313 0.010937
0 0.045312 0.675781 0.012500 0.026562
0 0.043750 0.710938 0.021875 0.012500
