0 0.565625 0.296875 0.012500 0.021875
0 0.589063 0.400000 0.012500 0.018750
0 0.610938 0.398438 0.012500 0.015625
0 0.536719 0.442188 0.014063 0.021875
0 0.621875 0.443750 0.015625 0.021875
0 0.659375 0.405469 0.025000 0.014063
0 0.742188 0.361719 0.021875 0.010937
0 0.321875 0.643750 0.018750 0.025000
0 0.367188 0.871875 0.034375 0.015625
0 0.487500 0.092188 0.025000 0.012500
0 0.487500 0.078125 0.025000 0.009375
0 0.489844 0.067969 0.020313 0.007812
0 0.496875 0.059375 0.021875 0.009375
0 0.503125 0.049219 0.021875 0.010937
0 0.509375 0.040625 0.028125 0.012500
0 0.558594 0.075000 0.023438 0.015625
0 0.568750 0.054688 0.018750 0.015625
0 0.577344 0.046875 0.014063 0.018750
0 0.587500 0.042969 0.009375 0.017188
0 0.596875 0.037500 0.012500 0.021875
0 0.618750 0.032813 0.009375 0.018750
0 0.634375 0.030469 0.015625 0.020313
0 0.656250 0.057813 0.018750 0.015625
0 0.649219 0.065625 0.017188 0.015625
0 0.643750 0.071875 0.021875 0.018750
0 0.636719 0.078125 0.017188 0.018750
0 0.617969 0.093750 0.014063 0.018750
0 0.592969 0.096875 0.010937 0.018750
0 0.578125 0.099219 0.015625 0.020313
0 0.589063 0.149219 0.015625 0.026562
0 0.600000 0.143750 0.018750 0.021875
0 0.635938 0.133594 0.025000 0.020313
0 0.659375 0.127344 0.025000 0.017188
0 0.673438 0.118750 0.025000 0.018750
0 0.670312 0.084375 0.025000 0.018750
0 0.683594 0.111719 0.020313 0.017188
0 0.696094 0.096094 0.026562 0.014063
0 0.704688 0.086719 0.025000 0.014063
0 0.710938 0.078125 0.025000 0.012500
0 0.714844 0.065625 0.026562 0.015625
0 0.720313 0.046875 0.028125 0.015625
0 0.721875 0.037500 0.025000 0.009375
0 0.718750 0.025000 0.025000 0.015625
0 0.712500 0.015625 0.025000 0.015625
0 0.709375 0.006250 0.018750 0.009375
0 0.146094 0.132031 0.017188 0.032813
