0 0.568750 0.003906 0.018750 0.004687
0 0.552344 0.007031 0.017188 0.010937
0 0.537500 0.013281 0.028125 0.023438
0 0.524219 0.023438 0.026562 0.021875
0 0.504687 0.032813 0.028125 0.021875
0 0.988281 0.135156 0.017188 0.017188
0 0.882812 0.154688 0.018750 0.028125
0 0.181250 0.142969 0.025000 0.026562
0 0.119531 0.191406 0.026562 0.017188
0 0.853125 0.377344 0.025000 0.023438
0 0.871094 0.400000 0.023438 0.021875
0 0.674219 0.502344 0.023438 0.026562
0 0.597656 0.444531 0.020313 0.023438
0 0.539062 0.442969 0.028125 0.020313
0 0.872656 0.835938 0.026562 0.018750
0 0.816406 0.823438 0.020313 0.028125
0 0.794531 0.785156 0.029687 0.020313
0 0.782031 0.804688 0.029687 0.012500
0 0.780469 0.813281 0.032813 0.014063
0 0.776563 0.825000 0.028125 0.012500
0 0.779687 0.868750 0.025000 0.021875
0 0.770312 0.879687 0.025000 0.021875
0 0.493750 0.724219 0.025000 0.020313
0 0.412500 0.687500 0.018750 0.021875
0 0.379688 0.639844 0.025000 0.017188
0 0.150781 0.496875 0.029687 0.021875
0 0.125000 0.885156 0.028125 0.026562
0 0.053906 0.842969 0.023438 0.023438
0 0.105469 0.957031 0.017188 0.020313
0 0.093750 0.952344 0.018750 0.020313
0 0.079687 0.947656 0.021875 0.026562
0 0.050000 0.924219 0.018750 0.020313
0 0.062500 0.926562 0.018750 0.015625
0 0.030469 0.925000 0.020313 0.028125
0 0.007812 0.915625 0.012500 0.034375
