0 0.286719 0.097656 0.017188 0.026562
0 0.146875 0.159375 0.015625 0.021875
0 0.133594 0.157812 0.014063 0.018750
0 0.120313 0.158594 0.015625 0.020313
0 0.138281 0.201563 0.010937 0.018750
0 0.126562 0.200000 0.012500 0.018750
0 0.113281 0.202344 0.010937 0.017188
0 0.101562 0.203906 0.012500 0.017188
0 0.090625 0.202344 0.009375 0.017188
0 0.081250 0.201563 0.012500 0.015625
0 0.070312 0.201563 0.009375 0.015625
0 0.057031 0.201563 0.010937 0.015625
0 0.044531 0.202344 0.010937 0.020313
0 0.032813 0.201563 0.009375 0.018750
0 0.045312 0.221094 0.012500 0.017188
0 0.077344 0.221875 0.014063 0.018750
0 0.089844 0.223438 0.017188 0.018750
0 0.007031 0.270313 0.010937 0.028125
0 0.228906 0.520312 0.014063 0.018750
0 0.203906 0.519531 0.014063 0.020313
