0 0.904687 0.210938 0.012500 0.021875
0 0.932031 0.211719 0.014063 0.017188
0 0.951562 0.211719 0.015625 0.017188
0 0.967187 0.214062 0.012500 0.015625
0 0.860938 0.330469 0.012500 0.017188
0 0.874219 0.333594 0.010937 0.017188
0 0.887500 0.332031 0.012500 0.020313
0 0.909375 0.331250 0.015625 0.021875
0 0.923438 0.331250 0.015625 0.018750
0 0.936719 0.335156 0.010937 0.020313
0 0.972656 0.328906 0.014063 0.020313
0 0.989844 0.330469 0.014063 0.020313
0 0.775000 0.340625 0.025000 0.015625
0 0.783594 0.333594 0.026562 0.017188
0 0.767188 0.349219 0.021875 0.014063
0 0.760156 0.357812 0.020313 0.012500
0 0.749219 0.368750 0.023438 0.015625
0 0.739844 0.375781 0.017188 0.017188
0 0.800781 0.377344 0.020313 0.020313
0 0.812500 0.381250 0.018750 0.015625
0 0.823438 0.389062 0.021875 0.015625
0 0.977344 0.371094 0.017188 0.017188
0 0.919531 0.376563 0.010937 0.025000
0 0.832812 0.396094 0.018750 0.014063
0 0.840625 0.400000 0.021875 0.015625
0 0.850781 0.405469 0.023438 0.017188
0 0.863281 0.412500 0.017188 0.015625
0 0.874219 0.416406 0.023438 0.020313
0 0.789844 0.392969 0.023438 0.017188
0 0.798438 0.396875 0.021875 0.018750
0 0.812500 0.408594 0.021875 0.017188
0 0.820312 0.416406 0.021875 0.014063
0 0.829688 0.421875 0.021875 0.015625
0 0.932813 0.501563 0.028125 0.018750
0 0.986719 0.523438 0.023438 0.015625
0 0.696875 0.542188 0.028125 0.018750
0 0.707031 0.547656 0.023438 0.017188
0 0.517969 0.480469 0.020313 0.017188
0 0.648438 0.567187 0.028125 0.018750
0 0.068750 0.724219 0.018750 0.017188
0 0.214844 0.767188 0.020313 0.018750
0 0.232813 0.779687 0.021875 0.015625
0 0.330469 0.814063 0.023438 0.018750
