0 0.995313 0.396094 0.009375 0.017188
0 0.984375 0.394531 0.009375 0.017188
0 0.973437 0.394531 0.012500 0.017188
0 0.960938 0.394531 0.012500 0.020313
0 0.903125 0.393750 0.012500 0.021875
0 0.889844 0.394531 0.010937 0.020313
0 0.865625 0.397656 0.015625 0.020313
0 0.850000 0.396875 0.012500 0.018750
0 0.832812 0.397656 0.009375 0.017188
0 0.823438 0.400000 0.012500 0.018750
0 0.800000 0.404687 0.012500 0.021875
0 0.792188 0.410156 0.018750 0.023438
0 0.722656 0.487500 0.023438 0.009375
0 0.722656 0.496875 0.020313 0.009375
0 0.723437 0.506250 0.021875 0.009375
0 0.721875 0.517188 0.021875 0.009375
0 0.717187 0.535156 0.021875 0.010937
0 0.715625 0.544531 0.021875 0.010937
0 0.712500 0.554688 0.025000 0.009375
0 0.709375 0.562500 0.025000 0.009375
0 0.817187 0.572656 0.012500 0.020313
0 0.838281 0.575000 0.014063 0.021875
0 0.850000 0.575000 0.012500 0.021875
0 0.881250 0.575781 0.012500 0.020313
0 0.892969 0.578906 0.014063 0.020313
0 0.756250 0.612500 0.012500 0.018750
0 0.735938 0.611719 0.015625 0.020313
0 0.967187 0.633594 0.012500 0.023438
0 0.978125 0.634375 0.012500 0.025000
0 0.803125 0.674219 0.028125 0.017188
0 0.721094 0.679688 0.029687 0.015625
0 0.690625 0.726562 0.012500 0.018750
0 0.735938 0.728906 0.015625 0.020313
0 0.833594 0.736719 0.010937 0.020313
0 0.847656 0.736719 0.010937 0.017188
0 0.867969 0.732031 0.017188 0.023438
0 0.878906 0.739062 0.020313 0.021875
0 0.919531 0.738281 0.014063 0.020313
0 0.942969 0.741406 0.014063 0.020313
0 0.956250 0.743750 0.009375 0.018750
0 0.965625 0.745313 0.012500 0.018750
0 0.643750 0.766406 0.012500 0.023438
0 0.681250 0.769531 0.012500 0.020313
0 0.692969 0.770312 0.014063 0.018750
0 0.705469 0.773438 0.010937 0.021875
0 0.716406 0.772656 0.010937 0.020313
0 0.728125 0.772656 0.012500 0.020313
0 0.739844 0.774219 0.010937 0.020313
0 0.750781 0.775000 0.010937 0.018750
0 0.770312 0.775000 0.012500 0.021875
0 0.785156 0.777344 0.014063 0.020313
0 0.826562 0.779687 0.012500 0.018750
0 0.838281 0.781250 0.010937 0.018750
0 0.850000 0.782813 0.012500 0.018750
0 0.861719 0.784375 0.010937 0.018750
0 0.882812 0.785156 0.012500 0.023438
0 0.896875 0.785156 0.012500 0.023438
0 0.937500 0.783594 0.015625 0.023438
0 0.956250 0.788281 0.012500 0.020313
0 0.545312 0.957812 0.015625 0.012500
0 0.563281 0.958594 0.017188 0.010937
0 0.592969 0.959375 0.029687 0.015625
