0 0.559375 0.523438 0.028125 0.050000
0 0.589844 0.525781 0.026562 0.048438
0 0.783594 0.793750 0.020313 0.025000
0 0.817187 0.753906 0.015625 0.029687
0 0.376563 0.817187 0.028125 0.012500
0 0.988281 0.535156 0.020313 0.023438
0 0.899219 0.339844 0.026562 0.014063
0 0.868750 0.327344 0.034375 0.017188
0 0.835938 0.340625 0.025000 0.012500
0 0.728125 0.317969 0.031250 0.010937
0 0.838281 0.259375 0.017188 0.021875
0 0.739062 0.261719 0.018750 0.023438
0 0.702344 0.264062 0.020313 0.025000
0 0.652344 0.263281 0.023438 0.014063
0 0.649219 0.251563 0.023438 0.018750
0 0.921875 0.217969 0.028125 0.014063
0 0.853125 0.196094 0.031250 0.014063
0 0.633594 0.192188 0.023438 0.015625
0 0.556250 0.335156 0.034375 0.010937
0 0.360156 0.388281 0.032813 0.010937
0 0.076563 0.454688 0.028125 0.015625
0 0.125000 0.323437 0.021875 0.021875
