0 0.054087 0.177885 0.040865 0.019231
0 0.793269 0.007212 0.038462 0.009615
0 0.787260 0.021635 0.036058 0.014423
0 0.443510 0.599760 0.026442 0.016827
0 0.442308 0.615385 0.033654 0.014423
0 0.427885 0.634615 0.033654 0.014423
0 0.423077 0.653846 0.028846 0.009615
0 0.412260 0.669471 0.031250 0.021635
0 0.528846 0.662260 0.038462 0.016827
0 0.521635 0.677885 0.033654 0.014423
0 0.554087 0.697115 0.031250 0.014423
0 0.514423 0.709135 0.038462 0.014423
0 0.506010 0.724760 0.036058 0.016827
0 0.507212 0.740385 0.043269 0.019231
0 0.652644 0.710337 0.040865 0.016827
0 0.350962 0.860577 0.024038 0.028846
0 0.475962 0.885817 0.024038 0.031250
0 0.522837 0.890625 0.021635 0.031250
0 0.984375 0.985577 0.021635 0.028846
0 0.010817 0.177885 0.016827 0.019231
