0 0.355769 0.254808 0.024038 0.014423
0 0.350962 0.268029 0.028846 0.012019
0 0.349760 0.277644 0.021635 0.007212
0 0.341346 0.288462 0.024038 0.014423
0 0.335337 0.304087 0.026442 0.012019
0 0.364183 0.227163 0.026442 0.016827
0 0.304087 0.397837 0.026442 0.016827
0 0.294471 0.435096 0.036058 0.014423
0 0.290865 0.495192 0.038462 0.014423
0 0.292067 0.483173 0.036058 0.014423
0 0.289663 0.447115 0.031250 0.014423
0 0.325721 0.537260 0.021635 0.021635
0 0.317308 0.646635 0.028846 0.014423
0 0.319712 0.663462 0.028846 0.014423
0 0.329327 0.675481 0.028846 0.019231
0 0.335337 0.694712 0.026442 0.014423
0 0.347356 0.709135 0.026442 0.014423
0 0.366587 0.741587 0.026442 0.016827
0 0.473558 0.913462 0.028846 0.019231
0 0.534856 0.943510 0.031250 0.031250
0 0.552885 0.900240 0.024038 0.026442
0 0.521635 0.850962 0.014423 0.024038
0 0.549279 0.818510 0.016827 0.021635
0 0.575721 0.816106 0.021635 0.021635
0 0.594952 0.816106 0.016827 0.021635
0 0.610577 0.810096 0.014423 0.024038
0 0.643029 0.810096 0.016827 0.028846
0 0.686298 0.808894 0.021635 0.026442
0 0.705529 0.808894 0.021635 0.026442
0 0.492788 0.756010 0.014423 0.021635
0 0.506010 0.756010 0.012019 0.021635
0 0.521635 0.757212 0.014423 0.024038
0 0.537260 0.756010 0.012019 0.021635
0 0.568510 0.757212 0.016827 0.024038
0 0.586538 0.756010 0.019231 0.021635
0 0.794471 0.804087 0.021635 0.021635
0 0.814904 0.801683 0.014423 0.021635
0 0.831731 0.801683 0.014423 0.021635
0 0.802885 0.741587 0.014423 0.021635
0 0.818510 0.740385 0.016827 0.024038
0 0.834135 0.740385 0.014423 0.024038
0 0.850962 0.741587 0.014423 0.021635
0 0.929087 0.987981 0.026442 0.014423
0 0.987981 0.792067 0.014423 0.021635
0 0.927885 0.737981 0.014423 0.024038
0 0.944712 0.734375 0.014423 0.021635
0 0.959135 0.724760 0.014423 0.021635
0 0.974760 0.727163 0.016827 0.021635
0 0.991587 0.727163 0.012019 0.021635
0 0.443510 0.724760 0.026442 0.016827
0 0.430288 0.706731 0.019231 0.014423
0 0.429087 0.693510 0.021635 0.016827
0 0.400240 0.662260 0.021635 0.016827
0 0.381010 0.597356 0.031250 0.012019
0 0.381010 0.585337 0.031250 0.012019
0 0.381010 0.569712 0.031250 0.014423
0 0.378606 0.530048 0.031250 0.016827
0 0.373798 0.497596 0.040865 0.009615
0 0.366587 0.485577 0.031250 0.014423
0 0.365385 0.443510 0.033654 0.016827
0 0.378606 0.427885 0.031250 0.014423
0 0.385817 0.397837 0.021635 0.016827
0 0.385817 0.384615 0.021635 0.014423
0 0.396635 0.381010 0.033654 0.012019
0 0.396635 0.365385 0.033654 0.014423
0 0.413462 0.344952 0.028846 0.016827
0 0.724760 0.257212 0.016827 0.024038
0 0.741587 0.257212 0.016827 0.024038
0 0.866587 0.248798 0.016827 0.021635
0 0.896635 0.247596 0.019231 0.024038
0 0.691106 0.193510 0.016827 0.021635
0 0.524038 0.260817 0.019231 0.031250
0 0.543269 0.262019 0.019231 0.028846
0 0.963942 0.245192 0.019231 0.024038
0 0.686298 0.733173 0.016827 0.024038
0 0.618990 0.739183 0.016827 0.021635
0 0.377404 0.548077 0.033654 0.014423
