0 0.099219 0.554688 0.023438 0.015625
0 0.080469 0.592969 0.023438 0.014063
0 0.203125 0.590625 0.025000 0.012500
0 0.471094 0.587500 0.026562 0.009375
0 0.468750 0.567187 0.025000 0.009375
0 0.715625 0.603125 0.021875 0.012500
0 0.825000 0.609375 0.021875 0.009375
0 0.942969 0.605469 0.029687 0.014063
0 0.907813 0.635938 0.028125 0.012500
0 0.842969 0.643750 0.023438 0.012500
0 0.932813 0.679688 0.015625 0.021875
0 0.950000 0.750000 0.021875 0.021875
0 0.990625 0.749219 0.018750 0.017188
0 0.906250 0.784375 0.018750 0.021875
0 0.918750 0.909375 0.028125 0.018750
0 0.956250 0.943750 0.018750 0.021875
0 0.621094 0.656250 0.020313 0.025000
0 0.593750 0.659375 0.021875 0.028125
0 0.484375 0.652344 0.025000 0.026562
0 0.314063 0.712500 0.025000 0.021875
0 0.311719 0.634375 0.017188 0.021875
0 0.298438 0.634375 0.015625 0.021875
0 0.281250 0.634375 0.015625 0.021875
0 0.346875 0.746875 0.025000 0.021875
0 0.381250 0.751563 0.025000 0.018750
0 0.464844 0.753125 0.020313 0.018750
0 0.492969 0.758594 0.020313 0.014063
0 0.512500 0.712500 0.021875 0.021875
0 0.525000 0.720313 0.021875 0.025000
0 0.540625 0.721875 0.021875 0.021875
0 0.568750 0.720313 0.018750 0.018750
0 0.581250 0.720313 0.021875 0.021875
0 0.610938 0.707812 0.018750 0.021875
0 0.628125 0.709375 0.025000 0.025000
0 0.683594 0.710938 0.020313 0.021875
0 0.712500 0.714844 0.021875 0.023438
0 0.683594 0.728125 0.023438 0.018750
0 0.705469 0.752344 0.026562 0.014063
0 0.536719 0.765625 0.023438 0.021875
0 0.550000 0.767188 0.021875 0.018750
0 0.564844 0.764844 0.020313 0.017188
0 0.653125 0.765625 0.025000 0.021875
0 0.013281 0.846875 0.017188 0.034375
