0 0.334375 0.147656 0.028125 0.032813
0 0.310937 0.179688 0.018750 0.025000
0 0.470313 0.161719 0.021875 0.029687
0 0.497656 0.271875 0.014063 0.028125
0 0.369531 0.332813 0.029687 0.031250
0 0.352344 0.445312 0.026562 0.025000
0 0.521875 0.487500 0.028125 0.034375
0 0.510938 0.502344 0.018750 0.026562
0 0.424219 0.678906 0.020313 0.026562
0 0.414062 0.710156 0.018750 0.029687
0 0.516406 0.664062 0.017188 0.031250
0 0.566406 0.832031 0.023438 0.029687
0 0.555469 0.909375 0.029687 0.031250
0 0.709375 0.625781 0.021875 0.023438
