0 0.526442 0.066106 0.028846 0.016827
0 0.804087 0.069712 0.036058 0.014423
0 0.856971 0.086538 0.036058 0.019231
0 0.667067 0.110577 0.016827 0.024038
0 0.683894 0.110577 0.016827 0.024038
0 0.703125 0.114183 0.021635 0.026442
0 0.917067 0.135817 0.016827 0.021635
0 0.965144 0.132212 0.021635 0.024038
0 0.669471 0.209135 0.021635 0.019231
0 0.725962 0.217548 0.024038 0.021635
0 0.602163 0.191106 0.021635 0.016827
0 0.867788 0.475962 0.033654 0.019231
0 0.913462 0.475962 0.028846 0.019231
0 0.882212 0.974760 0.033654 0.016827
0 0.413462 0.944712 0.028846 0.014423
0 0.018029 0.129808 0.031250 0.028846
0 0.014423 0.699519 0.024038 0.033654
0 0.939904 0.281250 0.024038 0.028846
0 0.981971 0.287260 0.026442 0.031250
