0 0.381250 0.862500 0.025000 0.015625
0 0.471875 0.876563 0.034375 0.012500
0 0.574219 0.925000 0.020313 0.018750
0 0.778125 0.950000 0.018750 0.018750
0 0.778125 0.934375 0.018750 0.015625
0 0.778125 0.910156 0.018750 0.023438
0 0.787500 0.881250 0.018750 0.021875
0 0.800000 0.877344 0.015625 0.020313
0 0.811719 0.871875 0.010937 0.021875
0 0.818750 0.871875 0.009375 0.021875
0 0.835938 0.871875 0.018750 0.025000
0 0.859375 0.871875 0.015625 0.028125
0 0.871875 0.870313 0.021875 0.025000
0 0.890625 0.868750 0.015625 0.018750
0 0.908594 0.865625 0.023438 0.025000
0 0.925000 0.871094 0.012500 0.020313
