0 0.799219 0.917969 0.029687 0.014063
0 0.728125 0.945312 0.028125 0.018750
0 0.631250 0.935937 0.031250 0.012500
0 0.638281 0.953125 0.026562 0.012500
0 0.558594 0.947656 0.029687 0.014063
0 0.588281 0.959375 0.029687 0.012500
0 0.601562 0.971875 0.028125 0.012500
0 0.508594 0.952344 0.023438 0.026562
0 0.478906 0.953125 0.023438 0.025000
0 0.445312 0.815625 0.031250 0.031250
0 0.398438 0.628125 0.021875 0.028125
0 0.264844 0.761719 0.023438 0.023438
0 0.296094 0.748437 0.023438 0.025000
0 0.546875 0.665625 0.018750 0.012500
0 0.561719 0.695312 0.032813 0.012500
0 0.566406 0.704688 0.026562 0.012500
0 0.564063 0.717187 0.025000 0.012500
0 0.891406 0.890625 0.029687 0.015625
0 0.852344 0.532031 0.029687 0.017188
0 0.888281 0.557031 0.029687 0.014063
0 0.891406 0.610156 0.032813 0.020313
0 0.929688 0.517188 0.031250 0.015625
0 0.931250 0.527344 0.028125 0.017188
0 0.964844 0.535156 0.029687 0.017188
0 0.967187 0.550000 0.028125 0.018750
0 0.993750 0.679688 0.012500 0.012500
0 0.990625 0.771875 0.018750 0.018750
0 0.720313 0.420312 0.028125 0.015625
0 0.545312 0.124219 0.021875 0.020313
0 0.347656 0.333594 0.026562 0.023438
0 0.331250 0.405469 0.021875 0.026562
0 0.050781 0.064844 0.014063 0.023438
0 0.028125 0.063281 0.015625 0.023438
0 0.013281 0.062500 0.017188 0.025000
0 0.027344 0.019531 0.017188 0.020313
0 0.016406 0.017969 0.014063 0.023438
0 0.005469 0.018750 0.007812 0.018750
