0 0.391827 0.301683 0.028846 0.016827
0 0.735577 0.241587 0.033654 0.016827
0 0.778846 0.241587 0.024038 0.016827
0 0.894231 0.256010 0.028846 0.016827
0 0.717548 0.522837 0.040865 0.012019
0 0.788462 0.576923 0.033654 0.024038
0 0.712740 0.584135 0.031250 0.014423
0 0.923077 0.664663 0.028846 0.016827
0 0.830529 0.615385 0.031250 0.014423
0 0.804087 0.663462 0.031250 0.014423
0 0.804087 0.680288 0.026442 0.014423
0 0.819712 0.728365 0.024038 0.014423
0 0.737981 0.287260 0.033654 0.021635
0 0.656250 0.306490 0.038462 0.016827
