0 0.170313 0.035156 0.028125 0.023438
0 0.250781 0.053125 0.026562 0.021875
0 0.437500 0.035156 0.028125 0.029687
0 0.671875 0.196094 0.021875 0.023438
0 0.695312 0.216406 0.021875 0.023438
0 0.796875 0.107813 0.018750 0.025000
0 0.887500 0.111719 0.021875 0.023438
0 0.903906 0.163281 0.029687 0.023438
0 0.923438 0.207031 0.028125 0.020313
0 0.921875 0.217188 0.025000 0.018750
0 0.786719 0.238281 0.032813 0.017188
0 0.913281 0.453125 0.017188 0.025000
0 0.848437 0.457813 0.015625 0.037500
0 0.986719 0.492188 0.026562 0.021875
0 0.938281 0.539062 0.010937 0.025000
0 0.925000 0.542188 0.015625 0.025000
0 0.882031 0.523438 0.014063 0.021875
0 0.883594 0.544531 0.010937 0.017188
0 0.871094 0.537500 0.014063 0.021875
0 0.676562 0.514844 0.034375 0.023438
0 0.506250 0.283594 0.028125 0.029687
0 0.292187 0.324219 0.018750 0.023438
0 0.278125 0.313281 0.018750 0.020313
0 0.276562 0.332813 0.018750 0.021875
0 0.363281 0.424219 0.017188 0.026562
0 0.316406 0.429688 0.017188 0.021875
0 0.301563 0.413281 0.015625 0.020313
0 0.300781 0.431250 0.014063 0.015625
0 0.202344 0.292187 0.023438 0.021875
0 0.135937 0.245312 0.025000 0.018750
0 0.106250 0.193750 0.015625 0.021875
0 0.101562 0.218750 0.015625 0.021875
0 0.091406 0.198437 0.017188 0.025000
0 0.035156 0.223438 0.023438 0.028125
0 0.066406 0.350781 0.026562 0.023438
0 0.153906 0.388281 0.020313 0.023438
0 0.197656 0.399219 0.017188 0.020313
0 0.211719 0.408594 0.017188 0.020313
0 0.074219 0.420312 0.017188 0.021875
0 0.060937 0.426563 0.018750 0.021875
0 0.348438 0.614062 0.018750 0.025000
0 0.401562 0.621094 0.015625 0.023438
0 0.496094 0.625781 0.017188 0.023438
0 0.510938 0.620313 0.012500 0.018750
0 0.541406 0.629687 0.014063 0.025000
0 0.554688 0.636719 0.015625 0.023438
0 0.655469 0.650781 0.020313 0.029687
0 0.625000 0.671094 0.034375 0.017188
0 0.492969 0.715625 0.014063 0.025000
0 0.490625 0.735938 0.015625 0.021875
0 0.481250 0.721094 0.015625 0.023438
0 0.384375 0.714844 0.021875 0.032813
0 0.160938 0.684375 0.025000 0.015625
0 0.157031 0.744531 0.026562 0.017188
0 0.135937 0.777344 0.028125 0.010937
0 0.145313 0.789844 0.034375 0.014063
0 0.144531 0.896094 0.035937 0.017188
0 0.181250 0.936719 0.028125 0.017188
0 0.175000 0.954688 0.028125 0.015625
0 0.289062 0.935937 0.028125 0.015625
0 0.318750 0.939844 0.031250 0.017188
0 0.287500 0.890625 0.015625 0.021875
0 0.431250 0.925781 0.025000 0.014063
0 0.458594 0.899219 0.017188 0.026562
0 0.474219 0.903125 0.017188 0.021875
0 0.528125 0.901563 0.018750 0.025000
0 0.402344 0.978906 0.017188 0.026562
0 0.470313 0.975781 0.021875 0.023438
0 0.611719 0.981250 0.017188 0.025000
0 0.905469 0.924219 0.010937 0.023438
0 0.893750 0.916406 0.012500 0.023438
0 0.879687 0.991406 0.015625 0.017188
0 0.814844 0.994531 0.014063 0.010937
0 0.800000 0.991406 0.012500 0.017188
0 0.449219 0.405469 0.023438 0.029687
