0 0.458594 0.018750 0.010937 0.018750
0 0.455469 0.052344 0.010937 0.020313
0 0.465625 0.054688 0.015625 0.018750
0 0.496875 0.073438 0.009375 0.018750
0 0.477344 0.071094 0.010937 0.023438
0 0.465625 0.068750 0.009375 0.015625
0 0.456250 0.071875 0.009375 0.015625
0 0.528125 0.107813 0.012500 0.018750
0 0.496875 0.108594 0.012500 0.020313
0 0.478125 0.107813 0.015625 0.018750
0 0.453125 0.125000 0.015625 0.018750
0 0.468750 0.125000 0.012500 0.018750
0 0.500000 0.123438 0.009375 0.015625
0 0.508594 0.125000 0.010937 0.018750
0 0.520312 0.125000 0.009375 0.015625
0 0.458594 0.160938 0.010937 0.012500
0 0.500000 0.161719 0.012500 0.017188
0 0.510938 0.160938 0.009375 0.021875
0 0.518750 0.161719 0.009375 0.014063
0 0.553125 0.162500 0.012500 0.018750
0 0.532813 0.179688 0.015625 0.018750
0 0.481250 0.178125 0.012500 0.015625
0 0.461719 0.179688 0.014063 0.018750
0 0.471875 0.215625 0.015625 0.018750
0 0.473438 0.340625 0.015625 0.015625
0 0.093750 0.282813 0.021875 0.009375
0 0.093750 0.264844 0.018750 0.007812
0 0.093750 0.237500 0.018750 0.006250
0 0.092969 0.228125 0.020313 0.006250
0 0.090625 0.218750 0.021875 0.006250
0 0.090625 0.212500 0.021875 0.006250
0 0.090625 0.205469 0.021875 0.007812
0 0.321875 0.389844 0.009375 0.017188
0 0.334375 0.392969 0.009375 0.017188
0 0.348438 0.393750 0.012500 0.018750
0 0.243750 0.430469 0.009375 0.017188
0 0.193750 0.405469 0.018750 0.007812
0 0.196875 0.418750 0.018750 0.009375
0 0.193750 0.434375 0.025000 0.009375
0 0.193750 0.478125 0.018750 0.009375
0 0.215625 0.492188 0.015625 0.021875
0 0.158594 0.390625 0.020313 0.012500
0 0.136719 0.299219 0.017188 0.007812
0 0.139844 0.289844 0.017188 0.007812
0 0.139063 0.274219 0.018750 0.007812
0 0.140625 0.259375 0.018750 0.006250
0 0.140625 0.251563 0.018750 0.006250
0 0.137500 0.243750 0.015625 0.006250
0 0.065625 0.399219 0.015625 0.020313
0 0.065625 0.446875 0.012500 0.015625
0 0.067969 0.628125 0.014063 0.015625
0 0.048438 0.659375 0.012500 0.021875
0 0.400000 0.711719 0.012500 0.020313
0 0.418750 0.712500 0.015625 0.021875
0 0.846875 0.109375 0.025000 0.012500
0 0.858594 0.140625 0.014063 0.015625
0 0.253125 0.430469 0.009375 0.014063
0 0.265625 0.432812 0.012500 0.015625
0 0.276562 0.432812 0.009375 0.015625
0 0.285938 0.432812 0.009375 0.015625
0 0.296094 0.432812 0.010937 0.015625
0 0.305469 0.432812 0.010937 0.018750
0 0.315625 0.432812 0.009375 0.018750
0 0.327344 0.432812 0.010937 0.018750
0 0.337500 0.432031 0.009375 0.017188
0 0.256250 0.450781 0.012500 0.017188
0 0.285156 0.449219 0.014063 0.017188
0 0.296875 0.450781 0.012500 0.017188
