0 0.217188 0.321875 0.031250 0.015625
0 0.361719 0.285938 0.029687 0.015625
0 0.404687 0.236719 0.034375 0.010937
0 0.609375 0.200781 0.031250 0.020313
0 0.739062 0.228906 0.034375 0.020313
0 0.764062 0.118750 0.040625 0.018750
0 0.386719 0.200781 0.023438 0.017188
0 0.392188 0.212500 0.021875 0.012500
0 0.346094 0.228125 0.020313 0.021875
0 0.301563 0.171875 0.021875 0.009375
0 0.308594 0.182812 0.029687 0.012500
0 0.310937 0.191406 0.031250 0.010937
0 0.312500 0.203906 0.028125 0.010937
0 0.318750 0.215625 0.028125 0.015625
0 0.173437 0.032813 0.015625 0.021875
0 0.185938 0.037500 0.012500 0.021875
0 0.169531 0.058594 0.029687 0.014063
0 0.182031 0.067187 0.029687 0.012500
0 0.182812 0.077344 0.031250 0.010937
0 0.176563 0.149219 0.025000 0.017188
0 0.173437 0.160938 0.034375 0.018750
0 0.175781 0.187500 0.026562 0.021875
0 0.171094 0.216406 0.023438 0.020313
0 0.162500 0.237500 0.018750 0.021875
0 0.135156 0.239063 0.026562 0.021875
0 0.128906 0.137500 0.029687 0.018750
0 0.136719 0.035156 0.014063 0.026562
0 0.119531 0.036719 0.020313 0.026562
0 0.107813 0.026562 0.015625 0.018750
0 0.086719 0.053125 0.026562 0.028125
0 0.071875 0.059375 0.025000 0.009375
0 0.071094 0.067969 0.026562 0.010937
0 0.069531 0.075781 0.029687 0.014063
0 0.071875 0.085938 0.021875 0.009375
0 0.073438 0.093750 0.021875 0.012500
0 0.071875 0.106250 0.031250 0.012500
0 0.071094 0.119531 0.017188 0.010937
0 0.070312 0.130469 0.018750 0.014063
0 0.068750 0.143750 0.028125 0.012500
0 0.065625 0.154688 0.025000 0.015625
0 0.071094 0.170313 0.023438 0.012500
0 0.070312 0.182812 0.018750 0.012500
0 0.067187 0.210938 0.025000 0.015625
0 0.066406 0.223438 0.026562 0.012500
0 0.065625 0.235937 0.028125 0.012500
0 0.070312 0.259375 0.028125 0.012500
0 0.014844 0.078906 0.026562 0.020313
0 0.014063 0.143750 0.025000 0.015625
0 0.010937 0.181250 0.018750 0.009375
0 0.010937 0.195312 0.018750 0.012500
0 0.010156 0.205469 0.017188 0.010937
0 0.010937 0.224219 0.018750 0.020313
0 0.007031 0.238281 0.010937 0.007812
