0 0.027344 0.075000 0.020313 0.025000
0 0.017969 0.195312 0.020313 0.025000
0 0.104688 0.107031 0.025000 0.014063
0 0.100000 0.161719 0.028125 0.010937
0 0.096094 0.181250 0.029687 0.012500
0 0.139844 0.207031 0.020313 0.023438
0 0.128906 0.017188 0.014063 0.025000
0 0.150781 0.015625 0.014063 0.021875
0 0.164844 0.017969 0.017188 0.020313
0 0.179688 0.019531 0.012500 0.023438
0 0.201563 0.021094 0.015625 0.026562
0 0.215625 0.021094 0.015625 0.023438
0 0.228906 0.021875 0.014063 0.021875
0 0.173437 0.078906 0.028125 0.014063
0 0.175000 0.087500 0.025000 0.012500
0 0.177344 0.106250 0.029687 0.012500
0 0.178125 0.125781 0.025000 0.010937
0 0.267969 0.094531 0.029687 0.010937
0 0.267969 0.107031 0.026562 0.007812
0 0.270313 0.125781 0.025000 0.010937
0 0.270313 0.152344 0.028125 0.014063
0 0.339844 0.241406 0.035937 0.010937
0 0.730469 0.193750 0.026562 0.015625
0 0.803125 0.249219 0.031250 0.023438
0 0.882031 0.187500 0.023438 0.018750
0 0.864844 0.192188 0.026562 0.021875
0 0.853906 0.200781 0.026562 0.017188
0 0.860156 0.214062 0.029687 0.018750
0 0.867188 0.230469 0.034375 0.017188
0 0.920312 0.239844 0.034375 0.020313
0 0.925000 0.226562 0.031250 0.018750
0 0.925781 0.219531 0.026562 0.017188
0 0.921094 0.180469 0.026562 0.014063
0 0.582031 0.595313 0.026562 0.012500
0 0.581250 0.605469 0.031250 0.010937
0 0.576562 0.664844 0.034375 0.017188
0 0.637500 0.675000 0.025000 0.012500
0 0.577344 0.708594 0.017188 0.023438
0 0.599219 0.728125 0.014063 0.025000
0 0.544531 0.711719 0.017188 0.029687
0 0.521094 0.713281 0.017188 0.020313
0 0.491406 0.610156 0.017188 0.026562
0 0.478125 0.608594 0.015625 0.023438
0 0.460938 0.610938 0.015625 0.025000
0 0.439063 0.614062 0.018750 0.021875
0 0.418750 0.615625 0.015625 0.025000
0 0.379688 0.623437 0.018750 0.018750
0 0.355469 0.621094 0.020313 0.020313
0 0.407031 0.663281 0.017188 0.026562
0 0.430469 0.662500 0.020313 0.025000
0 0.444531 0.662500 0.017188 0.028125
0 0.460156 0.657813 0.014063 0.025000
0 0.470313 0.657813 0.015625 0.025000
0 0.250781 0.985156 0.026562 0.020313
0 0.172656 0.941406 0.029687 0.029687
0 0.077344 0.747656 0.023438 0.023438
0 0.014844 0.582812 0.023438 0.028125
0 0.149219 0.416406 0.020313 0.026562
0 0.164062 0.414844 0.018750 0.020313
0 0.208594 0.410938 0.017188 0.028125
0 0.225781 0.408594 0.014063 0.026562
0 0.666406 0.118750 0.032813 0.021875
0 0.610938 0.104688 0.034375 0.018750
