0 0.270313 0.174219 0.015625 0.017188
0 0.418750 0.089844 0.015625 0.017188
0 0.431250 0.146875 0.012500 0.015625
0 0.443750 0.146875 0.012500 0.018750
0 0.415625 0.259375 0.012500 0.015625
0 0.443750 0.248438 0.009375 0.012500
0 0.558594 0.187500 0.007812 0.018750
0 0.514844 0.242969 0.010937 0.014063
0 0.527344 0.243750 0.010937 0.012500
0 0.530469 0.259375 0.010937 0.018750
0 0.814844 0.236719 0.014063 0.020313
0 0.850000 0.259375 0.018750 0.018750
0 0.768750 0.486719 0.009375 0.014063
0 0.862500 0.500000 0.015625 0.015625
0 0.815625 0.653125 0.021875 0.015625
0 0.521094 0.792969 0.014063 0.014063
0 0.587500 0.790625 0.018750 0.018750
0 0.727344 0.859375 0.014063 0.018750
0 0.633594 0.875000 0.017188 0.012500
0 0.968750 0.353125 0.009375 0.009375
0 0.921875 0.152344 0.009375 0.017188
0 0.975000 0.727344 0.009375 0.017188
0 0.952344 0.796875 0.010937 0.009375
0 0.978125 0.818750 0.012500 0.018750
0 0.659375 0.846875 0.009375 0.018750
0 0.671875 0.846094 0.012500 0.023438
0 0.375000 0.981250 0.015625 0.009375
