0 0.661719 0.440625 0.023438 0.012500
0 0.607812 0.470313 0.028125 0.015625
0 0.824219 0.509375 0.017188 0.021875
0 0.568750 0.554688 0.028125 0.015625
0 0.496875 0.545312 0.025000 0.012500
0 0.501563 0.559375 0.018750 0.009375
0 0.480469 0.583594 0.017188 0.023438
0 0.425781 0.582031 0.017188 0.017188
0 0.348438 0.573438 0.021875 0.021875
0 0.270313 0.571094 0.018750 0.023438
0 0.250000 0.568750 0.018750 0.025000
0 0.184375 0.565625 0.015625 0.028125
0 0.160156 0.564844 0.023438 0.023438
0 0.252344 0.603906 0.026562 0.010937
0 0.460938 0.952344 0.018750 0.026562
0 0.496875 0.953125 0.015625 0.021875
0 0.505469 0.953125 0.014063 0.025000
0 0.517969 0.954688 0.017188 0.021875
0 0.463281 0.993750 0.010937 0.012500
0 0.476562 0.994531 0.015625 0.010937
0 0.500000 0.995313 0.015625 0.009375
0 0.512500 0.995313 0.018750 0.009375
0 0.547656 0.994531 0.017188 0.010937
0 0.564063 0.995313 0.015625 0.009375
0 0.111719 0.912500 0.023438 0.015625
0 0.124219 0.926562 0.029687 0.012500
0 0.117188 0.935937 0.028125 0.012500
0 0.122656 0.946875 0.020313 0.012500
0 0.120313 0.958594 0.021875 0.014063
0 0.049219 0.960156 0.029687 0.017188
0 0.053906 0.978906 0.029687 0.014063
0 0.051562 0.992188 0.031250 0.012500
