0 0.091406 0.004687 0.023438 0.006250
0 0.092969 0.015625 0.029687 0.015625
0 0.088281 0.029687 0.026562 0.012500
0 0.086719 0.050000 0.023438 0.009375
0 0.086719 0.060156 0.023438 0.010937
0 0.182812 0.046875 0.015625 0.018750
0 0.225781 0.048438 0.014063 0.025000
0 0.212500 0.046094 0.012500 0.017188
0 0.200000 0.046094 0.012500 0.020313
0 0.492188 0.187500 0.009375 0.021875
0 0.475781 0.095312 0.029687 0.012500
0 0.479687 0.085156 0.025000 0.010937
0 0.481250 0.075781 0.025000 0.010937
0 0.482031 0.067969 0.023438 0.007812
0 0.485156 0.060156 0.026562 0.010937
0 0.489844 0.041406 0.026562 0.010937
0 0.493750 0.032031 0.025000 0.010937
0 0.494531 0.021875 0.026562 0.009375
0 0.498437 0.012500 0.025000 0.009375
0 0.569531 0.008594 0.023438 0.010937
0 0.568750 0.017188 0.025000 0.009375
0 0.561719 0.025781 0.026562 0.007812
0 0.560937 0.032813 0.025000 0.009375
0 0.550000 0.063281 0.028125 0.010937
0 0.547656 0.081250 0.023438 0.009375
0 0.545312 0.089844 0.025000 0.007812
0 0.545312 0.098437 0.028125 0.009375
0 0.963281 0.024219 0.017188 0.020313
0 0.974219 0.022656 0.010937 0.017188
0 0.910937 0.325000 0.021875 0.012500
0 0.885938 0.323437 0.025000 0.012500
0 0.885156 0.332813 0.029687 0.009375
0 0.879687 0.350781 0.025000 0.010937
0 0.879687 0.359375 0.025000 0.009375
0 0.880469 0.367969 0.026562 0.010937
0 0.827344 0.358594 0.026562 0.010937
