0 0.559375 0.200000 0.025000 0.012500
0 0.518750 0.142969 0.025000 0.014063
0 0.431250 0.137500 0.034375 0.012500
0 0.486719 0.189844 0.020313 0.029687
0 0.540625 0.006250 0.031250 0.009375
0 0.440625 0.011719 0.025000 0.014063
0 0.446875 0.021875 0.028125 0.015625
0 0.446875 0.042188 0.028125 0.012500
0 0.424219 0.076563 0.029687 0.012500
0 0.421875 0.065625 0.031250 0.012500
0 0.421094 0.050000 0.035937 0.015625
0 0.418750 0.037500 0.025000 0.006250
0 0.415625 0.031250 0.021875 0.003125
0 0.412500 0.023438 0.031250 0.009375
