0 0.349219 0.417969 0.020313 0.010937
0 0.351562 0.435937 0.025000 0.009375
0 0.350781 0.446094 0.023438 0.010937
0 0.351562 0.453906 0.025000 0.010937
0 0.467187 0.545312 0.012500 0.021875
0 0.480469 0.546875 0.010937 0.021875
0 0.489063 0.548438 0.009375 0.018750
0 0.498437 0.548438 0.012500 0.021875
0 0.353906 0.543750 0.020313 0.012500
0 0.341406 0.557031 0.023438 0.014063
0 0.336719 0.565625 0.020313 0.012500
0 0.305469 0.598437 0.023438 0.015625
0 0.296875 0.607031 0.025000 0.014063
0 0.287500 0.622656 0.021875 0.017188
0 0.279687 0.629687 0.025000 0.015625
0 0.265625 0.644531 0.021875 0.014063
0 0.262500 0.652344 0.021875 0.014063
0 0.257031 0.660156 0.023438 0.014063
0 0.363281 0.609375 0.020313 0.012500
0 0.356250 0.617969 0.021875 0.014063
0 0.296094 0.685937 0.023438 0.015625
0 0.049219 0.774219 0.014063 0.020313
0 0.071875 0.778125 0.012500 0.018750
0 0.092969 0.778125 0.014063 0.018750
0 0.106250 0.777344 0.012500 0.017188
0 0.127344 0.780469 0.014063 0.020313
0 0.139844 0.780469 0.014063 0.017188
0 0.153125 0.782031 0.009375 0.017188
0 0.164062 0.781250 0.012500 0.018750
0 0.185156 0.783594 0.010937 0.020313
0 0.196094 0.783594 0.010937 0.020313
0 0.217969 0.785937 0.010937 0.018750
0 0.032031 0.818750 0.010937 0.015625
0 0.042969 0.817969 0.010937 0.017188
0 0.065625 0.817969 0.009375 0.017188
0 0.078125 0.818750 0.012500 0.018750
0 0.091406 0.816406 0.010937 0.017188
0 0.123438 0.818750 0.009375 0.018750
0 0.135156 0.821094 0.010937 0.017188
0 0.170313 0.822656 0.012500 0.017188
0 0.546094 0.720313 0.020313 0.018750
0 0.532031 0.728906 0.020313 0.020313
0 0.517969 0.739062 0.020313 0.018750
0 0.506250 0.743750 0.018750 0.021875
0 0.421875 0.832812 0.012500 0.018750
0 0.692187 0.692969 0.021875 0.020313
0 0.673438 0.703125 0.018750 0.018750
0 0.316406 0.918750 0.023438 0.009375
0 0.317188 0.929688 0.025000 0.009375
0 0.314844 0.937500 0.023438 0.009375
0 0.310937 0.953125 0.025000 0.009375
0 0.311719 0.960938 0.023438 0.006250
0 0.310156 0.968750 0.029687 0.009375
0 0.311719 0.978125 0.026562 0.009375
0 0.364063 0.981250 0.025000 0.009375
