0 0.725000 0.906250 0.025000 0.015625
0 0.714063 0.910156 0.018750 0.017188
0 0.732031 0.921875 0.023438 0.018750
0 0.722656 0.932813 0.017188 0.012500
0 0.703125 0.919531 0.018750 0.014063
0 0.692187 0.925781 0.018750 0.014063
0 0.709375 0.939844 0.015625 0.017188
0 0.736719 0.957812 0.020313 0.009375
0 0.758594 0.950781 0.023438 0.020313
0 0.676562 0.945312 0.015625 0.015625
0 0.665625 0.952344 0.015625 0.017188
0 0.678125 0.962500 0.018750 0.018750
0 0.650781 0.964063 0.014063 0.015625
0 0.663281 0.976562 0.014063 0.015625
0 0.654687 0.983594 0.018750 0.014063
0 0.638281 0.972656 0.020313 0.017188
0 0.628906 0.981250 0.020313 0.018750
0 0.577344 0.990625 0.020313 0.018750
0 0.636719 0.996875 0.014063 0.006250
0 0.647656 0.993750 0.017188 0.012500
