0 0.618750 0.011719 0.021875 0.014063
0 0.618750 0.021094 0.028125 0.014063
0 0.618750 0.028125 0.028125 0.009375
0 0.617188 0.037500 0.028125 0.015625
0 0.620313 0.050000 0.028125 0.009375
0 0.618750 0.075000 0.025000 0.015625
0 0.620313 0.086719 0.031250 0.014063
0 0.400000 0.142969 0.025000 0.014063
0 0.625000 0.286719 0.018750 0.020313
0 0.721094 0.534375 0.017188 0.018750
0 0.765625 0.815625 0.021875 0.012500
0 0.985938 0.943750 0.021875 0.012500
0 0.996875 0.929688 0.006250 0.015625
0 0.918750 0.965625 0.012500 0.018750
0 0.928125 0.967969 0.012500 0.017188
0 0.939063 0.968750 0.012500 0.018750
0 0.949219 0.970313 0.010937 0.015625
0 0.959375 0.968750 0.006250 0.015625
0 0.968750 0.971875 0.015625 0.018750
0 0.980469 0.971875 0.010937 0.018750
0 0.987500 0.970313 0.009375 0.018750
0 0.996094 0.971094 0.007812 0.020313
0 0.929688 0.987500 0.012500 0.021875
0 0.959375 0.986719 0.012500 0.020313
0 0.971875 0.987500 0.012500 0.015625
0 0.633594 0.934375 0.017188 0.018750
0 0.551562 0.918750 0.009375 0.015625
0 0.603125 0.700000 0.015625 0.021875
0 0.696875 0.699219 0.021875 0.020313
0 0.725000 0.696875 0.009375 0.018750
0 0.751563 0.711719 0.015625 0.007812
0 0.751563 0.717187 0.012500 0.006250
0 0.753125 0.727344 0.018750 0.007812
0 0.753125 0.735938 0.021875 0.009375
0 0.762500 0.771094 0.021875 0.007812
0 0.764062 0.762500 0.025000 0.009375
0 0.762500 0.753125 0.021875 0.006250
0 0.867969 0.940625 0.020313 0.009375
0 0.868750 0.956250 0.018750 0.012500
0 0.868750 0.971875 0.028125 0.015625
0 0.333594 0.626563 0.010937 0.018750
0 0.193750 0.531250 0.018750 0.021875
0 0.203125 0.585938 0.012500 0.015625
0 0.215625 0.585938 0.015625 0.021875
0 0.287500 0.682813 0.009375 0.018750
0 0.302344 0.684375 0.014063 0.018750
0 0.300000 0.700000 0.015625 0.018750
0 0.217969 0.686719 0.014063 0.017188
0 0.187500 0.699219 0.018750 0.023438
0 0.046094 0.612500 0.017188 0.018750
0 0.158594 0.780469 0.017188 0.010937
0 0.582812 0.678125 0.025000 0.018750
