0 0.317969 0.024219 0.026562 0.014063
0 0.321875 0.040625 0.025000 0.012500
0 0.317969 0.050000 0.026562 0.009375
0 0.318750 0.062500 0.028125 0.015625
0 0.380469 0.003906 0.026562 0.004687
0 0.381250 0.012500 0.025000 0.009375
0 0.380469 0.021875 0.026562 0.006250
0 0.696094 0.014063 0.017188 0.025000
0 0.731250 0.015625 0.018750 0.021875
0 0.749219 0.018750 0.017188 0.018750
0 0.698438 0.059375 0.012500 0.025000
0 0.712500 0.058594 0.015625 0.023438
0 0.731250 0.058594 0.015625 0.023438
0 0.745313 0.058594 0.015625 0.023438
0 0.776563 0.061719 0.015625 0.023438
0 0.790625 0.062500 0.015625 0.021875
0 0.525000 0.365625 0.025000 0.025000
0 0.489844 0.364844 0.014063 0.020313
0 0.478125 0.361719 0.012500 0.020313
0 0.456250 0.364844 0.015625 0.026562
0 0.439063 0.425000 0.018750 0.025000
0 0.364063 0.421875 0.012500 0.021875
0 0.306250 0.418750 0.012500 0.021875
0 0.246094 0.412500 0.017188 0.025000
0 0.109375 0.446875 0.028125 0.015625
0 0.156250 0.633594 0.018750 0.023438
0 0.196875 0.525000 0.025000 0.009375
0 0.199219 0.556250 0.023438 0.009375
0 0.586719 0.456250 0.026562 0.015625
0 0.580469 0.530469 0.023438 0.014063
0 0.579688 0.568750 0.021875 0.012500
0 0.574219 0.578125 0.023438 0.009375
0 0.579688 0.587500 0.025000 0.009375
0 0.575000 0.612500 0.025000 0.012500
0 0.489844 0.718750 0.017188 0.018750
0 0.458594 0.714844 0.014063 0.020313
0 0.511719 0.792188 0.014063 0.021875
0 0.434375 0.784375 0.018750 0.028125
0 0.400000 0.778125 0.018750 0.028125
0 0.390625 0.785937 0.018750 0.025000
0 0.327344 0.775000 0.017188 0.025000
0 0.283594 0.762500 0.020313 0.034375
0 0.296094 0.783594 0.020313 0.029687
0 0.259375 0.767969 0.025000 0.035937
0 0.050000 0.771094 0.021875 0.017188
0 0.036719 0.778125 0.026562 0.018750
0 0.114844 0.824219 0.026562 0.023438
0 0.115625 0.776563 0.025000 0.025000
0 0.321875 0.959375 0.025000 0.025000
0 0.309375 0.964063 0.025000 0.018750
0 0.283594 0.980469 0.023438 0.017188
0 0.267188 0.729688 0.025000 0.012500
0 0.217188 0.700000 0.018750 0.021875
0 0.123438 0.521875 0.028125 0.012500
0 0.097656 0.523438 0.026562 0.012500
