0 0.023438 0.078125 0.015625 0.018750
0 0.076563 0.060937 0.015625 0.018750
0 0.100000 0.073438 0.015625 0.021875
0 0.100781 0.120313 0.014063 0.018750
0 0.078125 0.121875 0.012500 0.018750
0 0.057813 0.120313 0.015625 0.021875
0 0.079687 0.141406 0.015625 0.023438
0 0.096875 0.403125 0.012500 0.018750
0 0.046875 0.570312 0.025000 0.012500
0 0.567187 0.739844 0.015625 0.020313
0 0.589063 0.739844 0.012500 0.017188
0 0.628906 0.016406 0.017188 0.026562
0 0.643750 0.020313 0.012500 0.018750
0 0.653906 0.033594 0.014063 0.017188
0 0.721094 0.035937 0.014063 0.018750
0 0.710156 0.077344 0.014063 0.020313
0 0.678906 0.075781 0.010937 0.017188
0 0.667969 0.074219 0.010937 0.017188
0 0.655469 0.076563 0.010937 0.018750
0 0.629687 0.076563 0.015625 0.021875
0 0.631250 0.098437 0.012500 0.018750
0 0.643750 0.094531 0.009375 0.014063
0 0.653906 0.092969 0.010937 0.017188
0 0.678906 0.091406 0.010937 0.017188
0 0.689063 0.092188 0.012500 0.021875
0 0.632812 0.137500 0.012500 0.018750
0 0.646094 0.135156 0.014063 0.017188
0 0.666406 0.136719 0.010937 0.014063
0 0.680469 0.135937 0.014063 0.018750
0 0.692187 0.133594 0.012500 0.017188
0 0.735938 0.135937 0.012500 0.018750
0 0.714063 0.153125 0.012500 0.021875
0 0.679688 0.153906 0.012500 0.020313
0 0.656250 0.153906 0.009375 0.017188
0 0.646094 0.153906 0.014063 0.017188
0 0.631250 0.153906 0.009375 0.014063
0 0.633594 0.194531 0.010937 0.020313
0 0.635938 0.250781 0.012500 0.020313
0 0.648438 0.330469 0.015625 0.020313
0 0.510156 0.389844 0.014063 0.017188
0 0.496094 0.389844 0.010937 0.017188
0 0.483594 0.389062 0.010937 0.021875
0 0.500000 0.431250 0.009375 0.015625
0 0.489063 0.431250 0.009375 0.015625
0 0.476562 0.432031 0.009375 0.020313
0 0.466406 0.432812 0.010937 0.015625
0 0.453906 0.432812 0.010937 0.018750
0 0.440625 0.431250 0.009375 0.015625
0 0.431250 0.430469 0.009375 0.014063
0 0.421094 0.432812 0.010937 0.018750
0 0.408594 0.430469 0.010937 0.017188
0 0.410156 0.450781 0.010937 0.017188
0 0.441406 0.450000 0.010937 0.018750
0 0.455469 0.453125 0.014063 0.018750
0 0.350781 0.408594 0.023438 0.010937
0 0.352344 0.426563 0.023438 0.009375
0 0.352344 0.491406 0.023438 0.014063
0 0.375781 0.507031 0.017188 0.026562
0 0.242969 0.308594 0.020313 0.010937
0 0.241406 0.292969 0.020313 0.007812
0 0.240625 0.283594 0.025000 0.010937
0 0.240625 0.275000 0.021875 0.009375
0 0.240625 0.265625 0.025000 0.009375
0 0.242188 0.255469 0.028125 0.010937
0 0.239844 0.225000 0.020313 0.009375
0 0.239063 0.215625 0.021875 0.009375
0 0.238281 0.205469 0.023438 0.007812
0 0.238281 0.196094 0.023438 0.007812
0 0.239844 0.180469 0.023438 0.010937
0 0.240625 0.172656 0.021875 0.007812
0 0.240625 0.162500 0.021875 0.006250
0 0.239063 0.154688 0.025000 0.009375
0 0.239063 0.146875 0.025000 0.006250
0 0.240625 0.138281 0.025000 0.010937
0 0.240625 0.129688 0.025000 0.009375
0 0.301563 0.309375 0.025000 0.009375
0 0.300000 0.300000 0.025000 0.009375
0 0.292187 0.291406 0.028125 0.007812
0 0.294531 0.282031 0.023438 0.007812
0 0.295312 0.273438 0.025000 0.009375
0 0.290625 0.265625 0.028125 0.009375
0 0.292969 0.257031 0.026562 0.007812
0 0.292969 0.249219 0.026562 0.007812
0 0.292969 0.239844 0.026562 0.007812
0 0.292969 0.232031 0.026562 0.007812
0 0.236719 0.005469 0.026562 0.007812
0 0.236719 0.014844 0.023438 0.007812
0 0.236719 0.024219 0.026562 0.007812
0 0.238281 0.032031 0.029687 0.007812
0 0.236719 0.040625 0.026562 0.009375
0 0.237500 0.050000 0.025000 0.006250
0 0.239063 0.057813 0.025000 0.006250
