0 0.262500 0.096094 0.025000 0.014063
0 0.415625 0.162500 0.021875 0.009375
0 0.409375 0.176563 0.021875 0.012500
0 0.408594 0.187500 0.023438 0.009375
0 0.465625 0.202344 0.021875 0.010937
0 0.465625 0.190625 0.025000 0.009375
0 0.301563 0.189844 0.025000 0.017188
0 0.428125 0.267188 0.025000 0.018750
0 0.546875 0.260937 0.025000 0.009375
0 0.581250 0.259375 0.028125 0.015625
0 0.529687 0.287500 0.025000 0.009375
0 0.605469 0.283594 0.026562 0.010937
0 0.595313 0.348438 0.028125 0.015625
0 0.595313 0.361719 0.021875 0.010937
0 0.465625 0.323437 0.021875 0.015625
0 0.714844 0.228125 0.023438 0.009375
0 0.671875 0.242969 0.025000 0.010937
0 0.645312 0.252344 0.021875 0.010937
0 0.502344 0.473438 0.014063 0.021875
0 0.511719 0.478125 0.020313 0.025000
0 0.349219 0.487500 0.020313 0.018750
0 0.254688 0.453125 0.028125 0.012500
0 0.253125 0.481250 0.025000 0.015625
0 0.243750 0.503125 0.025000 0.012500
0 0.242188 0.515625 0.028125 0.009375
0 0.240625 0.524219 0.025000 0.010937
0 0.239844 0.531250 0.023438 0.012500
0 0.232813 0.546875 0.028125 0.012500
0 0.267969 0.521875 0.017188 0.018750
0 0.303125 0.524219 0.015625 0.020313
0 0.318750 0.527344 0.015625 0.023438
0 0.336719 0.531250 0.017188 0.021875
0 0.348438 0.534375 0.015625 0.018750
0 0.361719 0.533594 0.010937 0.017188
0 0.434375 0.580469 0.015625 0.020313
0 0.418750 0.615625 0.018750 0.018750
0 0.561719 0.531250 0.026562 0.015625
0 0.600000 0.631250 0.025000 0.018750
0 0.656250 0.646094 0.021875 0.017188
0 0.642969 0.652344 0.020313 0.020313
0 0.636719 0.660937 0.023438 0.021875
0 0.626563 0.668750 0.021875 0.021875
0 0.461719 0.678125 0.023438 0.015625
0 0.506250 0.700000 0.021875 0.015625
0 0.150000 0.611719 0.025000 0.014063
0 0.284375 0.643750 0.025000 0.012500
0 0.305469 0.637500 0.020313 0.012500
0 0.321875 0.642969 0.021875 0.014063
0 0.350000 0.646875 0.025000 0.015625
0 0.364063 0.677344 0.021875 0.014063
0 0.414844 0.681250 0.023438 0.015625
0 0.456250 0.706250 0.025000 0.015625
0 0.481250 0.715625 0.025000 0.018750
0 0.503125 0.729688 0.025000 0.015625
0 0.581250 0.783594 0.021875 0.020313
0 0.242969 0.656250 0.026562 0.012500
0 0.171875 0.646875 0.021875 0.012500
0 0.196875 0.734375 0.028125 0.012500
0 0.148438 0.731250 0.025000 0.009375
0 0.146875 0.740625 0.025000 0.009375
0 0.142969 0.750000 0.023438 0.009375
0 0.136719 0.762500 0.026562 0.012500
0 0.243750 0.776563 0.015625 0.018750
0 0.259375 0.777344 0.015625 0.020313
0 0.275000 0.778125 0.018750 0.018750
0 0.289844 0.783594 0.020313 0.020313
0 0.299219 0.828125 0.026562 0.021875
0 0.178125 0.784375 0.031250 0.015625
0 0.171094 0.808594 0.023438 0.010937
0 0.411719 0.818750 0.017188 0.021875
0 0.434375 0.842969 0.012500 0.020313
0 0.443750 0.846094 0.015625 0.020313
0 0.453125 0.852344 0.015625 0.017188
0 0.375000 0.856250 0.015625 0.021875
0 0.384375 0.862500 0.018750 0.021875
0 0.400000 0.871875 0.021875 0.025000
0 0.412500 0.878125 0.021875 0.025000
