0 0.856250 0.275000 0.018750 0.021875
0 0.860938 0.315625 0.025000 0.025000
0 0.806250 0.353125 0.015625 0.018750
0 0.807813 0.371875 0.021875 0.018750
0 0.767188 0.411719 0.018750 0.026562
0 0.605469 0.542969 0.023438 0.023438
0 0.633594 0.574219 0.023438 0.023438
0 0.573438 0.605469 0.018750 0.020313
0 0.589844 0.690625 0.017188 0.021875
0 0.523438 0.714844 0.018750 0.023438
0 0.537500 0.737500 0.018750 0.021875
0 0.515625 0.800000 0.021875 0.018750
0 0.499219 0.829688 0.017188 0.021875
0 0.500000 0.880469 0.021875 0.035937
0 0.527344 0.903125 0.023438 0.028125
0 0.679688 0.028125 0.018750 0.009375
0 0.675000 0.042969 0.021875 0.007812
0 0.675000 0.049219 0.021875 0.007812
0 0.675000 0.058594 0.018750 0.007812
0 0.675000 0.065625 0.021875 0.006250
0 0.674219 0.086719 0.020313 0.007812
0 0.671875 0.093750 0.021875 0.006250
0 0.671875 0.103125 0.021875 0.009375
0 0.667969 0.131250 0.023438 0.009375
0 0.667969 0.140625 0.023438 0.009375
0 0.667969 0.156250 0.020313 0.009375
0 0.667969 0.171875 0.026562 0.009375
0 0.660937 0.179688 0.025000 0.006250
0 0.664844 0.225000 0.023438 0.009375
0 0.660937 0.234375 0.025000 0.006250
0 0.602344 0.234375 0.017188 0.006250
0 0.568750 0.093750 0.012500 0.012500
0 0.564063 0.136719 0.012500 0.014063
0 0.554688 0.056250 0.012500 0.018750
0 0.556250 0.073438 0.012500 0.018750
0 0.552344 0.100000 0.014063 0.015625
0 0.550000 0.120313 0.009375 0.015625
0 0.510938 0.153125 0.025000 0.009375
0 0.462500 0.168750 0.021875 0.021875
0 0.596875 0.243750 0.021875 0.009375
0 0.596875 0.255469 0.025000 0.007812
0 0.596875 0.259375 0.018750 0.009375
0 0.596094 0.271094 0.023438 0.010937
0 0.596094 0.280469 0.023438 0.007812
0 0.596875 0.289844 0.018750 0.007812
0 0.595313 0.299219 0.021875 0.007812
0 0.592969 0.308594 0.020313 0.007812
0 0.596094 0.317969 0.023438 0.004687
0 0.592969 0.325000 0.020313 0.009375
0 0.589844 0.333594 0.023438 0.004687
0 0.589844 0.342969 0.023438 0.007812
0 0.589844 0.349219 0.023438 0.010937
0 0.581250 0.359375 0.025000 0.009375
0 0.453125 0.475000 0.021875 0.006250
0 0.454688 0.483594 0.018750 0.007812
0 0.453125 0.492188 0.025000 0.009375
0 0.371875 0.612500 0.009375 0.015625
0 0.358594 0.612500 0.010937 0.012500
0 0.340625 0.609375 0.009375 0.009375
0 0.330469 0.609375 0.007812 0.012500
0 0.286719 0.609375 0.010937 0.015625
0 0.278125 0.609375 0.009375 0.015625
0 0.268750 0.609375 0.009375 0.015625
0 0.254688 0.609375 0.012500 0.015625
0 0.239844 0.605469 0.010937 0.023438
0 0.228125 0.605469 0.009375 0.020313
0 0.217188 0.605469 0.012500 0.020313
0 0.206250 0.605469 0.009375 0.017188
0 0.193750 0.604688 0.009375 0.015625
0 0.117188 0.603125 0.012500 0.018750
0 0.210938 0.754687 0.015625 0.025000
0 0.221094 0.053125 0.014063 0.018750
0 0.230469 0.053125 0.010937 0.018750
0 0.239844 0.055469 0.010937 0.020313
0 0.248438 0.055469 0.009375 0.020313
0 0.258594 0.056250 0.010937 0.018750
0 0.271094 0.056250 0.014063 0.018750
0 0.285938 0.056250 0.012500 0.018750
0 0.296875 0.056250 0.009375 0.018750
0 0.306250 0.056250 0.009375 0.018750
0 0.360938 0.055469 0.021875 0.010937
0 0.553125 0.018750 0.015625 0.018750
0 0.312500 0.648438 0.015625 0.018750
0 0.325000 0.650000 0.009375 0.018750
0 0.336719 0.648438 0.010937 0.018750
0 0.127344 0.753125 0.010937 0.015625
0 0.142969 0.753125 0.010937 0.015625
0 0.174219 0.755469 0.010937 0.017188
0 0.192188 0.753125 0.012500 0.021875
0 0.125000 0.714844 0.012500 0.020313
0 0.137500 0.715625 0.009375 0.015625
0 0.156250 0.718750 0.009375 0.018750
0 0.206250 0.721094 0.009375 0.017188
0 0.228125 0.720313 0.012500 0.018750
0 0.243750 0.720313 0.009375 0.015625
0 0.664844 0.193750 0.026562 0.009375
0 0.276562 0.725000 0.012500 0.018750
