0 0.028846 0.105769 0.024038 0.024038
0 0.102163 0.111779 0.021635 0.031250
0 0.135817 0.112981 0.021635 0.028846
0 0.104567 0.169471 0.021635 0.026442
0 0.592548 0.105769 0.021635 0.024038
0 0.635817 0.064904 0.021635 0.028846
0 0.586538 0.180288 0.033654 0.043269
0 0.637019 0.254808 0.024038 0.024038
0 0.527644 0.503606 0.021635 0.026442
0 0.507212 0.772837 0.024038 0.031250
0 0.536058 0.663462 0.024038 0.024038
0 0.569712 0.605769 0.019231 0.024038
0 0.544471 0.552885 0.021635 0.024038
0 0.024038 0.159856 0.024038 0.036058
0 0.052885 0.162260 0.028846 0.040865
0 0.667067 0.072115 0.031250 0.028846
0 0.552885 0.451923 0.024038 0.033654
