0 0.648438 0.006250 0.012500 0.009375
0 0.681250 0.006250 0.015625 0.009375
0 0.693750 0.006250 0.015625 0.009375
0 0.578125 0.037500 0.025000 0.009375
0 0.603125 0.050000 0.015625 0.025000
0 0.806250 0.293750 0.012500 0.021875
0 0.830469 0.296875 0.010937 0.021875
0 0.264844 0.117188 0.023438 0.012500
0 0.162500 0.340625 0.025000 0.015625
0 0.256250 0.559375 0.021875 0.009375
0 0.059375 0.359375 0.018750 0.015625
0 0.071094 0.370312 0.023438 0.015625
0 0.010156 0.527344 0.017188 0.010937
0 0.031250 0.564844 0.025000 0.014063
0 0.042969 0.600000 0.020313 0.012500
0 0.439844 0.418750 0.014063 0.021875
0 0.428125 0.311719 0.018750 0.020313
0 0.078125 0.736719 0.021875 0.010937
0 0.016406 0.265625 0.029687 0.015625
0 0.777344 0.931250 0.020313 0.021875
