0 0.866406 0.560937 0.020313 0.018750
0 0.657813 0.988281 0.009375 0.014063
0 0.682813 0.956250 0.012500 0.012500
0 0.692969 0.948438 0.010937 0.009375
0 0.701562 0.942187 0.012500 0.012500
0 0.708594 0.935156 0.014063 0.010937
0 0.717969 0.929688 0.010937 0.012500
0 0.728906 0.923438 0.014063 0.015625
0 0.736719 0.915625 0.010937 0.012500
0 0.745313 0.907031 0.009375 0.010937
0 0.753125 0.899219 0.012500 0.014063
0 0.764062 0.890625 0.009375 0.012500
0 0.771875 0.883594 0.012500 0.014063
0 0.783594 0.878125 0.010937 0.012500
0 0.790625 0.869531 0.012500 0.010937
0 0.799219 0.866406 0.014063 0.014063
0 0.807813 0.856250 0.012500 0.012500
0 0.815625 0.850781 0.009375 0.010937
0 0.823438 0.842969 0.012500 0.014063
0 0.833594 0.836719 0.010937 0.010937
0 0.843750 0.832031 0.012500 0.014063
0 0.852344 0.823438 0.010937 0.012500
0 0.860156 0.817969 0.010937 0.010937
0 0.870313 0.807813 0.015625 0.006250
0 0.814063 0.943750 0.012500 0.018750
0 0.826562 0.932813 0.012500 0.012500
0 0.838281 0.928125 0.004687 0.015625
0 0.848437 0.921094 0.009375 0.014063
0 0.856250 0.918750 0.006250 0.015625
0 0.864062 0.910937 0.009375 0.012500
0 0.871875 0.904687 0.006250 0.012500
0 0.879687 0.898438 0.009375 0.015625
0 0.890625 0.890625 0.012500 0.012500
0 0.900781 0.882812 0.010937 0.012500
0 0.909375 0.876563 0.012500 0.012500
0 0.917188 0.871875 0.009375 0.015625
0 0.924219 0.860938 0.007812 0.012500
0 0.914844 0.775000 0.010937 0.009375
0 0.959375 0.857812 0.009375 0.012500
0 0.825000 0.964844 0.009375 0.014063
0 0.832031 0.951562 0.010937 0.012500
0 0.843750 0.950000 0.006250 0.015625
0 0.851562 0.944531 0.009375 0.014063
0 0.860156 0.937500 0.010937 0.009375
0 0.871875 0.932031 0.009375 0.010937
0 0.882031 0.923438 0.007812 0.012500
0 0.889844 0.917188 0.007812 0.009375
0 0.897656 0.909375 0.004687 0.009375
0 0.904687 0.904687 0.006250 0.018750
0 0.910937 0.900781 0.003125 0.017188
0 0.924219 0.889844 0.007812 0.017188
0 0.931250 0.879687 0.009375 0.018750
0 0.940625 0.872656 0.009375 0.017188
