0 0.144531 0.282813 0.014063 0.021875
0 0.167969 0.283594 0.017188 0.017188
0 0.231250 0.286719 0.012500 0.017188
0 0.250781 0.289844 0.014063 0.020313
0 0.324219 0.292187 0.010937 0.018750
0 0.468750 0.261719 0.025000 0.014063
0 0.471094 0.276562 0.026562 0.012500
0 0.533594 0.271094 0.023438 0.014063
0 0.449219 0.299219 0.017188 0.020313
0 0.431250 0.647656 0.015625 0.020313
0 0.464844 0.647656 0.014063 0.017188
0 0.476562 0.650781 0.015625 0.017188
0 0.489844 0.652344 0.014063 0.020313
0 0.435156 0.693750 0.014063 0.015625
0 0.450000 0.696094 0.012500 0.010937
0 0.469531 0.696094 0.014063 0.020313
0 0.482812 0.694531 0.015625 0.023438
0 0.514844 0.694531 0.014063 0.020313
0 0.528906 0.697656 0.017188 0.020313
0 0.039844 0.657031 0.029687 0.014063
0 0.047656 0.675000 0.029687 0.009375
0 0.041406 0.686719 0.020313 0.010937
0 0.109375 0.625000 0.028125 0.012500
0 0.108594 0.635938 0.029687 0.009375
0 0.109375 0.644531 0.025000 0.010937
0 0.110156 0.655469 0.026562 0.007812
