0 0.240625 0.278125 0.025000 0.012500
0 0.252344 0.285938 0.023438 0.015625
0 0.262500 0.302344 0.021875 0.010937
0 0.265625 0.312500 0.025000 0.009375
0 0.268750 0.321875 0.025000 0.012500
0 0.276562 0.335938 0.021875 0.015625
0 0.281250 0.343750 0.021875 0.009375
0 0.284375 0.352344 0.021875 0.007812
0 0.290625 0.359375 0.028125 0.015625
0 0.305469 0.346875 0.020313 0.009375
0 0.293750 0.370312 0.021875 0.015625
0 0.317969 0.364844 0.020313 0.010937
0 0.301563 0.380469 0.018750 0.010937
0 0.318750 0.411719 0.031250 0.014063
0 0.321875 0.421875 0.025000 0.009375
0 0.325000 0.428125 0.018750 0.006250
0 0.329688 0.436719 0.021875 0.010937
0 0.331250 0.443750 0.025000 0.009375
0 0.336719 0.453125 0.029687 0.012500
0 0.206250 0.378125 0.021875 0.015625
0 0.228125 0.387500 0.025000 0.012500
0 0.228125 0.431250 0.021875 0.009375
0 0.233594 0.442969 0.023438 0.010937
0 0.256250 0.493750 0.021875 0.009375
0 0.702344 0.635938 0.020313 0.021875
0 0.509375 0.700000 0.021875 0.012500
0 0.517969 0.709375 0.020313 0.009375
0 0.521875 0.720313 0.021875 0.012500
0 0.481250 0.733594 0.015625 0.017188
0 0.506250 0.787500 0.015625 0.025000
0 0.495312 0.761719 0.021875 0.032813
