0 0.667188 0.007812 0.018750 0.012500
0 0.635938 0.037500 0.015625 0.018750
0 0.516406 0.021875 0.020313 0.015625
0 0.396094 0.136719 0.029687 0.020313
0 0.232031 0.066406 0.014063 0.020313
0 0.090625 0.017188 0.015625 0.018750
0 0.244531 0.304688 0.014063 0.021875
0 0.296875 0.319531 0.021875 0.014063
0 0.416406 0.380469 0.020313 0.023438
0 0.246094 0.395313 0.020313 0.025000
0 0.167969 0.380469 0.023438 0.026562
0 0.750781 0.449219 0.020313 0.029687
0 0.849219 0.500000 0.026562 0.021875
0 0.865625 0.542188 0.025000 0.012500
0 0.865625 0.550000 0.025000 0.015625
0 0.415625 0.513281 0.021875 0.017188
0 0.642969 0.823438 0.029687 0.012500
0 0.932031 0.805469 0.020313 0.014063
0 0.882812 0.844531 0.012500 0.017188
0 0.870313 0.850000 0.012500 0.028125
0 0.831250 0.834375 0.012500 0.031250
0 0.819531 0.844531 0.014063 0.023438
0 0.282031 0.648438 0.010937 0.018750
0 0.269531 0.653906 0.014063 0.017188
0 0.482812 0.611719 0.025000 0.023438
0 0.135156 0.573438 0.023438 0.025000
0 0.106250 0.546875 0.012500 0.021875
0 0.106250 0.525781 0.012500 0.020313
0 0.093750 0.533594 0.015625 0.026562
0 0.039844 0.553906 0.020313 0.023438
0 0.071094 0.671875 0.029687 0.021875
0 0.079687 0.739062 0.012500 0.018750
0 0.067187 0.742188 0.012500 0.021875
0 0.154688 0.707812 0.015625 0.025000
0 0.289844 0.734375 0.017188 0.028125
0 0.304688 0.745313 0.015625 0.021875
0 0.429688 0.725000 0.015625 0.021875
0 0.246875 0.910937 0.015625 0.021875
0 0.337500 0.915625 0.018750 0.025000
0 0.385156 0.922656 0.017188 0.023438
0 0.472656 0.928125 0.014063 0.021875
0 0.485938 0.923438 0.012500 0.021875
0 0.515625 0.930469 0.012500 0.026562
0 0.528906 0.935156 0.010937 0.026562
0 0.617969 0.950000 0.020313 0.028125
0 0.590625 0.970313 0.031250 0.012500
0 0.163281 0.978125 0.026562 0.012500
