0 0.427344 0.924219 0.035937 0.020313
0 0.453906 0.924219 0.026562 0.020313
0 0.489844 0.928125 0.042188 0.018750
0 0.250781 0.910156 0.035937 0.014063
0 0.219531 0.910937 0.026562 0.015625
0 0.114844 0.903125 0.032813 0.015625
0 0.203906 0.970313 0.017188 0.021875
0 0.217188 0.971094 0.009375 0.017188
0 0.227344 0.972656 0.014063 0.010937
0 0.242188 0.974219 0.012500 0.023438
0 0.257031 0.978906 0.010937 0.023438
0 0.276562 0.976562 0.015625 0.021875
0 0.634375 0.903906 0.025000 0.014063
0 0.639062 0.844531 0.025000 0.010937
0 0.642969 0.834375 0.029687 0.012500
0 0.704688 0.847656 0.031250 0.014063
0 0.728906 0.860938 0.029687 0.009375
0 0.727344 0.869531 0.026562 0.010937
0 0.730469 0.881250 0.032813 0.015625
0 0.725781 0.900781 0.026562 0.010937
0 0.699219 0.907031 0.029687 0.014063
0 0.701562 0.867188 0.025000 0.012500
0 0.699219 0.878906 0.026562 0.014063
0 0.680469 0.709375 0.014063 0.025000
0 0.765625 0.503125 0.028125 0.012500
0 0.768750 0.512500 0.028125 0.012500
0 0.760938 0.519531 0.031250 0.010937
0 0.758594 0.531250 0.026562 0.012500
0 0.746094 0.563281 0.032813 0.014063
0 0.742188 0.583594 0.028125 0.010937
0 0.742969 0.596094 0.029687 0.010937
0 0.737500 0.605469 0.028125 0.010937
0 0.684375 0.507812 0.028125 0.015625
0 0.682031 0.518750 0.029687 0.012500
0 0.677344 0.526563 0.029687 0.012500
0 0.677344 0.537500 0.026562 0.012500
0 0.667188 0.559375 0.025000 0.009375
0 0.667969 0.570312 0.026562 0.012500
0 0.666406 0.581250 0.026562 0.009375
0 0.663281 0.589844 0.023438 0.010937
0 0.661719 0.602344 0.032813 0.014063
0 0.371875 0.546875 0.015625 0.028125
0 0.357812 0.544531 0.012500 0.020313
0 0.344531 0.542969 0.014063 0.020313
0 0.320312 0.545312 0.015625 0.021875
0 0.306250 0.543750 0.015625 0.025000
0 0.217188 0.482031 0.028125 0.014063
0 0.213281 0.494531 0.026562 0.014063
0 0.216406 0.507812 0.032813 0.012500
0 0.214062 0.523438 0.025000 0.012500
0 0.214062 0.546875 0.028125 0.009375
0 0.210938 0.558594 0.028125 0.010937
0 0.870313 0.203125 0.025000 0.015625
0 0.872656 0.221875 0.023438 0.012500
0 0.816406 0.215625 0.026562 0.012500
0 0.806250 0.245312 0.031250 0.012500
0 0.783594 0.232813 0.029687 0.012500
0 0.780469 0.253125 0.020313 0.012500
0 0.849219 0.045312 0.026562 0.012500
0 0.847656 0.055469 0.032813 0.014063
0 0.843750 0.083594 0.028125 0.010937
0 0.841406 0.093750 0.029687 0.012500
0 0.782813 0.041406 0.025000 0.014063
0 0.754687 0.038281 0.031250 0.014063
0 0.751563 0.066406 0.028125 0.014063
0 0.778125 0.080469 0.031250 0.014063
0 0.751563 0.078906 0.031250 0.014063
0 0.751563 0.089844 0.031250 0.010937
0 0.758594 0.129688 0.039062 0.015625
0 0.700000 0.045312 0.021875 0.009375
0 0.688281 0.053906 0.026562 0.010937
0 0.685937 0.066406 0.025000 0.007812
0 0.685937 0.076563 0.025000 0.009375
0 0.684375 0.095312 0.031250 0.012500
0 0.715625 0.200000 0.028125 0.009375
0 0.717969 0.213281 0.029687 0.010937
0 0.715625 0.231250 0.028125 0.012500
0 0.710938 0.242188 0.025000 0.009375
0 0.711719 0.250781 0.029687 0.010937
0 0.712500 0.261719 0.028125 0.010937
0 0.582812 0.119531 0.037500 0.020313
0 0.573438 0.148438 0.028125 0.012500
0 0.541406 0.146875 0.035937 0.012500
0 0.430469 0.110156 0.023438 0.014063
0 0.192188 0.095312 0.025000 0.009375
0 0.220312 0.127344 0.034375 0.017188
0 0.249219 0.130469 0.029687 0.014063
