0 0.070312 0.577344 0.040625 0.014063
0 0.264844 0.577344 0.042188 0.020313
0 0.714063 0.577344 0.018750 0.020313
0 0.734375 0.586719 0.018750 0.020313
0 0.750781 0.587500 0.017188 0.021875
0 0.767188 0.598437 0.018750 0.025000
0 0.785156 0.601562 0.014063 0.025000
0 0.835156 0.629687 0.020313 0.018750
0 0.856250 0.643750 0.018750 0.021875
0 0.906250 0.664062 0.021875 0.025000
0 0.964063 0.714844 0.025000 0.017188
0 0.807813 0.562500 0.025000 0.025000
0 0.692187 0.614062 0.018750 0.018750
0 0.710156 0.619531 0.014063 0.020313
0 0.723437 0.624219 0.012500 0.020313
0 0.632031 0.703125 0.020313 0.015625
0 0.734375 0.748437 0.021875 0.018750
0 0.943750 0.537500 0.012500 0.025000
0 0.964844 0.535937 0.017188 0.021875
0 0.981250 0.533594 0.015625 0.026562
0 0.993750 0.533594 0.012500 0.023438
0 0.988281 0.668750 0.023438 0.009375
0 0.978906 0.653906 0.032813 0.010937
0 0.982812 0.639844 0.025000 0.010937
0 0.974219 0.624219 0.029687 0.007812
0 0.973437 0.607812 0.028125 0.012500
0 0.970313 0.593750 0.031250 0.015625
