0 0.080469 0.377344 0.029687 0.010937
0 0.459375 0.381250 0.015625 0.021875
0 0.485938 0.440625 0.012500 0.018750
0 0.549219 0.439844 0.014063 0.017188
0 0.167969 0.459375 0.023438 0.012500
0 0.150000 0.496875 0.025000 0.012500
0 0.156250 0.517188 0.025000 0.012500
0 0.207813 0.554688 0.012500 0.015625
0 0.242188 0.561719 0.015625 0.017188
0 0.024219 0.409375 0.014063 0.021875
0 0.907813 0.740625 0.028125 0.015625
0 0.715625 0.518750 0.025000 0.012500
0 0.911719 0.756250 0.020313 0.006250
0 0.911719 0.764844 0.020313 0.010937
0 0.964844 0.704688 0.020313 0.009375
0 0.965625 0.712500 0.021875 0.009375
0 0.965625 0.721094 0.025000 0.007812
0 0.968750 0.730469 0.021875 0.007812
0 0.968750 0.740625 0.028125 0.012500
0 0.340625 0.690625 0.021875 0.021875
0 0.365625 0.702344 0.015625 0.014063
0 0.296875 0.690625 0.018750 0.018750
0 0.256250 0.727344 0.018750 0.014063
0 0.228125 0.746875 0.021875 0.015625
0 0.443750 0.790625 0.018750 0.018750
0 0.525000 0.839063 0.012500 0.015625
0 0.465625 0.804688 0.015625 0.015625
0 0.473438 0.871875 0.021875 0.018750
0 0.443750 0.855469 0.015625 0.014063
0 0.425000 0.840625 0.015625 0.015625
0 0.415625 0.834375 0.015625 0.015625
0 0.399219 0.824219 0.017188 0.010937
0 0.387500 0.818750 0.018750 0.015625
0 0.331250 0.823438 0.021875 0.021875
0 0.264844 0.796094 0.017188 0.014063
0 0.506250 0.443750 0.012500 0.018750
0 0.302344 0.530469 0.020313 0.010937
