0 0.437500 0.012500 0.028125 0.021875
0 0.418750 0.014063 0.021875 0.015625
0 0.412500 0.111719 0.018750 0.023438
0 0.515625 0.121875 0.031250 0.018750
0 0.825000 0.143750 0.028125 0.015625
0 0.806250 0.174219 0.025000 0.017188
0 0.677344 0.239844 0.023438 0.020313
0 0.667969 0.243750 0.020313 0.015625
0 0.655469 0.262500 0.020313 0.018750
0 0.643750 0.314063 0.025000 0.021875
0 0.671094 0.333594 0.017188 0.017188
0 0.830469 0.228125 0.020313 0.025000
0 0.696875 0.350000 0.025000 0.021875
0 0.792969 0.246875 0.017188 0.028125
0 0.790625 0.325000 0.025000 0.012500
0 0.665625 0.486719 0.015625 0.020313
0 0.712500 0.503125 0.028125 0.015625
0 0.721875 0.518750 0.025000 0.009375
0 0.721875 0.540625 0.025000 0.015625
0 0.679688 0.662500 0.018750 0.021875
0 0.709375 0.667188 0.018750 0.018750
0 0.752344 0.667969 0.014063 0.017188
0 0.768750 0.712500 0.009375 0.021875
0 0.784375 0.712500 0.012500 0.018750
0 0.298438 0.706250 0.025000 0.025000
0 0.353125 0.712500 0.021875 0.021875
0 0.493750 0.789844 0.015625 0.017188
0 0.499219 0.811719 0.014063 0.014063
0 0.493750 0.829688 0.012500 0.015625
0 0.553125 0.876563 0.021875 0.015625
0 0.568750 0.890625 0.015625 0.012500
0 0.674219 0.933594 0.023438 0.017188
0 0.408594 0.032031 0.029687 0.023438
