0 0.076563 0.108594 0.018750 0.029687
0 0.089844 0.106250 0.017188 0.025000
0 0.855469 0.311719 0.017188 0.014063
0 0.853906 0.321094 0.020313 0.017188
0 0.853906 0.331250 0.020313 0.015625
0 0.857812 0.346875 0.015625 0.012500
0 0.860156 0.356250 0.017188 0.015625
0 0.895312 0.362500 0.012500 0.018750
0 0.917188 0.342969 0.015625 0.020313
0 0.937500 0.346094 0.012500 0.017188
0 0.948438 0.347656 0.012500 0.017188
0 0.957812 0.346875 0.012500 0.018750
0 0.918750 0.361719 0.012500 0.020313
0 0.907813 0.404687 0.012500 0.018750
0 0.925000 0.404687 0.012500 0.021875
0 0.938281 0.405469 0.014063 0.023438
0 0.960938 0.404687 0.015625 0.021875
0 0.049219 0.835156 0.014063 0.023438
0 0.063281 0.833594 0.014063 0.020313
0 0.131250 0.826562 0.018750 0.012500
0 0.154688 0.827344 0.012500 0.014063
0 0.168750 0.825781 0.015625 0.014063
0 0.728906 0.019531 0.023438 0.020313
0 0.728906 0.063281 0.020313 0.017188
