0 0.642188 0.060156 0.021875 0.010937
0 0.789062 0.017969 0.018750 0.010937
0 0.635938 0.108594 0.018750 0.007812
0 0.200000 0.568750 0.009375 0.018750
0 0.209375 0.574219 0.009375 0.017188
0 0.047656 0.914062 0.020313 0.006250
0 0.047656 0.905469 0.020313 0.007812
0 0.048438 0.892188 0.021875 0.009375
0 0.051562 0.886719 0.021875 0.010937
0 0.056250 0.874219 0.021875 0.010937
0 0.058594 0.864062 0.020313 0.012500
0 0.066406 0.854688 0.023438 0.009375
0 0.125000 0.816406 0.015625 0.020313
0 0.131250 0.811719 0.012500 0.020313
0 0.141406 0.803906 0.007812 0.017188
0 0.157812 0.802344 0.009375 0.010937
0 0.170313 0.805469 0.009375 0.020313
0 0.181250 0.803906 0.012500 0.017188
0 0.195312 0.802344 0.012500 0.017188
0 0.210156 0.802344 0.010937 0.014063
0 0.225781 0.809375 0.010937 0.018750
0 0.235156 0.810937 0.004687 0.021875
0 0.243750 0.816406 0.009375 0.017188
0 0.253906 0.821875 0.007812 0.015625
0 0.262500 0.832031 0.015625 0.007812
0 0.265625 0.842969 0.015625 0.007812
0 0.271094 0.855469 0.017188 0.007812
0 0.267969 0.864062 0.023438 0.009375
0 0.267188 0.873437 0.025000 0.009375
0 0.265625 0.882812 0.021875 0.009375
0 0.258594 0.894531 0.017188 0.007812
0 0.256250 0.903906 0.018750 0.010937
0 0.237500 0.916406 0.015625 0.010937
0 0.233594 0.925781 0.014063 0.010937
0 0.209375 0.936719 0.015625 0.010937
0 0.192969 0.941406 0.010937 0.010937
0 0.184375 0.943750 0.012500 0.015625
0 0.117188 0.890625 0.015625 0.012500
0 0.114844 0.878125 0.007812 0.009375
0 0.121094 0.871875 0.010937 0.012500
0 0.129688 0.862500 0.009375 0.009375
0 0.142969 0.857812 0.010937 0.012500
0 0.153125 0.852344 0.006250 0.014063
0 0.164844 0.850000 0.007812 0.018750
0 0.176563 0.849219 0.006250 0.017188
0 0.189844 0.846875 0.007812 0.015625
0 0.207031 0.871875 0.010937 0.009375
0 0.201563 0.879687 0.012500 0.006250
0 0.193750 0.885156 0.009375 0.014063
0 0.187500 0.894531 0.006250 0.010937
0 0.181250 0.900000 0.006250 0.012500
0 0.176563 0.903125 0.009375 0.009375
0 0.169531 0.910156 0.007812 0.014063
0 0.160156 0.909375 0.010937 0.012500
0 0.147656 0.911719 0.004687 0.014063
0 0.133594 0.912500 0.010937 0.009375
0 0.439063 0.778125 0.018750 0.009375
