0 0.474219 0.249219 0.017188 0.067187
0 0.274219 0.008594 0.026562 0.010937
0 0.273438 0.017969 0.031250 0.010937
0 0.215625 0.139063 0.028125 0.012500
0 0.215625 0.149219 0.028125 0.014063
0 0.274219 0.040625 0.026562 0.015625
0 0.271875 0.056250 0.031250 0.009375
0 0.271875 0.065625 0.031250 0.009375
0 0.275000 0.073438 0.025000 0.009375
0 0.278125 0.083594 0.031250 0.010937
0 0.275000 0.092969 0.034375 0.010937
0 0.278125 0.105469 0.031250 0.010937
0 0.127344 0.007031 0.032813 0.010937
0 0.202344 0.980469 0.020313 0.020313
0 0.325000 0.756250 0.028125 0.012500
