0 0.081250 0.181250 0.021875 0.006250
0 0.153125 0.314844 0.012500 0.020313
0 0.181250 0.375000 0.015625 0.021875
0 0.206250 0.378125 0.015625 0.018750
0 0.248438 0.375000 0.015625 0.021875
0 0.746094 0.350000 0.010937 0.021875
0 0.756250 0.350000 0.009375 0.015625
0 0.768750 0.350000 0.009375 0.018750
0 0.828125 0.352344 0.012500 0.020313
0 0.849219 0.356250 0.014063 0.021875
0 0.431250 0.453125 0.025000 0.009375
0 0.431250 0.462500 0.025000 0.009375
0 0.364844 0.631250 0.029687 0.012500
0 0.333594 0.689844 0.020313 0.014063
0 0.706250 0.668750 0.025000 0.009375
0 0.710938 0.679688 0.025000 0.009375
0 0.709375 0.689844 0.025000 0.010937
0 0.712500 0.699219 0.018750 0.007812
0 0.712500 0.706250 0.025000 0.009375
0 0.648438 0.706250 0.021875 0.012500
0 0.651563 0.727344 0.021875 0.007812
0 0.649219 0.733594 0.023438 0.010937
0 0.025000 0.649219 0.025000 0.020313
0 0.050000 0.661719 0.018750 0.017188
0 0.134375 0.756250 0.015625 0.018750
0 0.146875 0.762500 0.021875 0.021875
0 0.153125 0.771094 0.021875 0.023438
0 0.218750 0.809375 0.018750 0.021875
0 0.010156 0.796875 0.017188 0.031250
0 0.071875 0.789844 0.021875 0.014063
0 0.083594 0.793750 0.020313 0.015625
0 0.100000 0.806250 0.021875 0.015625
0 0.107813 0.812500 0.021875 0.018750
0 0.130469 0.828125 0.017188 0.015625
0 0.161719 0.846875 0.023438 0.018750
0 0.917969 0.360156 0.014063 0.023438
0 0.951562 0.360156 0.018750 0.026562
0 0.367969 0.618750 0.029687 0.012500
0 0.417969 0.535937 0.029687 0.012500
