0 0.065625 0.155469 0.028125 0.014063
0 0.352344 0.089063 0.017188 0.018750
0 0.795312 0.103125 0.012500 0.021875
0 0.824219 0.103906 0.014063 0.023438
0 0.533594 0.910156 0.026562 0.017188
0 0.538281 0.923438 0.032813 0.012500
0 0.542969 0.935156 0.035937 0.010937
0 0.553125 0.953125 0.031250 0.012500
0 0.560156 0.961719 0.029687 0.014063
0 0.562500 0.975000 0.031250 0.012500
0 0.571875 0.985938 0.028125 0.015625
0 0.577344 0.995313 0.029687 0.009375
0 0.605469 0.986719 0.029687 0.014063
0 0.592969 0.964844 0.026562 0.010937
