0 0.991406 0.017969 0.010937 0.026562
0 0.976562 0.014844 0.012500 0.023438
0 0.954688 0.014844 0.012500 0.023438
0 0.928906 0.090625 0.014063 0.025000
0 0.889844 0.085938 0.014063 0.021875
0 0.878125 0.095312 0.009375 0.018750
0 0.808594 0.078125 0.017188 0.025000
0 0.763281 0.060937 0.017188 0.021875
0 0.744531 0.031250 0.023438 0.009375
0 0.728906 0.064062 0.017188 0.025000
0 0.573438 0.083594 0.021875 0.020313
0 0.503125 0.075000 0.025000 0.015625
0 0.574219 0.137500 0.029687 0.021875
0 0.759375 0.307812 0.025000 0.031250
0 0.802344 0.283594 0.017188 0.023438
0 0.789844 0.292187 0.017188 0.021875
0 0.866406 0.281250 0.023438 0.018750
0 0.886719 0.315625 0.023438 0.015625
0 0.900000 0.327344 0.025000 0.020313
0 0.525000 0.375781 0.025000 0.014063
0 0.542188 0.453125 0.021875 0.021875
0 0.933594 0.493750 0.023438 0.015625
0 0.924219 0.528125 0.023438 0.015625
0 0.910156 0.556250 0.026562 0.015625
0 0.869531 0.651563 0.023438 0.018750
0 0.890625 0.657813 0.021875 0.015625
0 0.782031 0.710938 0.026562 0.015625
0 0.860156 0.730469 0.026562 0.014063
0 0.367969 0.558594 0.029687 0.014063
0 0.353125 0.582031 0.028125 0.017188
0 0.150781 0.200000 0.029687 0.018750
0 0.128906 0.228125 0.029687 0.018750
0 0.133594 0.216406 0.029687 0.017188
0 0.106250 0.248438 0.025000 0.021875
0 0.139063 0.314844 0.034375 0.023438
0 0.093750 0.422656 0.021875 0.017188
0 0.107813 0.415625 0.025000 0.015625
0 0.318750 0.221094 0.028125 0.020313
0 0.210156 0.048438 0.026562 0.021875
0 0.011719 0.631250 0.020313 0.012500
0 0.017969 0.644531 0.029687 0.010937
0 0.016406 0.669531 0.029687 0.010937
0 0.048438 0.809375 0.015625 0.021875
0 0.067187 0.860156 0.015625 0.023438
0 0.082031 0.860156 0.017188 0.020313
0 0.125781 0.896875 0.026562 0.012500
