0 0.084375 0.603125 0.028125 0.012500
0 0.232813 0.611719 0.031250 0.010937
0 0.412500 0.745313 0.015625 0.018750
0 0.428125 0.746094 0.021875 0.020313
0 0.467969 0.749219 0.017188 0.026562
0 0.517188 0.752344 0.015625 0.029687
0 0.540625 0.753125 0.015625 0.021875
0 0.833594 0.767969 0.017188 0.023438
0 0.858594 0.771875 0.014063 0.018750
0 0.934375 0.631250 0.031250 0.015625
0 0.730469 0.831250 0.026562 0.006250
0 0.730469 0.843750 0.023438 0.009375
0 0.662500 0.856250 0.028125 0.012500
0 0.662500 0.867969 0.028125 0.007812
0 0.809375 0.843750 0.025000 0.009375
0 0.010156 0.715625 0.017188 0.015625
0 0.055469 0.720313 0.023438 0.021875
0 0.067969 0.721875 0.020313 0.018750
0 0.078125 0.721875 0.018750 0.012500
0 0.092969 0.721875 0.020313 0.018750
0 0.111719 0.721875 0.020313 0.021875
0 0.178125 0.959375 0.034375 0.012500
0 0.212500 0.962500 0.025000 0.018750
0 0.008594 0.931250 0.014063 0.021875
