0 0.055469 0.071094 0.010937 0.017188
0 0.043750 0.068750 0.009375 0.018750
0 0.054688 0.159375 0.025000 0.015625
0 0.052344 0.181250 0.026562 0.009375
0 0.052344 0.192969 0.026562 0.010937
0 0.264844 0.017969 0.014063 0.014063
0 0.270313 0.006250 0.012500 0.009375
0 0.253125 0.050000 0.009375 0.018750
0 0.250000 0.067969 0.015625 0.017188
0 0.246094 0.087500 0.017188 0.015625
0 0.228125 0.142969 0.018750 0.020313
0 0.223438 0.162500 0.015625 0.015625
0 0.217188 0.184375 0.015625 0.021875
0 0.212500 0.203125 0.009375 0.018750
0 0.208594 0.224219 0.017188 0.017188
0 0.203125 0.242188 0.015625 0.018750
0 0.200000 0.265625 0.015625 0.018750
0 0.193750 0.284375 0.015625 0.021875
0 0.192969 0.304688 0.014063 0.021875
0 0.189844 0.323437 0.014063 0.015625
0 0.189844 0.340625 0.014063 0.015625
0 0.185938 0.361719 0.012500 0.014063
0 0.181250 0.415625 0.015625 0.021875
0 0.183594 0.436719 0.014063 0.017188
0 0.179688 0.461719 0.015625 0.017188
0 0.178125 0.478125 0.015625 0.018750
0 0.184375 0.378125 0.012500 0.015625
0 0.200000 0.665625 0.025000 0.015625
0 0.225000 0.659375 0.025000 0.009375
0 0.224219 0.652344 0.023438 0.007812
0 0.224219 0.643750 0.023438 0.009375
0 0.223438 0.634375 0.025000 0.009375
0 0.223438 0.624219 0.021875 0.010937
0 0.223438 0.614844 0.021875 0.007812
0 0.223438 0.606250 0.021875 0.009375
0 0.225000 0.596875 0.015625 0.006250
0 0.268750 0.217188 0.021875 0.012500
0 0.271094 0.210938 0.020313 0.009375
0 0.277344 0.203125 0.017188 0.006250
0 0.278125 0.193750 0.021875 0.006250
0 0.289062 0.167969 0.015625 0.014063
0 0.293750 0.139063 0.021875 0.012500
0 0.290625 0.125000 0.018750 0.009375
0 0.293750 0.115625 0.018750 0.006250
0 0.293750 0.107813 0.015625 0.009375
0 0.296875 0.096875 0.012500 0.009375
0 0.300000 0.086719 0.015625 0.007812
0 0.302344 0.081250 0.020313 0.009375
0 0.308594 0.073438 0.017188 0.009375
0 0.321875 0.250000 0.021875 0.009375
0 0.321875 0.256250 0.021875 0.009375
0 0.318750 0.265625 0.021875 0.009375
0 0.314844 0.304688 0.023438 0.015625
0 0.306250 0.379688 0.015625 0.009375
0 0.306250 0.387500 0.018750 0.009375
0 0.305469 0.402344 0.020313 0.007812
0 0.306250 0.409375 0.025000 0.006250
0 0.301563 0.417969 0.018750 0.004687
0 0.302344 0.425000 0.020313 0.006250
0 0.300000 0.446875 0.021875 0.006250
0 0.298438 0.456250 0.015625 0.006250
0 0.300000 0.465625 0.025000 0.009375
0 0.296094 0.493750 0.023438 0.009375
0 0.296875 0.503125 0.025000 0.009375
0 0.293750 0.532813 0.028125 0.009375
0 0.290625 0.540625 0.021875 0.009375
0 0.293750 0.557813 0.021875 0.012500
0 0.293750 0.584375 0.025000 0.009375
0 0.290625 0.596094 0.028125 0.010937
0 0.614062 0.586719 0.025000 0.014063
0 0.489063 0.662500 0.018750 0.015625
0 0.430469 0.736719 0.020313 0.017188
0 0.255469 0.899219 0.014063 0.017188
0 0.076563 0.837500 0.018750 0.009375
0 0.077344 0.846875 0.020313 0.006250
0 0.076563 0.855469 0.021875 0.010937
0 0.233594 0.980469 0.020313 0.020313
0 0.808594 0.474219 0.023438 0.017188
0 0.567969 0.613281 0.026562 0.020313
