0 0.828125 0.089844 0.018750 0.020313
0 0.671875 0.183594 0.025000 0.029687
0 0.839844 0.148438 0.010937 0.021875
0 0.853125 0.148438 0.018750 0.015625
0 0.968750 0.187500 0.015625 0.018750
0 0.924219 0.246094 0.017188 0.026562
0 0.936719 0.243750 0.017188 0.018750
0 0.937500 0.260937 0.015625 0.025000
0 0.854688 0.250000 0.018750 0.025000
0 0.853125 0.693750 0.021875 0.015625
0 0.909375 0.796094 0.025000 0.010937
0 0.980469 0.792969 0.023438 0.017188
0 0.784375 0.979688 0.025000 0.012500
0 0.232813 0.784375 0.031250 0.018750
0 0.160938 0.784375 0.018750 0.018750
0 0.193750 0.830469 0.021875 0.026562
0 0.096875 0.862500 0.018750 0.015625
0 0.112500 0.800000 0.025000 0.025000
0 0.077344 0.809375 0.020313 0.021875
0 0.057813 0.815625 0.018750 0.021875
0 0.017188 0.845313 0.015625 0.021875
0 0.034375 0.878125 0.015625 0.015625
0 0.250000 0.797656 0.021875 0.020313
