0 0.156250 0.624219 0.021875 0.026562
0 0.121875 0.443750 0.021875 0.018750
0 0.424219 0.233594 0.029687 0.017188
0 0.649219 0.179688 0.039062 0.018750
0 0.542188 0.144531 0.018750 0.029687
0 0.567187 0.130469 0.018750 0.026562
0 0.950781 0.110156 0.035937 0.017188
0 0.739062 0.008594 0.028125 0.010937
0 0.737500 0.020313 0.028125 0.012500
0 0.738281 0.029687 0.035937 0.012500
0 0.740625 0.038281 0.034375 0.014063
0 0.737500 0.066406 0.028125 0.014063
0 0.939063 0.060156 0.012500 0.023438
0 0.926562 0.062500 0.009375 0.025000
0 0.909375 0.065625 0.015625 0.021875
0 0.894531 0.064844 0.014063 0.020313
0 0.878906 0.067187 0.017188 0.021875
0 0.865625 0.067969 0.012500 0.023438
0 0.853125 0.068750 0.015625 0.021875
0 0.843750 0.073438 0.018750 0.021875
0 0.828906 0.072656 0.014063 0.026562
0 0.814844 0.072656 0.017188 0.023438
0 0.786719 0.097656 0.017188 0.023438
0 0.789062 0.075000 0.018750 0.015625
0 0.767188 0.071875 0.018750 0.015625
0 0.926562 0.026562 0.025000 0.012500
0 0.929688 0.008594 0.025000 0.014063
0 0.982812 0.010156 0.028125 0.017188
0 0.856250 0.007812 0.028125 0.012500
0 0.817187 0.006250 0.034375 0.009375
