0 0.206250 0.171094 0.018750 0.017188
0 0.195312 0.176563 0.018750 0.018750
0 0.185938 0.185938 0.021875 0.018750
0 0.173437 0.194531 0.021875 0.020313
0 0.162500 0.201563 0.018750 0.018750
0 0.153125 0.212500 0.018750 0.015625
0 0.144531 0.218750 0.020313 0.015625
0 0.128125 0.230469 0.018750 0.017188
0 0.117969 0.239063 0.020313 0.015625
0 0.106250 0.248438 0.025000 0.018750
0 0.212500 0.186719 0.025000 0.020313
0 0.204687 0.197656 0.021875 0.020313
0 0.191406 0.206250 0.023438 0.018750
0 0.180469 0.214062 0.017188 0.015625
0 0.172656 0.225781 0.020313 0.017188
0 0.162500 0.232813 0.018750 0.015625
0 0.140625 0.242969 0.018750 0.014063
0 0.134375 0.253906 0.018750 0.014063
0 0.127344 0.262500 0.020313 0.015625
0 0.116406 0.269531 0.017188 0.017188
0 0.103125 0.277344 0.031250 0.023438
0 0.064062 0.326562 0.021875 0.018750
0 0.036719 0.371094 0.017188 0.014063
0 0.030469 0.378906 0.017188 0.014063
0 0.021875 0.382812 0.018750 0.015625
0 0.015625 0.391406 0.018750 0.014063
0 0.010937 0.392188 0.018750 0.015625
0 0.056250 0.383594 0.021875 0.017188
0 0.049219 0.392188 0.020313 0.015625
0 0.039062 0.396094 0.015625 0.014063
0 0.034375 0.403906 0.018750 0.014063
0 0.027344 0.410938 0.020313 0.015625
0 0.020313 0.414844 0.018750 0.017188
0 0.011719 0.421094 0.020313 0.017188
0 0.008594 0.425781 0.014063 0.014063
0 0.465625 0.750781 0.018750 0.017188
0 0.454688 0.766406 0.021875 0.020313
