0 0.197656 0.475781 0.026562 0.026562
0 0.482812 0.603906 0.031250 0.017188
0 0.527344 0.642969 0.026562 0.020313
0 0.594531 0.042188 0.032813 0.015625
0 0.678906 0.132031 0.023438 0.029687
0 0.678125 0.367188 0.015625 0.025000
0 0.699219 0.370312 0.017188 0.028125
0 0.675781 0.406250 0.017188 0.021875
0 0.675781 0.431250 0.017188 0.018750
0 0.695312 0.436719 0.015625 0.020313
0 0.667969 0.454688 0.023438 0.025000
0 0.692969 0.463281 0.014063 0.020313
0 0.671875 0.482812 0.018750 0.028125
0 0.691406 0.488281 0.020313 0.026562
0 0.660156 0.571094 0.035937 0.020313
0 0.848437 0.109375 0.015625 0.021875
0 0.848437 0.082812 0.015625 0.018750
0 0.850781 0.060937 0.017188 0.021875
0 0.852344 0.029687 0.020313 0.018750
0 0.863281 0.025000 0.020313 0.018750
0 0.871875 0.017969 0.015625 0.023438
0 0.882812 0.011719 0.015625 0.020313
0 0.896875 0.011719 0.018750 0.020313
0 0.917188 0.013281 0.021875 0.023438
0 0.942187 0.013281 0.015625 0.023438
0 0.953906 0.011719 0.017188 0.020313
0 0.926562 0.060937 0.025000 0.012500
0 0.863281 0.230469 0.017188 0.032813
0 0.889062 0.236719 0.015625 0.020313
0 0.904687 0.235156 0.012500 0.023438
0 0.948438 0.241406 0.009375 0.017188
0 0.921094 0.240625 0.014063 0.018750
0 0.968750 0.246094 0.012500 0.026562
0 0.995313 0.249219 0.009375 0.023438
0 0.899219 0.192188 0.017188 0.021875
0 0.856250 0.270313 0.025000 0.012500
0 0.857031 0.287500 0.026562 0.012500
0 0.858594 0.296094 0.026562 0.007812
0 0.858594 0.303906 0.032813 0.007812
0 0.857031 0.312500 0.032813 0.009375
0 0.857031 0.322656 0.026562 0.010937
0 0.856250 0.332813 0.025000 0.009375
0 0.855469 0.340625 0.026562 0.006250
0 0.854688 0.350781 0.021875 0.007812
0 0.857031 0.358594 0.029687 0.007812
0 0.854688 0.367188 0.021875 0.012500
0 0.853125 0.376563 0.028125 0.009375
0 0.856250 0.386719 0.031250 0.007812
0 0.851562 0.395313 0.028125 0.012500
0 0.850781 0.410938 0.029687 0.009375
0 0.851562 0.421875 0.025000 0.009375
0 0.850781 0.438281 0.029687 0.010937
0 0.896094 0.292187 0.010937 0.021875
0 0.907813 0.291406 0.012500 0.020313
0 0.921094 0.292969 0.010937 0.020313
0 0.932031 0.292187 0.010937 0.021875
0 0.942969 0.291406 0.014063 0.020313
0 0.896875 0.344531 0.018750 0.010937
0 0.900000 0.356250 0.025000 0.006250
0 0.972656 0.304688 0.023438 0.012500
0 0.975000 0.317188 0.025000 0.009375
0 0.974219 0.328906 0.029687 0.010937
0 0.971875 0.345313 0.021875 0.009375
0 0.972656 0.354687 0.023438 0.009375
0 0.914844 0.371875 0.014063 0.018750
0 0.925781 0.377344 0.017188 0.020313
0 0.939063 0.376563 0.012500 0.018750
0 0.950000 0.374219 0.009375 0.020313
0 0.963281 0.376563 0.010937 0.021875
0 0.971875 0.375781 0.009375 0.026562
0 0.981250 0.376563 0.015625 0.021875
0 0.995313 0.432031 0.009375 0.023438
0 0.983594 0.435937 0.014063 0.018750
0 0.973437 0.440625 0.009375 0.018750
0 0.963281 0.439844 0.010937 0.020313
0 0.950000 0.437500 0.012500 0.025000
0 0.937500 0.444531 0.009375 0.017188
0 0.924219 0.442188 0.010937 0.021875
0 0.898438 0.447656 0.015625 0.020313
0 0.883594 0.446094 0.017188 0.023438
0 0.850781 0.452344 0.032813 0.010937
