0 0.184375 0.051562 0.012500 0.018750
0 0.171875 0.053125 0.012500 0.018750
0 0.153125 0.051562 0.012500 0.018750
0 0.203125 0.066406 0.012500 0.020313
0 0.210156 0.100781 0.014063 0.017188
0 0.207031 0.122656 0.020313 0.007812
0 0.215625 0.129688 0.015625 0.006250
0 0.182031 0.107031 0.010937 0.017188
0 0.167187 0.108594 0.009375 0.020313
0 0.156250 0.102344 0.015625 0.017188
0 0.153125 0.088281 0.018750 0.010937
0 0.139844 0.116406 0.023438 0.020313
0 0.132031 0.126562 0.020313 0.009375
0 0.131250 0.135937 0.018750 0.009375
0 0.133594 0.142187 0.017188 0.006250
0 0.134375 0.150000 0.025000 0.009375
0 0.130469 0.161719 0.023438 0.014063
0 0.175781 0.185938 0.020313 0.009375
0 0.130469 0.172656 0.020313 0.010937
0 0.131250 0.182031 0.021875 0.010937
0 0.130469 0.191406 0.020313 0.014063
0 0.128906 0.200781 0.020313 0.010937
0 0.129688 0.210938 0.021875 0.012500
0 0.128906 0.219531 0.023438 0.014063
0 0.126562 0.246094 0.025000 0.017188
0 0.126562 0.256250 0.025000 0.015625
0 0.128125 0.268750 0.018750 0.012500
0 0.129688 0.283594 0.021875 0.014063
0 0.214844 0.190625 0.014063 0.012500
0 0.213281 0.198437 0.020313 0.015625
0 0.212500 0.208594 0.018750 0.014063
0 0.212500 0.228125 0.018750 0.012500
0 0.202344 0.263281 0.014063 0.017188
0 0.182031 0.267188 0.014063 0.018750
0 0.381250 0.239844 0.018750 0.010937
0 0.083594 0.138281 0.023438 0.010937
0 0.076563 0.186719 0.021875 0.014063
0 0.077344 0.220312 0.023438 0.009375
0 0.075781 0.228906 0.020313 0.007812
0 0.075781 0.235937 0.023438 0.009375
0 0.074219 0.251563 0.023438 0.009375
0 0.028906 0.177344 0.020313 0.010937
0 0.028906 0.185938 0.020313 0.009375
0 0.028125 0.200781 0.021875 0.007812
0 0.026562 0.209375 0.018750 0.006250
0 0.656250 0.138281 0.021875 0.014063
0 0.669531 0.172656 0.023438 0.014063
0 0.989844 0.157812 0.020313 0.012500
0 0.918750 0.168750 0.025000 0.012500
0 0.901563 0.184375 0.021875 0.009375
