0 0.742969 0.469531 0.029687 0.017188
0 0.785937 0.542188 0.018750 0.025000
0 0.796875 0.553125 0.021875 0.025000
0 0.776563 0.989062 0.037500 0.021875
0 0.802344 0.982031 0.029687 0.026562
0 0.821094 0.967969 0.026562 0.020313
0 0.833594 0.959375 0.032813 0.018750
0 0.850000 0.940625 0.028125 0.015625
0 0.857031 0.929688 0.032813 0.015625
0 0.861719 0.918750 0.029687 0.012500
0 0.863281 0.907813 0.029687 0.015625
0 0.868750 0.894531 0.031250 0.010937
0 0.872656 0.885156 0.039062 0.017188
0 0.867969 0.870313 0.035937 0.015625
0 0.862500 0.859375 0.018750 0.018750
0 0.853906 0.847656 0.023438 0.026562
0 0.839063 0.836719 0.018750 0.023438
0 0.830469 0.828906 0.014063 0.023438
0 0.821094 0.827344 0.010937 0.026562
0 0.810937 0.827344 0.012500 0.023438
0 0.795312 0.821875 0.015625 0.028125
0 0.782813 0.820312 0.021875 0.025000
0 0.767188 0.821875 0.021875 0.021875
0 0.763281 0.822656 0.014063 0.023438
0 0.752344 0.822656 0.020313 0.023438
0 0.739062 0.823438 0.028125 0.025000
0 0.724219 0.828125 0.026562 0.021875
0 0.709375 0.834375 0.025000 0.025000
0 0.700781 0.840625 0.023438 0.025000
0 0.634375 0.885156 0.034375 0.020313
0 0.621875 0.894531 0.025000 0.014063
0 0.617969 0.908594 0.032813 0.017188
0 0.611719 0.919531 0.032813 0.014063
0 0.608594 0.932813 0.032813 0.012500
0 0.609375 0.942969 0.031250 0.010937
0 0.610156 0.957031 0.032813 0.014063
0 0.776563 0.877344 0.015625 0.023438
0 0.759375 0.878906 0.015625 0.026562
0 0.745313 0.879687 0.012500 0.028125
0 0.732812 0.880469 0.012500 0.023438
0 0.718750 0.885156 0.015625 0.020313
0 0.706250 0.893750 0.021875 0.025000
0 0.696094 0.899219 0.023438 0.023438
0 0.690625 0.913281 0.031250 0.023438
0 0.689063 0.925000 0.028125 0.018750
0 0.795312 0.903906 0.028125 0.017188
0 0.789844 0.913281 0.026562 0.023438
0 0.782813 0.921094 0.025000 0.020313
0 0.776563 0.931250 0.021875 0.025000
0 0.763281 0.938281 0.023438 0.026562
0 0.753125 0.946875 0.015625 0.028125
0 0.742188 0.950000 0.018750 0.028125
0 0.726562 0.952344 0.015625 0.026562
0 0.710156 0.950000 0.017188 0.028125
0 0.220312 0.984375 0.018750 0.028125
