0 0.632812 0.921094 0.018750 0.020313
0 0.634375 0.965625 0.018750 0.018750
0 0.651563 0.978125 0.021875 0.021875
0 0.667969 0.946094 0.023438 0.020313
0 0.667969 0.969531 0.017188 0.017188
0 0.675781 0.962500 0.017188 0.018750
0 0.792188 0.952344 0.021875 0.020313
0 0.807031 0.962500 0.020313 0.021875
0 0.835156 0.984375 0.020313 0.012500
0 0.696094 0.866406 0.020313 0.010937
0 0.707031 0.863281 0.017188 0.014063
0 0.713281 0.856250 0.017188 0.012500
0 0.721094 0.851562 0.017188 0.015625
0 0.728125 0.844531 0.015625 0.014063
0 0.735156 0.839063 0.017188 0.015625
0 0.740625 0.833594 0.018750 0.014063
0 0.750781 0.830469 0.017188 0.014063
0 0.753906 0.822656 0.017188 0.014063
0 0.762500 0.816406 0.018750 0.020313
0 0.767188 0.810156 0.018750 0.014063
0 0.778125 0.807813 0.015625 0.015625
0 0.783594 0.801562 0.017188 0.015625
0 0.789844 0.796094 0.017188 0.014063
0 0.796875 0.791406 0.018750 0.014063
0 0.805469 0.785156 0.017188 0.014063
0 0.811719 0.778125 0.020313 0.015625
0 0.819531 0.772656 0.017188 0.014063
0 0.826562 0.766406 0.018750 0.017188
0 0.832031 0.761719 0.020313 0.020313
0 0.841406 0.756250 0.020313 0.018750
0 0.847656 0.749219 0.020313 0.014063
0 0.856250 0.746094 0.018750 0.020313
0 0.862500 0.739844 0.021875 0.017188
0 0.868750 0.732812 0.018750 0.018750
0 0.876563 0.728906 0.018750 0.017188
0 0.880469 0.722656 0.020313 0.014063
0 0.888281 0.716406 0.023438 0.017188
0 0.896875 0.710938 0.021875 0.021875
0 0.911719 0.702344 0.020313 0.020313
0 0.917969 0.693750 0.020313 0.018750
0 0.930469 0.682813 0.020313 0.018750
0 0.938281 0.677344 0.020313 0.020313
0 0.945312 0.672656 0.018750 0.023438
0 0.951562 0.664062 0.015625 0.021875
0 0.956250 0.659375 0.021875 0.021875
0 0.964063 0.653906 0.015625 0.017188
0 0.971875 0.649219 0.018750 0.017188
0 0.980469 0.646094 0.017188 0.017188
0 0.989062 0.640625 0.021875 0.015625
0 0.735156 0.896875 0.023438 0.021875
0 0.745313 0.889062 0.015625 0.015625
0 0.750781 0.883594 0.017188 0.017188
0 0.757031 0.880469 0.017188 0.017188
0 0.761719 0.873437 0.017188 0.015625
0 0.769531 0.865625 0.017188 0.015625
0 0.776563 0.860938 0.015625 0.012500
0 0.782813 0.855469 0.015625 0.017188
0 0.791406 0.851562 0.017188 0.015625
0 0.799219 0.846094 0.017188 0.017188
0 0.805469 0.840625 0.023438 0.018750
0 0.812500 0.835156 0.018750 0.017188
0 0.821094 0.827344 0.020313 0.020313
0 0.827344 0.825000 0.020313 0.015625
0 0.836719 0.817187 0.017188 0.018750
0 0.841406 0.811719 0.020313 0.017188
0 0.846094 0.805469 0.020313 0.020313
0 0.856250 0.800781 0.018750 0.014063
0 0.863281 0.795312 0.020313 0.015625
0 0.871094 0.787500 0.020313 0.018750
0 0.874219 0.782813 0.020313 0.015625
0 0.887500 0.774219 0.018750 0.017188
0 0.897656 0.767969 0.017188 0.017188
0 0.905469 0.759375 0.023438 0.018750
0 0.917188 0.757031 0.018750 0.017188
0 0.917969 0.750000 0.020313 0.021875
0 0.930469 0.738281 0.020313 0.017188
0 0.936719 0.732812 0.023438 0.015625
0 0.943750 0.726562 0.018750 0.015625
0 0.951562 0.721875 0.018750 0.018750
0 0.956250 0.715625 0.018750 0.018750
0 0.964844 0.711719 0.020313 0.014063
0 0.971875 0.703125 0.018750 0.015625
0 0.979688 0.698438 0.018750 0.015625
0 0.985938 0.692969 0.015625 0.014063
0 0.989844 0.685156 0.020313 0.017188
0 0.996094 0.679688 0.007812 0.012500
0 0.746875 0.910156 0.021875 0.014063
0 0.757031 0.902344 0.017188 0.014063
0 0.767188 0.896875 0.021875 0.018750
0 0.778125 0.884375 0.021875 0.018750
0 0.787500 0.878906 0.018750 0.017188
0 0.793750 0.875000 0.018750 0.015625
0 0.799219 0.868750 0.023438 0.018750
0 0.807813 0.863281 0.018750 0.017188
0 0.823438 0.856250 0.018750 0.018750
0 0.829688 0.845313 0.015625 0.021875
0 0.836719 0.842187 0.017188 0.012500
0 0.844531 0.837500 0.020313 0.015625
0 0.850781 0.829688 0.014063 0.015625
0 0.857031 0.825000 0.014063 0.015625
0 0.865625 0.819531 0.015625 0.014063
0 0.878125 0.807031 0.015625 0.014063
0 0.885156 0.802344 0.020313 0.017188
0 0.893750 0.796094 0.018750 0.017188
0 0.900000 0.789844 0.018750 0.017188
0 0.906250 0.785937 0.021875 0.018750
0 0.914062 0.781250 0.018750 0.021875
0 0.921875 0.774219 0.021875 0.020313
0 0.929688 0.767188 0.018750 0.015625
0 0.935156 0.762500 0.017188 0.018750
0 0.939063 0.757812 0.021875 0.018750
0 0.946875 0.753125 0.018750 0.021875
0 0.954688 0.746094 0.015625 0.014063
0 0.957812 0.740625 0.021875 0.018750
0 0.967187 0.735156 0.018750 0.017188
0 0.976562 0.729688 0.018750 0.018750
0 0.979688 0.721094 0.015625 0.020313
0 0.987500 0.717187 0.018750 0.015625
0 0.992969 0.709375 0.014063 0.015625
