0 0.415865 0.819712 0.038462 0.014423
0 0.443510 0.799279 0.031250 0.016827
0 0.445913 0.762019 0.026442 0.014423
0 0.435096 0.748798 0.033654 0.016827
0 0.330529 0.718750 0.021635 0.028846
0 0.286058 0.762019 0.038462 0.014423
0 0.192308 0.710337 0.014423 0.021635
0 0.104567 0.705529 0.016827 0.021635
0 0.104567 0.727163 0.016827 0.021635
0 0.222356 0.822115 0.016827 0.024038
0 0.206731 0.829327 0.019231 0.033654
0 0.149038 0.800481 0.014423 0.024038
0 0.150240 0.825721 0.016827 0.026442
0 0.133413 0.814904 0.016827 0.019231
0 0.025240 0.437500 0.031250 0.014423
0 0.200721 0.409856 0.031250 0.016827
0 0.199519 0.394231 0.033654 0.019231
0 0.174279 0.338942 0.031250 0.019231
0 0.157452 0.269231 0.026442 0.024038
0 0.038462 0.264423 0.019231 0.024038
