0 0.342969 0.049219 0.029687 0.010937
0 0.479687 0.019531 0.031250 0.014063
0 0.672656 0.058594 0.032813 0.014063
0 0.704688 0.032031 0.028125 0.014063
0 0.868750 0.045312 0.028125 0.012500
0 0.990625 0.088281 0.018750 0.014063
0 0.988281 0.227344 0.023438 0.017188
0 0.967969 0.269531 0.014063 0.026562
0 0.953906 0.264844 0.014063 0.023438
0 0.914062 0.260156 0.012500 0.020313
0 0.830469 0.262500 0.014063 0.025000
0 0.732031 0.250781 0.010937 0.020313
0 0.696094 0.250781 0.014063 0.023438
0 0.651563 0.246875 0.015625 0.021875
0 0.056250 0.213281 0.015625 0.020313
0 0.338281 0.378906 0.026562 0.017188
0 0.338281 0.391406 0.029687 0.010937
0 0.466406 0.326562 0.026562 0.012500
0 0.467187 0.339062 0.031250 0.012500
0 0.622656 0.540625 0.014063 0.018750
0 0.522656 0.550781 0.026562 0.014063
0 0.648438 0.582031 0.028125 0.014063
0 0.751563 0.512500 0.015625 0.015625
0 0.767969 0.508594 0.020313 0.020313
0 0.799219 0.490625 0.023438 0.025000
0 0.875000 0.479687 0.018750 0.018750
0 0.922656 0.529687 0.026562 0.021875
0 0.936719 0.608594 0.023438 0.020313
0 0.925781 0.617188 0.020313 0.018750
0 0.921094 0.628906 0.020313 0.020313
0 0.895312 0.664844 0.025000 0.023438
0 0.892188 0.675781 0.018750 0.014063
0 0.869531 0.688281 0.026562 0.023438
0 0.860938 0.697656 0.028125 0.020313
0 0.755469 0.630469 0.020313 0.014063
0 0.758594 0.642969 0.032813 0.010937
0 0.762500 0.695312 0.025000 0.015625
0 0.775000 0.703125 0.021875 0.015625
0 0.777344 0.732812 0.026562 0.018750
0 0.855469 0.785937 0.020313 0.009375
0 0.857031 0.796094 0.032813 0.010937
0 0.766406 0.808594 0.020313 0.010937
0 0.396875 0.652344 0.018750 0.023438
0 0.464062 0.598437 0.015625 0.021875
0 0.517969 0.595313 0.017188 0.018750
0 0.596094 0.601562 0.014063 0.021875
0 0.610938 0.601562 0.012500 0.025000
0 0.428125 0.689844 0.028125 0.010937
0 0.434375 0.712500 0.025000 0.009375
0 0.429688 0.723437 0.028125 0.009375
0 0.421094 0.753125 0.026562 0.012500
0 0.425000 0.783594 0.028125 0.010937
0 0.196875 0.575000 0.015625 0.021875
0 0.183594 0.572656 0.010937 0.017188
0 0.050781 0.575000 0.014063 0.018750
0 0.035156 0.566406 0.017188 0.023438
0 0.005469 0.560156 0.007812 0.023438
0 0.421094 0.963281 0.032813 0.017188
0 0.760156 0.831250 0.023438 0.012500
0 0.748437 0.878125 0.028125 0.012500
0 0.743750 0.902344 0.025000 0.010937
0 0.848437 0.846875 0.021875 0.009375
0 0.853125 0.859375 0.021875 0.012500
0 0.847656 0.883594 0.029687 0.007812
0 0.015625 0.003906 0.028125 0.004687
