0 0.075000 0.101562 0.034375 0.015625
0 0.175000 0.079687 0.037500 0.018750
0 0.533594 0.271094 0.017188 0.026562
0 0.416406 0.324219 0.017188 0.023438
0 0.698438 0.308594 0.015625 0.023438
0 0.834375 0.253906 0.018750 0.023438
0 0.871875 0.253906 0.015625 0.020313
0 0.894531 0.253125 0.014063 0.021875
0 0.921875 0.295312 0.018750 0.021875
0 0.747656 0.305469 0.014063 0.023438
0 0.673438 0.307031 0.015625 0.023438
0 0.576562 0.311719 0.018750 0.023438
0 0.560937 0.308594 0.015625 0.020313
0 0.272656 0.314063 0.023438 0.012500
0 0.271875 0.326562 0.025000 0.009375
0 0.264844 0.335156 0.023438 0.010937
0 0.265625 0.344531 0.025000 0.014063
0 0.225000 0.456250 0.028125 0.015625
0 0.224219 0.467969 0.026562 0.017188
0 0.221094 0.494531 0.029687 0.014063
0 0.221094 0.504687 0.029687 0.015625
0 0.242188 0.625000 0.025000 0.015625
0 0.250000 0.635156 0.028125 0.014063
0 0.253906 0.645312 0.026562 0.012500
0 0.260156 0.658594 0.023438 0.014063
0 0.266406 0.666406 0.026562 0.014063
0 0.285938 0.692187 0.028125 0.015625
0 0.317969 0.385937 0.023438 0.012500
0 0.307812 0.402344 0.025000 0.014063
0 0.300781 0.419531 0.026562 0.010937
0 0.298438 0.431250 0.028125 0.012500
0 0.288281 0.448437 0.026562 0.015625
0 0.284375 0.467187 0.025000 0.012500
0 0.282031 0.494531 0.029687 0.010937
0 0.289062 0.508594 0.028125 0.010937
0 0.286719 0.528906 0.029687 0.014063
0 0.288281 0.540625 0.029687 0.009375
0 0.293750 0.560156 0.031250 0.014063
0 0.294531 0.570312 0.029687 0.009375
0 0.294531 0.578906 0.026562 0.010937
0 0.306250 0.619531 0.031250 0.017188
0 0.317969 0.631250 0.026562 0.015625
0 0.332813 0.652344 0.025000 0.014063
0 0.334375 0.666406 0.028125 0.014063
0 0.352344 0.679688 0.026562 0.015625
0 0.378125 0.705469 0.018750 0.023438
0 0.393750 0.705469 0.015625 0.023438
0 0.406250 0.702344 0.018750 0.020313
0 0.420312 0.703125 0.015625 0.021875
0 0.456250 0.702344 0.012500 0.017188
0 0.424219 0.748437 0.017188 0.021875
0 0.446875 0.745313 0.015625 0.021875
0 0.459375 0.743750 0.015625 0.018750
0 0.474219 0.743750 0.017188 0.021875
0 0.499219 0.740625 0.014063 0.021875
0 0.533594 0.736719 0.017188 0.020313
0 0.573438 0.738281 0.031250 0.048438
0 0.618750 0.731250 0.018750 0.025000
0 0.632812 0.729688 0.015625 0.021875
0 0.648438 0.729688 0.015625 0.021875
0 0.626563 0.682813 0.012500 0.018750
0 0.641406 0.682813 0.014063 0.025000
0 0.653906 0.681250 0.010937 0.021875
0 0.667188 0.679688 0.015625 0.021875
0 0.722656 0.675000 0.014063 0.025000
0 0.737500 0.675781 0.012500 0.023438
0 0.752344 0.674219 0.014063 0.023438
0 0.764844 0.673438 0.014063 0.021875
0 0.778125 0.675000 0.012500 0.015625
0 0.768750 0.720313 0.015625 0.025000
0 0.925781 0.660156 0.014063 0.023438
0 0.942187 0.660156 0.015625 0.020313
0 0.967187 0.703906 0.012500 0.023438
0 0.982031 0.701562 0.010937 0.021875
0 0.904687 0.730469 0.028125 0.010937
0 0.907031 0.748437 0.029687 0.015625
0 0.354687 0.805469 0.034375 0.020313
0 0.364844 0.824219 0.032813 0.017188
