0 0.533594 0.362500 0.029687 0.028125
0 0.758594 0.620313 0.020313 0.028125
0 0.721094 0.623437 0.020313 0.025000
0 0.741406 0.635156 0.020313 0.023438
0 0.732812 0.646875 0.021875 0.025000
0 0.708594 0.632031 0.014063 0.023438
0 0.720313 0.660937 0.018750 0.021875
0 0.700781 0.642188 0.020313 0.028125
0 0.710156 0.667188 0.017188 0.025000
0 0.689844 0.650781 0.017188 0.023438
0 0.700000 0.674219 0.018750 0.020313
0 0.689063 0.681250 0.015625 0.021875
0 0.679688 0.657031 0.015625 0.023438
0 0.669531 0.665625 0.017188 0.028125
0 0.677344 0.689844 0.020313 0.023438
0 0.667188 0.699219 0.018750 0.023438
0 0.656250 0.671875 0.018750 0.025000
0 0.646875 0.681250 0.018750 0.025000
0 0.657031 0.707031 0.020313 0.023438
0 0.636719 0.689844 0.020313 0.023438
0 0.645312 0.713281 0.018750 0.026562
0 0.628906 0.699219 0.017188 0.023438
0 0.635156 0.720313 0.020313 0.025000
0 0.616406 0.705469 0.017188 0.023438
0 0.625000 0.733594 0.018750 0.026562
0 0.606250 0.713281 0.021875 0.026562
0 0.614062 0.739062 0.021875 0.028125
0 0.594531 0.721875 0.020313 0.021875
0 0.603125 0.743750 0.021875 0.021875
0 0.592969 0.753906 0.017188 0.023438
0 0.478906 0.817969 0.017188 0.023438
0 0.466406 0.825000 0.017188 0.021875
0 0.485156 0.843750 0.023438 0.021875
0 0.707031 0.517969 0.026562 0.026562
0 0.653125 0.559375 0.028125 0.021875
0 0.645312 0.571094 0.025000 0.017188
0 0.636719 0.579688 0.029687 0.021875
0 0.626563 0.588281 0.034375 0.026562
0 0.613281 0.595313 0.032813 0.025000
0 0.603125 0.600781 0.025000 0.023438
0 0.590625 0.607031 0.025000 0.023438
0 0.582812 0.617969 0.028125 0.023438
0 0.571094 0.625000 0.026562 0.028125
0 0.560937 0.635938 0.031250 0.028125
0 0.550781 0.644531 0.029687 0.026562
0 0.539062 0.654687 0.025000 0.021875
0 0.530469 0.661719 0.029687 0.026562
0 0.514844 0.669531 0.026562 0.023438
0 0.506250 0.675781 0.028125 0.020313
0 0.496094 0.685156 0.026562 0.023438
0 0.485156 0.694531 0.029687 0.023438
0 0.475000 0.701562 0.031250 0.028125
0 0.463281 0.710156 0.029687 0.023438
0 0.453906 0.720313 0.029687 0.025000
0 0.442969 0.729688 0.029687 0.025000
0 0.433594 0.735156 0.026562 0.023438
0 0.424219 0.744531 0.029687 0.026562
0 0.383594 0.779687 0.032813 0.028125
