0 0.868750 0.140625 0.040625 0.021875
0 0.871094 0.746875 0.010937 0.021875
0 0.856250 0.746875 0.012500 0.025000
0 0.843750 0.746094 0.009375 0.020313
0 0.831250 0.746875 0.012500 0.018750
0 0.821875 0.746875 0.009375 0.021875
0 0.809375 0.752344 0.012500 0.020313
0 0.796875 0.752344 0.018750 0.023438
0 0.774219 0.754687 0.014063 0.025000
0 0.759375 0.753125 0.015625 0.021875
0 0.740625 0.755469 0.015625 0.023438
0 0.730469 0.759375 0.010937 0.025000
0 0.783594 0.792188 0.017188 0.006250
0 0.943750 0.781250 0.015625 0.025000
0 0.964063 0.777344 0.012500 0.023438
0 0.975000 0.778125 0.009375 0.021875
0 0.987500 0.777344 0.012500 0.023438
0 0.981250 0.825000 0.018750 0.031250
0 0.912500 0.856250 0.025000 0.018750
0 0.940625 0.853125 0.021875 0.018750
0 0.943750 0.865625 0.025000 0.015625
0 0.940625 0.899219 0.018750 0.014063
0 0.940625 0.909375 0.015625 0.012500
0 0.937500 0.918750 0.021875 0.015625
0 0.906250 0.898438 0.028125 0.015625
0 0.903125 0.912500 0.028125 0.015625
0 0.850000 0.893750 0.015625 0.025000
0 0.711719 0.798438 0.014063 0.018750
0 0.710938 0.817969 0.015625 0.017188
0 0.709375 0.842969 0.015625 0.020313
0 0.825781 0.892188 0.014063 0.021875
0 0.780469 0.891406 0.010937 0.017188
0 0.742188 0.925000 0.012500 0.021875
0 0.757812 0.922656 0.012500 0.026562
0 0.771094 0.922656 0.010937 0.020313
0 0.819531 0.928906 0.010937 0.023438
0 0.832812 0.930469 0.012500 0.023438
0 0.861719 0.935156 0.010937 0.023438
0 0.900781 0.941406 0.023438 0.014063
0 0.931250 0.950000 0.012500 0.015625
0 0.930469 0.965625 0.014063 0.018750
0 0.930469 0.983594 0.014063 0.017188
0 0.896094 0.960938 0.023438 0.012500
0 0.892188 0.982812 0.028125 0.012500
0 0.892188 0.993750 0.021875 0.012500
0 0.796875 0.941406 0.012500 0.020313
0 0.796875 0.960938 0.012500 0.018750
0 0.715625 0.963281 0.015625 0.029687
0 0.728906 0.941406 0.017188 0.017188
0 0.753125 0.943750 0.012500 0.018750
0 0.764062 0.942969 0.009375 0.020313
0 0.775000 0.943750 0.012500 0.018750
0 0.739062 0.975000 0.012500 0.025000
0 0.753125 0.973437 0.015625 0.025000
0 0.768750 0.975000 0.012500 0.021875
0 0.794531 0.978125 0.014063 0.021875
0 0.807813 0.980469 0.012500 0.023438
0 0.814844 0.979688 0.010937 0.021875
0 0.825781 0.980469 0.010937 0.020313
0 0.836719 0.982031 0.010937 0.020313
0 0.848437 0.982812 0.009375 0.018750
