0 0.010156 0.207813 0.017188 0.009375
0 0.010156 0.221094 0.017188 0.010937
0 0.080469 0.196875 0.014063 0.018750
0 0.096875 0.196094 0.015625 0.017188
0 0.031250 0.021094 0.021875 0.014063
0 0.031250 0.012500 0.018750 0.009375
0 0.031250 0.003125 0.025000 0.003125
0 0.109375 0.193750 0.015625 0.015625
0 0.232813 0.187500 0.012500 0.018750
0 0.243750 0.187500 0.015625 0.018750
0 0.282813 0.203125 0.021875 0.006250
0 0.231250 0.228125 0.015625 0.018750
0 0.218750 0.228125 0.015625 0.018750
0 0.207813 0.228125 0.012500 0.015625
0 0.180469 0.234375 0.014063 0.018750
0 0.167969 0.231250 0.014063 0.015625
0 0.148438 0.234375 0.018750 0.025000
0 0.115625 0.237500 0.018750 0.021875
0 0.081250 0.237500 0.015625 0.021875
0 0.099219 0.280469 0.014063 0.017188
0 0.118750 0.278125 0.015625 0.018750
0 0.134375 0.278125 0.012500 0.015625
0 0.089063 0.321875 0.012500 0.015625
0 0.068750 0.328125 0.015625 0.018750
0 0.049219 0.328125 0.017188 0.021875
0 0.267188 0.529687 0.021875 0.006250
0 0.240625 0.518750 0.021875 0.012500
0 0.885938 0.821875 0.012500 0.021875
0 0.349219 0.893750 0.010937 0.015625
0 0.364844 0.900000 0.014063 0.015625
0 0.177344 0.317188 0.020313 0.018750
0 0.065625 0.270313 0.021875 0.012500
0 0.065625 0.241406 0.021875 0.010937
0 0.064062 0.251563 0.021875 0.012500
0 0.296875 0.628125 0.028125 0.015625
