0 0.202344 0.286719 0.029687 0.014063
0 0.615625 0.318750 0.028125 0.015625
0 0.818750 0.332031 0.031250 0.014063
0 0.885156 0.373437 0.029687 0.018750
0 0.567969 0.470313 0.017188 0.018750
0 0.342187 0.460156 0.018750 0.020313
0 0.317969 0.450781 0.014063 0.020313
0 0.237500 0.450781 0.015625 0.020313
0 0.143750 0.447656 0.018750 0.023438
0 0.858594 0.715625 0.014063 0.018750
0 0.965625 0.713281 0.015625 0.023438
0 0.942969 0.927344 0.010937 0.020313
0 0.989062 0.928906 0.012500 0.023438
0 0.765625 0.921875 0.025000 0.009375
0 0.766406 0.929688 0.023438 0.012500
0 0.689844 0.936719 0.032813 0.017188
0 0.739844 0.985156 0.029687 0.010937
