0 0.586719 0.612500 0.014063 0.025000
0 0.821875 0.440625 0.025000 0.009375
0 0.721875 0.062500 0.021875 0.015625
0 0.743750 0.109375 0.021875 0.015625
0 0.761719 0.153125 0.020313 0.015625
0 0.790625 0.196875 0.025000 0.015625
0 0.808594 0.234375 0.020313 0.018750
0 0.867188 0.125000 0.025000 0.018750
0 0.887500 0.161719 0.028125 0.020313
0 0.902344 0.196875 0.026562 0.015625
0 0.924219 0.232813 0.026562 0.015625
0 0.959375 0.118750 0.028125 0.015625
0 0.986719 0.158594 0.020313 0.020313
0 0.993750 0.200000 0.009375 0.018750
