0 0.075721 0.054087 0.021635 0.026442
0 0.191106 0.076923 0.016827 0.024038
0 0.209135 0.084135 0.019231 0.024038
0 0.466346 0.301683 0.024038 0.016827
0 0.460337 0.312500 0.026442 0.024038
0 0.396635 0.490385 0.024038 0.019231
0 0.394231 0.507212 0.028846 0.014423
0 0.382212 0.520433 0.028846 0.021635
0 0.362981 0.609375 0.028846 0.021635
0 0.430288 0.632212 0.019231 0.024038
0 0.498798 0.655048 0.021635 0.021635
0 0.514423 0.460337 0.024038 0.026442
0 0.514423 0.385817 0.024038 0.021635
0 0.545673 0.362981 0.024038 0.024038
0 0.551683 0.318510 0.016827 0.026442
