0 0.319531 0.349219 0.023438 0.023438
0 0.357812 0.386719 0.015625 0.023438
0 0.381250 0.389062 0.021875 0.021875
0 0.470313 0.389844 0.018750 0.029687
0 0.224219 0.469531 0.020313 0.023438
0 0.880469 0.083594 0.029687 0.048438
0 0.715625 0.875000 0.021875 0.025000
0 0.274219 0.739062 0.014063 0.018750
0 0.270313 0.774219 0.015625 0.020313
0 0.282031 0.776563 0.014063 0.018750
0 0.280469 0.795312 0.014063 0.018750
0 0.294531 0.794531 0.014063 0.023438
0 0.316406 0.796094 0.017188 0.020313
0 0.350000 0.837500 0.015625 0.021875
0 0.317188 0.836719 0.009375 0.020313
0 0.305469 0.834375 0.014063 0.021875
0 0.294531 0.837500 0.014063 0.018750
0 0.267969 0.860938 0.017188 0.025000
0 0.283594 0.854688 0.010937 0.018750
0 0.296875 0.857812 0.015625 0.021875
0 0.317188 0.855469 0.012500 0.017188
0 0.329688 0.853906 0.012500 0.017188
0 0.375000 0.897656 0.015625 0.020313
0 0.353906 0.915625 0.014063 0.025000
0 0.342187 0.898438 0.012500 0.025000
0 0.332031 0.896875 0.014063 0.021875
0 0.315625 0.896875 0.015625 0.021875
0 0.271094 0.898438 0.017188 0.018750
0 0.274219 0.917969 0.017188 0.017188
0 0.296875 0.916406 0.015625 0.020313
0 0.288281 0.960156 0.014063 0.020313
