0 0.832812 0.106250 0.018750 0.021875
0 0.780469 0.151562 0.017188 0.028125
0 0.750781 0.149219 0.017188 0.029687
0 0.928125 0.560156 0.037500 0.017188
0 0.994531 0.555469 0.010937 0.010937
0 0.673438 0.605469 0.028125 0.014063
0 0.528125 0.517969 0.040625 0.020313
0 0.247656 0.599219 0.029687 0.014063
0 0.175000 0.609375 0.034375 0.015625
0 0.105469 0.598437 0.026562 0.012500
0 0.107031 0.611719 0.035937 0.014063
0 0.038281 0.633594 0.029687 0.017188
0 0.496875 0.926562 0.028125 0.031250
0 0.415625 0.975781 0.012500 0.026562
0 0.404687 0.975781 0.018750 0.035937
0 0.214844 0.989844 0.017188 0.020313
0 0.196875 0.989844 0.015625 0.020313
0 0.158594 0.988281 0.020313 0.023438
0 0.444531 0.928906 0.014063 0.023438
0 0.446094 0.971875 0.017188 0.021875
