0 0.671875 0.173077 0.021635 0.028846
0 0.647837 0.165865 0.021635 0.033654
0 0.528846 0.176683 0.024038 0.036058
0 0.509615 0.175481 0.014423 0.028846
0 0.477163 0.173077 0.021635 0.028846
0 0.483173 0.234375 0.019231 0.021635
0 0.569712 0.819712 0.033654 0.014423
0 0.568510 0.835337 0.036058 0.012019
0 0.569712 0.850962 0.038462 0.014423
0 0.044471 0.168269 0.036058 0.019231
0 0.038462 0.185096 0.038462 0.019231
0 0.046875 0.200721 0.031250 0.016827
0 0.042067 0.212740 0.031250 0.016827
0 0.043269 0.230769 0.028846 0.019231
0 0.700721 0.942308 0.040865 0.014423
0 0.697115 0.926683 0.043269 0.016827
