0 0.321875 0.356250 0.034375 0.015625
0 0.324219 0.368750 0.032813 0.012500
0 0.468750 0.400000 0.028125 0.015625
0 0.364844 0.421094 0.035937 0.014063
0 0.368750 0.433594 0.031250 0.017188
0 0.368750 0.452344 0.028125 0.014063
0 0.334375 0.434375 0.028125 0.012500
0 0.335938 0.443750 0.025000 0.009375
0 0.339844 0.462500 0.039062 0.012500
0 0.339844 0.483594 0.039062 0.017188
0 0.346094 0.496094 0.035937 0.017188
0 0.454688 0.568750 0.028125 0.012500
0 0.418750 0.625000 0.018750 0.034375
0 0.353125 0.564063 0.034375 0.015625
0 0.496094 0.635938 0.042188 0.015625
0 0.507812 0.321094 0.031250 0.017188
