0 0.384375 0.249219 0.025000 0.014063
0 0.384375 0.259375 0.025000 0.009375
0 0.415625 0.318750 0.012500 0.018750
0 0.427344 0.325000 0.020313 0.018750
0 0.946875 0.901563 0.012500 0.018750
0 0.509375 0.881250 0.025000 0.015625
0 0.389844 0.918750 0.014063 0.021875
0 0.364844 0.921875 0.017188 0.015625
0 0.434375 0.928125 0.021875 0.012500
0 0.396094 0.964063 0.014063 0.018750
0 0.275000 0.642188 0.018750 0.012500
0 0.275000 0.631250 0.025000 0.009375
0 0.278125 0.621875 0.018750 0.006250
0 0.281250 0.614062 0.025000 0.009375
0 0.286719 0.603125 0.020313 0.012500
0 0.293750 0.593750 0.025000 0.012500
0 0.355469 0.551562 0.017188 0.021875
0 0.367969 0.548438 0.017188 0.018750
0 0.380469 0.546094 0.017188 0.017188
0 0.392969 0.543750 0.014063 0.018750
0 0.403125 0.543750 0.015625 0.018750
0 0.415625 0.542969 0.012500 0.020313
0 0.428125 0.542969 0.012500 0.017188
0 0.452344 0.550000 0.010937 0.018750
0 0.462500 0.556250 0.015625 0.018750
0 0.471875 0.564844 0.015625 0.017188
0 0.478125 0.574219 0.021875 0.017188
0 0.484375 0.583594 0.025000 0.014063
0 0.487500 0.590625 0.025000 0.012500
0 0.487500 0.603125 0.028125 0.015625
0 0.481250 0.621875 0.025000 0.009375
0 0.475000 0.628125 0.021875 0.009375
0 0.471875 0.637500 0.018750 0.009375
0 0.465625 0.645312 0.021875 0.009375
0 0.450000 0.659375 0.018750 0.012500
0 0.443750 0.667188 0.025000 0.015625
0 0.431250 0.671875 0.025000 0.018750
0 0.374219 0.690625 0.017188 0.021875
0 0.364063 0.690625 0.018750 0.025000
0 0.333594 0.681250 0.020313 0.015625
0 0.408594 0.587500 0.014063 0.018750
0 0.396875 0.589844 0.009375 0.020313
0 0.384375 0.589844 0.009375 0.020313
0 0.371875 0.592969 0.012500 0.017188
0 0.364844 0.596875 0.010937 0.018750
0 0.354687 0.602344 0.015625 0.017188
0 0.343750 0.612500 0.025000 0.021875
0 0.353125 0.611719 0.025000 0.020313
0 0.339062 0.626563 0.021875 0.015625
0 0.354687 0.648438 0.015625 0.015625
0 0.368750 0.648438 0.015625 0.018750
0 0.392188 0.642969 0.012500 0.014063
0 0.398438 0.637500 0.015625 0.018750
0 0.405469 0.631250 0.014063 0.015625
0 0.412500 0.625000 0.018750 0.018750
0 0.421875 0.617969 0.018750 0.017188
0 0.430469 0.610938 0.020313 0.015625
0 0.063281 0.097656 0.029687 0.020313
