0 0.072656 0.477344 0.029687 0.017188
0 0.087500 0.317188 0.028125 0.015625
0 0.037500 0.364844 0.025000 0.014063
0 0.378906 0.176563 0.029687 0.015625
0 0.164062 0.191406 0.028125 0.017188
0 0.165625 0.225781 0.028125 0.014063
0 0.139844 0.217188 0.023438 0.012500
0 0.907031 0.014844 0.020313 0.010937
0 0.846875 0.035937 0.028125 0.015625
0 0.845313 0.025781 0.028125 0.010937
0 0.839063 0.014844 0.028125 0.014063
0 0.840625 0.006250 0.034375 0.009375
0 0.625000 0.021094 0.018750 0.017188
0 0.625000 0.032031 0.021875 0.017188
0 0.625781 0.044531 0.023438 0.020313
0 0.684375 0.042188 0.021875 0.021875
0 0.707031 0.042969 0.020313 0.020313
0 0.570312 0.028125 0.025000 0.012500
0 0.568750 0.011719 0.025000 0.010937
0 0.568750 0.003125 0.025000 0.003125
0 0.407813 0.011719 0.028125 0.010937
0 0.212500 0.130469 0.021875 0.023438
0 0.189844 0.139063 0.017188 0.025000
0 0.129688 0.145313 0.012500 0.021875
0 0.125781 0.113281 0.026562 0.023438
0 0.130469 0.094531 0.023438 0.020313
0 0.174219 0.021094 0.017188 0.023438
0 0.131250 0.033594 0.021875 0.020313
0 0.128906 0.053125 0.020313 0.025000
0 0.081250 0.014063 0.025000 0.009375
0 0.078906 0.024219 0.026562 0.007812
0 0.079687 0.034375 0.025000 0.009375
0 0.080469 0.040625 0.026562 0.009375
0 0.076563 0.055469 0.028125 0.007812
0 0.076563 0.064062 0.025000 0.009375
0 0.076563 0.079687 0.028125 0.012500
0 0.075781 0.088281 0.026562 0.007812
0 0.074219 0.096094 0.026562 0.010937
0 0.070312 0.112500 0.028125 0.009375
0 0.097656 0.100781 0.020313 0.010937
0 0.103906 0.061719 0.017188 0.010937
0 0.106250 0.037500 0.018750 0.009375
0 0.104688 0.028906 0.018750 0.007812
0 0.104688 0.022656 0.018750 0.007812
0 0.106250 0.013281 0.018750 0.007812
0 0.107031 0.003125 0.023438 0.003125
0 0.049219 0.006250 0.023438 0.009375
0 0.044531 0.021094 0.023438 0.007812
0 0.045312 0.028906 0.025000 0.010937
0 0.044531 0.039844 0.026562 0.010937
0 0.045312 0.049219 0.025000 0.007812
0 0.045312 0.058594 0.021875 0.010937
0 0.042969 0.064844 0.023438 0.007812
0 0.041406 0.074219 0.020313 0.010937
0 0.039062 0.082812 0.021875 0.009375
0 0.039844 0.090625 0.020313 0.009375
0 0.037500 0.100781 0.021875 0.010937
0 0.037500 0.108594 0.018750 0.007812
0 0.038281 0.116406 0.020313 0.007812
0 0.036719 0.124219 0.020313 0.007812
0 0.035937 0.133594 0.025000 0.010937
0 0.035937 0.142969 0.021875 0.007812
0 0.034375 0.153906 0.025000 0.007812
0 0.023438 0.167969 0.018750 0.007812
0 0.027344 0.175000 0.020313 0.009375
0 0.023438 0.046094 0.018750 0.010937
0 0.024219 0.063281 0.017188 0.010937
0 0.023438 0.074219 0.015625 0.010937
0 0.022656 0.083594 0.014063 0.007812
0 0.022656 0.091406 0.017188 0.010937
0 0.021094 0.101562 0.014063 0.009375
0 0.021875 0.110156 0.015625 0.007812
0 0.018750 0.125000 0.015625 0.009375
