0 0.573438 0.185938 0.021875 0.009375
0 0.596094 0.187500 0.023438 0.012500
0 0.571875 0.212500 0.021875 0.009375
0 0.567187 0.218750 0.025000 0.009375
0 0.593750 0.221875 0.025000 0.009375
0 0.568750 0.231250 0.021875 0.012500
0 0.653125 0.189844 0.025000 0.010937
0 0.651563 0.201563 0.028125 0.012500
0 0.650000 0.224219 0.021875 0.014063
0 0.650000 0.237500 0.025000 0.009375
0 0.518750 0.192188 0.028125 0.012500
0 0.515625 0.202344 0.025000 0.007812
0 0.517969 0.212500 0.023438 0.009375
0 0.515625 0.218750 0.025000 0.009375
0 0.515625 0.234375 0.025000 0.015625
0 0.581250 0.262500 0.031250 0.012500
0 0.981250 0.365625 0.025000 0.015625
0 0.959375 0.370312 0.025000 0.015625
0 0.955469 0.385937 0.023438 0.015625
0 0.971875 0.396875 0.025000 0.015625
0 0.903125 0.350000 0.025000 0.015625
0 0.903125 0.376563 0.025000 0.012500
0 0.540625 0.337500 0.021875 0.009375
0 0.540625 0.354687 0.025000 0.009375
0 0.534375 0.364844 0.025000 0.010937
0 0.534375 0.371875 0.021875 0.006250
0 0.534375 0.380469 0.025000 0.010937
0 0.596094 0.354687 0.026562 0.015625
0 0.621875 0.340625 0.025000 0.009375
0 0.618750 0.367188 0.028125 0.015625
0 0.596875 0.374219 0.028125 0.010937
0 0.387500 0.278125 0.028125 0.015625
0 0.078125 0.237500 0.025000 0.009375
0 0.100000 0.574219 0.025000 0.010937
0 0.100000 0.585938 0.021875 0.009375
0 0.100000 0.596875 0.028125 0.012500
0 0.099219 0.610938 0.023438 0.009375
0 0.096875 0.628125 0.025000 0.009375
0 0.096875 0.640625 0.025000 0.012500
0 0.187500 0.628125 0.025000 0.021875
0 0.508594 0.593750 0.023438 0.006250
0 0.508594 0.602344 0.023438 0.007812
0 0.503125 0.612500 0.021875 0.009375
0 0.502344 0.621875 0.023438 0.009375
0 0.496875 0.640625 0.025000 0.009375
0 0.493750 0.648438 0.021875 0.009375
0 0.492969 0.654687 0.020313 0.006250
0 0.490625 0.667969 0.021875 0.010937
0 0.489844 0.678125 0.023438 0.006250
0 0.578125 0.590625 0.025000 0.006250
0 0.579688 0.599219 0.021875 0.007812
0 0.575000 0.609375 0.025000 0.009375
0 0.571875 0.615625 0.028125 0.009375
0 0.565625 0.643750 0.025000 0.012500
0 0.559375 0.660937 0.025000 0.009375
0 0.556250 0.671875 0.025000 0.012500
0 0.937500 0.896875 0.028125 0.018750
0 0.911719 0.893750 0.023438 0.012500
0 0.909375 0.906250 0.028125 0.015625
0 0.907813 0.921875 0.025000 0.012500
0 0.907813 0.932813 0.021875 0.009375
0 0.909375 0.940625 0.021875 0.009375
0 0.852344 0.928125 0.029687 0.012500
0 0.850000 0.940625 0.025000 0.009375
0 0.475000 0.875000 0.025000 0.012500
0 0.474219 0.881250 0.026562 0.012500
0 0.471875 0.931250 0.025000 0.009375
0 0.502344 0.768750 0.017188 0.021875
0 0.987500 0.596875 0.015625 0.021875
0 0.533594 0.886719 0.032813 0.010937
0 0.531250 0.903125 0.021875 0.009375
0 0.555469 0.905469 0.023438 0.010937
0 0.554688 0.914844 0.021875 0.007812
0 0.528125 0.912500 0.021875 0.009375
0 0.530469 0.937500 0.026562 0.009375
0 0.554688 0.930469 0.025000 0.010937
0 0.340625 0.962500 0.034375 0.015625
0 0.312500 0.959375 0.021875 0.015625
0 0.287500 0.960938 0.021875 0.009375
0 0.021094 0.943750 0.023438 0.015625
0 0.107813 0.946875 0.025000 0.009375
0 0.134375 0.948438 0.028125 0.012500
0 0.149219 0.577344 0.020313 0.026562
0 0.113281 0.764844 0.014063 0.020313
