0 0.562500 0.539844 0.021875 0.014063
0 0.552344 0.553125 0.023438 0.018750
0 0.279687 0.004687 0.018750 0.006250
0 0.291406 0.014063 0.020313 0.012500
0 0.305469 0.007812 0.014063 0.012500
0 0.284375 0.022656 0.018750 0.017188
0 0.269531 0.009375 0.017188 0.015625
0 0.250000 0.024219 0.018750 0.017188
0 0.262500 0.017969 0.021875 0.017188
0 0.232813 0.036719 0.018750 0.014063
0 0.220312 0.044531 0.018750 0.017188
0 0.211719 0.052344 0.023438 0.017188
0 0.246875 0.049219 0.018750 0.017188
0 0.237500 0.057813 0.018750 0.015625
0 0.228906 0.065625 0.023438 0.015625
0 0.218750 0.072656 0.021875 0.014063
0 0.206250 0.078906 0.028125 0.023438
0 0.170313 0.150000 0.021875 0.015625
0 0.107813 0.142187 0.021875 0.015625
0 0.100000 0.151562 0.018750 0.015625
0 0.094531 0.156250 0.020313 0.015625
0 0.087500 0.160938 0.015625 0.012500
0 0.081250 0.167969 0.018750 0.014063
0 0.072656 0.173437 0.017188 0.015625
0 0.065625 0.178906 0.018750 0.014063
0 0.060156 0.184375 0.017188 0.015625
0 0.053906 0.190625 0.020313 0.015625
0 0.044531 0.195312 0.020313 0.015625
0 0.039062 0.201563 0.018750 0.015625
0 0.032813 0.207813 0.021875 0.015625
0 0.022656 0.210938 0.017188 0.015625
0 0.017188 0.217188 0.021875 0.015625
0 0.010156 0.224219 0.017188 0.017188
0 0.007031 0.230469 0.010937 0.014063
0 0.139063 0.179688 0.018750 0.015625
0 0.127344 0.182031 0.020313 0.017188
0 0.123438 0.189844 0.018750 0.014063
0 0.114062 0.192188 0.018750 0.015625
0 0.109375 0.200781 0.018750 0.014063
0 0.103125 0.205469 0.021875 0.017188
0 0.096094 0.210156 0.020313 0.014063
0 0.089063 0.217969 0.015625 0.014063
0 0.160938 0.182812 0.018750 0.015625
0 0.154688 0.191406 0.018750 0.014063
0 0.146875 0.195312 0.018750 0.015625
0 0.141406 0.201563 0.017188 0.012500
0 0.132812 0.206250 0.018750 0.012500
0 0.127344 0.213281 0.020313 0.010937
0 0.120313 0.217969 0.018750 0.017188
0 0.111719 0.225000 0.020313 0.015625
0 0.104688 0.230469 0.018750 0.017188
0 0.096875 0.235156 0.018750 0.017188
0 0.075781 0.228125 0.017188 0.015625
0 0.091406 0.239063 0.017188 0.015625
0 0.064062 0.232031 0.015625 0.014063
0 0.075781 0.250781 0.017188 0.014063
0 0.082812 0.244531 0.018750 0.017188
0 0.059375 0.237500 0.015625 0.015625
0 0.053125 0.246094 0.018750 0.014063
0 0.068750 0.257031 0.018750 0.014063
0 0.060937 0.263281 0.018750 0.017188
0 0.055469 0.268750 0.017188 0.015625
0 0.046094 0.275000 0.017188 0.015625
0 0.040625 0.278906 0.018750 0.014063
0 0.032813 0.285156 0.018750 0.014063
0 0.027344 0.291406 0.017188 0.014063
0 0.021094 0.296875 0.020313 0.012500
0 0.012500 0.303906 0.015625 0.017188
0 0.039844 0.256250 0.017188 0.015625
0 0.029687 0.261719 0.018750 0.017188
0 0.018750 0.263281 0.018750 0.017188
0 0.015625 0.272656 0.015625 0.010937
0 0.010937 0.277344 0.015625 0.017188
0 0.007031 0.284375 0.010937 0.012500
