0 0.444531 0.510938 0.029687 0.021875
0 0.333594 0.581250 0.023438 0.015625
0 0.345313 0.593750 0.031250 0.021875
0 0.359375 0.601562 0.025000 0.018750
0 0.292187 0.637500 0.031250 0.021875
0 0.229687 0.672656 0.034375 0.023438
0 0.202344 0.682031 0.023438 0.017188
0 0.212500 0.685937 0.018750 0.015625
0 0.222656 0.692187 0.026562 0.018750
0 0.207813 0.008594 0.018750 0.014063
0 0.178906 0.008594 0.014063 0.014063
0 0.153906 0.025000 0.017188 0.021875
0 0.130469 0.025000 0.017188 0.021875
0 0.103906 0.020313 0.020313 0.025000
0 0.123438 0.064062 0.012500 0.018750
0 0.134375 0.064844 0.009375 0.017188
0 0.112500 0.063281 0.009375 0.017188
0 0.099219 0.063281 0.014063 0.017188
0 0.078906 0.060156 0.007812 0.014063
0 0.065625 0.060156 0.012500 0.020313
0 0.013281 0.051562 0.017188 0.018750
