0 0.157812 0.463281 0.037500 0.032813
0 0.038281 0.374219 0.035937 0.029687
0 0.007812 0.350781 0.012500 0.026562
0 0.139844 0.005469 0.014063 0.007812
0 0.128906 0.008594 0.020313 0.014063
0 0.119531 0.015625 0.020313 0.015625
0 0.110937 0.023438 0.021875 0.021875
0 0.101562 0.030469 0.025000 0.020313
0 0.095312 0.037500 0.025000 0.018750
0 0.087500 0.046094 0.025000 0.017188
0 0.076563 0.052344 0.025000 0.020313
0 0.069531 0.060156 0.026562 0.020313
0 0.056250 0.064062 0.025000 0.018750
0 0.046094 0.073438 0.026562 0.018750
0 0.038281 0.077344 0.023438 0.017188
0 0.028906 0.086719 0.026562 0.020313
0 0.022656 0.093750 0.023438 0.018750
0 0.009375 0.097656 0.015625 0.020313
0 0.009375 0.110156 0.015625 0.017188
0 0.103125 0.007031 0.021875 0.010937
0 0.089844 0.008594 0.023438 0.014063
0 0.081250 0.013281 0.025000 0.014063
0 0.070312 0.018750 0.025000 0.018750
0 0.064062 0.028125 0.021875 0.012500
0 0.051562 0.033594 0.025000 0.020313
0 0.043750 0.041406 0.018750 0.017188
0 0.030469 0.046875 0.026562 0.025000
0 0.016406 0.060937 0.026562 0.018750
0 0.013281 0.071094 0.023438 0.014063
0 0.009375 0.005469 0.015625 0.007812
