0 0.174219 0.423438 0.029687 0.015625
0 0.438281 0.356250 0.032813 0.012500
0 0.437500 0.377344 0.028125 0.014063
0 0.562500 0.336719 0.025000 0.014063
0 0.447656 0.685156 0.020313 0.026562
0 0.356250 0.739062 0.015625 0.021875
0 0.391406 0.732812 0.017188 0.025000
0 0.340625 0.738281 0.015625 0.023438
0 0.136719 0.756250 0.014063 0.018750
0 0.114844 0.757031 0.017188 0.026562
0 0.077344 0.756250 0.020313 0.025000
0 0.164844 0.802344 0.020313 0.023438
0 0.189062 0.798438 0.015625 0.018750
0 0.363281 0.955469 0.023438 0.017188
0 0.358594 0.986719 0.029687 0.014063
0 0.358594 0.996875 0.029687 0.006250
