0 0.909375 0.228125 0.021875 0.025000
0 0.896094 0.243750 0.026562 0.021875
0 0.452344 0.590625 0.023438 0.025000
0 0.525000 0.611719 0.028125 0.014063
0 0.403125 0.628125 0.021875 0.018750
0 0.396094 0.636719 0.020313 0.017188
0 0.389844 0.643750 0.020313 0.015625
0 0.379688 0.651563 0.021875 0.021875
0 0.368750 0.657813 0.021875 0.021875
0 0.359375 0.665625 0.021875 0.021875
0 0.349219 0.671875 0.020313 0.018750
0 0.342969 0.680469 0.023438 0.020313
0 0.333594 0.689844 0.026562 0.023438
0 0.323437 0.698438 0.025000 0.018750
0 0.314063 0.703125 0.025000 0.021875
0 0.306250 0.711719 0.028125 0.020313
0 0.292969 0.715625 0.023438 0.018750
0 0.286719 0.724219 0.023438 0.023438
0 0.275000 0.730469 0.025000 0.023438
0 0.267188 0.739062 0.025000 0.021875
0 0.256250 0.745313 0.031250 0.021875
0 0.246875 0.753125 0.025000 0.021875
0 0.239063 0.759375 0.025000 0.021875
0 0.230469 0.767188 0.023438 0.021875
0 0.223438 0.776563 0.025000 0.021875
0 0.212500 0.782813 0.028125 0.021875
0 0.180469 0.814063 0.029687 0.025000
0 0.249219 0.853125 0.017188 0.021875
0 0.260937 0.845313 0.021875 0.025000
0 0.478125 0.668750 0.018750 0.025000
0 0.470313 0.673438 0.018750 0.021875
0 0.462500 0.683594 0.018750 0.023438
0 0.453125 0.690625 0.015625 0.021875
0 0.446875 0.699219 0.018750 0.023438
0 0.437500 0.709375 0.015625 0.025000
0 0.430469 0.715625 0.017188 0.025000
0 0.418750 0.721094 0.015625 0.023438
0 0.410938 0.728125 0.018750 0.021875
0 0.400000 0.734375 0.015625 0.025000
0 0.393750 0.742969 0.015625 0.023438
0 0.381250 0.748437 0.015625 0.025000
0 0.371875 0.753125 0.018750 0.025000
0 0.358594 0.761719 0.023438 0.026562
0 0.496875 0.678125 0.018750 0.025000
0 0.487500 0.690625 0.015625 0.021875
0 0.478125 0.696094 0.015625 0.023438
0 0.468750 0.703125 0.018750 0.025000
0 0.460938 0.714844 0.018750 0.023438
0 0.453125 0.721875 0.015625 0.018750
0 0.443750 0.725000 0.015625 0.018750
0 0.434375 0.734375 0.018750 0.018750
0 0.425000 0.743750 0.018750 0.021875
0 0.415625 0.750000 0.015625 0.018750
0 0.408594 0.756250 0.017188 0.018750
0 0.396875 0.761719 0.018750 0.020313
0 0.392969 0.771875 0.017188 0.021875
0 0.381250 0.777344 0.015625 0.023438
0 0.370312 0.786719 0.021875 0.023438
0 0.428125 0.768750 0.025000 0.021875
0 0.270313 0.863281 0.018750 0.017188
