0 0.288281 0.039062 0.039062 0.015625
0 0.332031 0.057031 0.035937 0.017188
0 0.468750 0.053125 0.031250 0.015625
0 0.779687 0.098437 0.034375 0.015625
0 0.349219 0.225781 0.029687 0.017188
0 0.075781 0.245312 0.017188 0.025000
0 0.027344 0.247656 0.017188 0.026562
0 0.664062 0.218750 0.018750 0.025000
0 0.689063 0.220312 0.018750 0.021875
0 0.758594 0.224219 0.023438 0.026562
0 0.782031 0.228125 0.020313 0.025000
0 0.865625 0.230469 0.021875 0.026562
0 0.948438 0.235937 0.021875 0.025000
0 0.972656 0.089063 0.029687 0.015625
0 0.984375 0.628125 0.018750 0.025000
0 0.991406 0.682813 0.017188 0.025000
0 0.292969 0.348438 0.026562 0.015625
0 0.180469 0.610938 0.032813 0.018750
0 0.046094 0.750781 0.023438 0.020313
0 0.547656 0.639062 0.032813 0.015625
0 0.553125 0.657031 0.031250 0.010937
0 0.551562 0.670312 0.031250 0.012500
0 0.548438 0.685937 0.031250 0.012500
0 0.617969 0.588281 0.026562 0.010937
0 0.621875 0.603125 0.031250 0.009375
0 0.619531 0.612500 0.035937 0.012500
0 0.621875 0.624219 0.028125 0.014063
0 0.621875 0.635156 0.028125 0.010937
