0 0.259375 0.032813 0.012500 0.018750
0 0.233594 0.032813 0.014063 0.018750
0 0.075000 0.040625 0.009375 0.018750
0 0.059375 0.039844 0.015625 0.023438
0 0.025000 0.042969 0.018750 0.023438
0 0.337500 0.085938 0.025000 0.012500
0 0.334375 0.096875 0.025000 0.012500
0 0.415625 0.179688 0.028125 0.009375
0 0.411719 0.210938 0.023438 0.009375
0 0.412500 0.221094 0.021875 0.010937
0 0.656250 0.408594 0.015625 0.020313
0 0.699219 0.429688 0.023438 0.012500
0 0.642969 0.411719 0.014063 0.020313
0 0.502344 0.418750 0.014063 0.018750
0 0.489844 0.418750 0.007812 0.015625
0 0.481250 0.421094 0.012500 0.020313
0 0.467969 0.423438 0.017188 0.025000
0 0.640625 0.456250 0.015625 0.025000
0 0.627344 0.459375 0.010937 0.021875
0 0.614062 0.460938 0.009375 0.018750
0 0.578125 0.556250 0.015625 0.021875
0 0.580469 0.462500 0.014063 0.018750
0 0.568750 0.464844 0.012500 0.023438
0 0.546094 0.465625 0.014063 0.021875
0 0.509375 0.464844 0.018750 0.026562
0 0.527344 0.512500 0.014063 0.018750
0 0.511719 0.511719 0.010937 0.020313
0 0.473438 0.470313 0.015625 0.021875
0 0.490625 0.514844 0.012500 0.020313
0 0.475000 0.517969 0.015625 0.020313
0 0.477344 0.565625 0.017188 0.021875
0 0.450000 0.475000 0.028125 0.012500
0 0.446875 0.487500 0.025000 0.009375
0 0.446875 0.503125 0.021875 0.009375
0 0.450000 0.512500 0.021875 0.006250
0 0.455469 0.565625 0.017188 0.018750
0 0.443750 0.565625 0.015625 0.021875
0 0.428125 0.568750 0.015625 0.025000
0 0.384375 0.434375 0.025000 0.012500
0 0.386719 0.446875 0.023438 0.009375
0 0.387500 0.459375 0.018750 0.006250
0 0.389844 0.478125 0.017188 0.012500
0 0.321875 0.378125 0.015625 0.021875
0 0.374219 0.359375 0.023438 0.009375
0 0.349219 0.418750 0.020313 0.025000
0 0.325000 0.421094 0.015625 0.020313
0 0.280469 0.425000 0.017188 0.025000
0 0.270313 0.426563 0.015625 0.021875
0 0.275000 0.384375 0.009375 0.018750
0 0.262500 0.380469 0.015625 0.020313
0 0.246875 0.383594 0.015625 0.020313
0 0.232813 0.384375 0.015625 0.021875
0 0.115625 0.392969 0.018750 0.020313
0 0.103125 0.392188 0.015625 0.018750
0 0.090625 0.393750 0.015625 0.021875
0 0.078125 0.393750 0.009375 0.025000
0 0.067969 0.393750 0.017188 0.021875
0 0.055469 0.396094 0.010937 0.020313
0 0.042969 0.399219 0.010937 0.020313
0 0.146094 0.434375 0.014063 0.015625
0 0.131250 0.436719 0.015625 0.017188
0 0.114844 0.436719 0.017188 0.017188
0 0.083594 0.440625 0.017188 0.021875
