0 0.325781 0.008594 0.023438 0.014063
0 0.281250 0.035937 0.028125 0.015625
0 0.270313 0.075781 0.028125 0.017188
0 0.289062 0.107813 0.031250 0.015625
0 0.407813 0.092188 0.025000 0.021875
0 0.539844 0.035937 0.023438 0.021875
0 0.628125 0.069531 0.015625 0.020313
0 0.614844 0.056250 0.014063 0.021875
0 0.610938 0.074219 0.018750 0.017188
0 0.639062 0.153125 0.015625 0.025000
0 0.652344 0.171094 0.017188 0.029687
0 0.537500 0.142969 0.015625 0.017188
0 0.550000 0.152344 0.012500 0.020313
0 0.494531 0.130469 0.014063 0.020313
0 0.417187 0.160156 0.015625 0.017188
0 0.405469 0.158594 0.014063 0.023438
0 0.322656 0.169531 0.020313 0.017188
0 0.195312 0.281250 0.012500 0.025000
0 0.223438 0.313281 0.031250 0.020313
0 0.207813 0.342969 0.025000 0.017188
0 0.105469 0.297656 0.023438 0.014063
0 0.095312 0.308594 0.025000 0.017188
0 0.103125 0.321094 0.028125 0.014063
0 0.065625 0.363281 0.031250 0.017188
0 0.169531 0.387500 0.029687 0.018750
0 0.101562 0.417969 0.018750 0.023438
0 0.195312 0.515625 0.028125 0.018750
0 0.221875 0.535937 0.021875 0.021875
0 0.270313 0.610938 0.028125 0.021875
0 0.258594 0.615625 0.023438 0.021875
0 0.245312 0.625000 0.025000 0.021875
0 0.232031 0.630469 0.026562 0.026562
0 0.066406 0.558594 0.026562 0.010937
0 0.069531 0.603125 0.032813 0.018750
0 0.057813 0.591406 0.025000 0.017188
0 0.172656 0.669531 0.020313 0.020313
0 0.189844 0.668750 0.023438 0.015625
0 0.146875 0.896875 0.034375 0.015625
0 0.187500 0.902344 0.028125 0.014063
0 0.436719 0.936719 0.026562 0.014063
0 0.443750 0.917969 0.025000 0.014063
0 0.602344 0.925000 0.032813 0.015625
0 0.560937 0.860156 0.015625 0.020313
0 0.782813 0.955469 0.031250 0.014063
0 0.807031 0.993750 0.014063 0.012500
0 0.500000 0.414844 0.028125 0.010937
0 0.495312 0.473438 0.028125 0.009375
0 0.477344 0.482031 0.023438 0.010937
0 0.477344 0.508594 0.026562 0.014063
0 0.484375 0.518750 0.028125 0.012500
0 0.482812 0.622656 0.031250 0.014063
0 0.517969 0.659375 0.020313 0.018750
0 0.514844 0.678125 0.020313 0.018750
0 0.625000 0.662500 0.025000 0.009375
0 0.652344 0.660156 0.026562 0.014063
0 0.738281 0.700781 0.020313 0.029687
0 0.800781 0.696875 0.017188 0.028125
0 0.765625 0.648438 0.031250 0.012500
0 0.621094 0.616406 0.014063 0.017188
0 0.805469 0.610938 0.014063 0.018750
0 0.804688 0.628906 0.012500 0.017188
0 0.859375 0.626563 0.018750 0.021875
0 0.685937 0.346875 0.018750 0.025000
0 0.735938 0.355469 0.015625 0.020313
0 0.826562 0.361719 0.009375 0.020313
0 0.840625 0.351562 0.015625 0.025000
0 0.953125 0.404687 0.034375 0.018750
0 0.978906 0.382812 0.014063 0.025000
0 0.939844 0.704688 0.020313 0.021875
