0 0.458594 0.025000 0.042188 0.018750
0 0.011719 0.073438 0.020313 0.018750
0 0.080469 0.201563 0.035937 0.021875
0 0.168750 0.196875 0.037500 0.018750
0 0.218750 0.303125 0.025000 0.009375
0 0.233594 0.314844 0.035937 0.020313
0 0.340625 0.283594 0.028125 0.020313
0 0.162500 0.496094 0.034375 0.014063
0 0.186719 0.537500 0.032813 0.015625
0 0.203125 0.578125 0.034375 0.015625
0 0.065625 0.500000 0.031250 0.015625
0 0.086719 0.537500 0.032813 0.012500
0 0.102344 0.575000 0.029687 0.015625
0 0.021094 0.603125 0.032813 0.012500
