0 0.239063 0.489844 0.046875 0.017188
0 0.777344 0.506250 0.026562 0.018750
0 0.721875 0.550000 0.028125 0.018750
0 0.843750 0.665625 0.025000 0.028125
0 0.887500 0.667188 0.021875 0.018750
0 0.900000 0.665625 0.015625 0.021875
0 0.914844 0.667969 0.017188 0.023438
0 0.930469 0.671875 0.017188 0.025000
0 0.946875 0.675000 0.015625 0.021875
0 0.806250 0.839844 0.025000 0.017188
0 0.456250 0.565625 0.025000 0.025000
0 0.489844 0.559375 0.020313 0.018750
0 0.340625 0.559375 0.018750 0.031250
0 0.552344 0.621094 0.023438 0.020313
0 0.549219 0.639844 0.014063 0.017188
0 0.564063 0.646875 0.015625 0.018750
0 0.492969 0.620313 0.020313 0.015625
0 0.474219 0.621094 0.017188 0.020313
0 0.502344 0.640625 0.020313 0.021875
0 0.456250 0.639062 0.021875 0.025000
0 0.443750 0.634375 0.015625 0.021875
0 0.428125 0.633594 0.018750 0.023438
0 0.396094 0.634375 0.023438 0.021875
0 0.378125 0.628125 0.015625 0.025000
0 0.365625 0.625000 0.021875 0.025000
0 0.134375 0.539844 0.018750 0.023438
0 0.117188 0.540625 0.015625 0.025000
0 0.100000 0.534375 0.012500 0.025000
0 0.102344 0.615625 0.023438 0.021875
0 0.406250 0.683594 0.025000 0.020313
0 0.521094 0.689063 0.017188 0.018750
0 0.437500 0.681250 0.018750 0.018750
0 0.348438 0.678125 0.021875 0.025000
0 0.315625 0.673438 0.021875 0.021875
0 0.218750 0.667188 0.025000 0.018750
0 0.171875 0.662500 0.025000 0.018750
0 0.158594 0.665625 0.020313 0.018750
0 0.139844 0.662500 0.017188 0.018750
0 0.081250 0.656250 0.018750 0.021875
0 0.844531 0.879687 0.014063 0.021875
0 0.221094 0.517188 0.029687 0.015625
