0 0.092969 0.356250 0.035937 0.015625
0 0.943750 0.105469 0.028125 0.029687
0 0.775000 0.921094 0.021875 0.007812
0 0.800000 0.923438 0.021875 0.012500
0 0.775000 0.942969 0.025000 0.010937
0 0.773438 0.950000 0.025000 0.009375
0 0.773438 0.960938 0.021875 0.009375
0 0.771875 0.964844 0.028125 0.010937
0 0.768750 0.978125 0.021875 0.012500
0 0.768750 0.995313 0.025000 0.009375
0 0.800000 0.940625 0.025000 0.012500
0 0.803125 0.961719 0.034375 0.014063
0 0.800000 0.971875 0.028125 0.006250
0 0.798438 0.981250 0.031250 0.012500
0 0.796875 0.993750 0.031250 0.012500
0 0.849219 0.962500 0.029687 0.009375
0 0.846875 0.971875 0.028125 0.009375
0 0.850000 0.954688 0.031250 0.009375
0 0.846875 0.992969 0.031250 0.010937
0 0.847656 0.983594 0.032813 0.010937
0 0.881250 0.965625 0.021875 0.012500
0 0.880469 0.979688 0.029687 0.009375
0 0.878125 0.996875 0.025000 0.006250
0 0.924219 0.968750 0.026562 0.009375
0 0.980469 0.995313 0.029687 0.009375
0 0.978906 0.985938 0.023438 0.012500
0 0.968750 0.973437 0.021875 0.009375
