0 0.598437 0.222656 0.025000 0.029687
0 0.467969 0.322656 0.017188 0.026562
0 0.488281 0.335156 0.026562 0.020313
0 0.422656 0.390625 0.026562 0.028125
0 0.408594 0.431250 0.020313 0.021875
0 0.360938 0.523438 0.021875 0.021875
0 0.453125 0.019531 0.028125 0.010937
0 0.453906 0.029687 0.032813 0.009375
0 0.452344 0.038281 0.026562 0.010937
0 0.452344 0.060937 0.029687 0.009375
0 0.447656 0.069531 0.029687 0.010937
0 0.449219 0.085156 0.032813 0.010937
0 0.446094 0.113281 0.023438 0.010937
0 0.445312 0.123438 0.025000 0.009375
0 0.378906 0.136719 0.023438 0.010937
0 0.378906 0.146094 0.026562 0.010937
0 0.378125 0.154688 0.025000 0.009375
0 0.378125 0.167187 0.025000 0.009375
0 0.377344 0.175000 0.026562 0.009375
0 0.377344 0.182812 0.029687 0.009375
0 0.376563 0.192188 0.031250 0.009375
0 0.375000 0.203125 0.028125 0.009375
0 0.224219 0.376563 0.020313 0.009375
0 0.224219 0.385156 0.023438 0.010937
0 0.022656 0.517969 0.023438 0.010937
0 0.053125 0.517969 0.009375 0.017188
0 0.071875 0.516406 0.012500 0.014063
0 0.094531 0.516406 0.010937 0.020313
0 0.106250 0.519531 0.009375 0.023438
0 0.127344 0.518750 0.010937 0.018750
0 0.139063 0.521094 0.009375 0.017188
0 0.143750 0.522656 0.006250 0.017188
0 0.078125 0.557031 0.012500 0.017188
0 0.090625 0.556250 0.012500 0.015625
0 0.102344 0.557813 0.010937 0.018750
