0 0.151442 0.037260 0.033654 0.021635
0 0.147837 0.057692 0.036058 0.019231
0 0.139423 0.069712 0.038462 0.019231
0 0.131010 0.084135 0.036058 0.024038
0 0.128606 0.100962 0.036058 0.019231
0 0.123798 0.116587 0.036058 0.021635
0 0.115385 0.131010 0.028846 0.016827
0 0.114183 0.149038 0.036058 0.019231
0 0.106971 0.163462 0.036058 0.019231
0 0.100962 0.179087 0.028846 0.021635
0 0.094952 0.192308 0.031250 0.019231
0 0.090144 0.212740 0.040865 0.016827
0 0.088942 0.257212 0.033654 0.019231
0 0.787260 0.429087 0.040865 0.016827
0 0.706731 0.635817 0.033654 0.021635
0 0.691106 0.670673 0.040865 0.019231
0 0.686298 0.727163 0.036058 0.026442
0 0.781250 0.447115 0.033654 0.024038
0 0.816106 0.397837 0.040865 0.016827
