0 0.546094 0.933594 0.020313 0.020313
0 0.785156 0.958594 0.023438 0.023438
0 0.813281 0.934375 0.017188 0.018750
0 0.822656 0.925781 0.020313 0.017188
0 0.832031 0.918750 0.023438 0.018750
0 0.839844 0.910937 0.020313 0.018750
0 0.846094 0.905469 0.023438 0.017188
0 0.857031 0.900000 0.026562 0.021875
0 0.866406 0.893750 0.020313 0.018750
0 0.873437 0.886719 0.025000 0.020313
0 0.882031 0.880469 0.020313 0.017188
0 0.888281 0.874219 0.023438 0.020313
0 0.899219 0.866406 0.026562 0.020313
0 0.906250 0.860938 0.018750 0.015625
0 0.915625 0.853125 0.018750 0.021875
0 0.923438 0.846875 0.018750 0.018750
0 0.930469 0.839844 0.017188 0.020313
0 0.937500 0.832812 0.018750 0.018750
0 0.942969 0.825000 0.023438 0.015625
0 0.953906 0.822656 0.020313 0.014063
0 0.963281 0.814844 0.023438 0.017188
0 0.971875 0.809375 0.015625 0.018750
0 0.977344 0.803125 0.014063 0.012500
0 0.981250 0.792969 0.012500 0.010937
0 0.847656 0.991406 0.017188 0.017188
0 0.857812 0.987500 0.021875 0.021875
0 0.947656 0.913281 0.014063 0.026562
0 0.954688 0.907031 0.015625 0.020313
0 0.972656 0.897656 0.014063 0.020313
0 0.981250 0.889844 0.015625 0.020313
0 0.988281 0.885156 0.014063 0.017188
0 0.964063 0.926562 0.012500 0.018750
0 0.974219 0.922656 0.014063 0.020313
0 0.989844 0.909375 0.014063 0.015625
