0 0.502344 0.028125 0.020313 0.015625
0 0.684375 0.043750 0.031250 0.009375
0 0.902344 0.086719 0.014063 0.017188
0 0.699219 0.196094 0.020313 0.010937
0 0.706250 0.205469 0.015625 0.010937
0 0.700000 0.215625 0.028125 0.012500
0 0.257812 0.111719 0.015625 0.020313
0 0.046094 0.096875 0.017188 0.018750
0 0.698438 0.325000 0.015625 0.025000
0 0.667188 0.325000 0.018750 0.018750
0 0.639844 0.331250 0.014063 0.021875
0 0.627344 0.332813 0.010937 0.018750
0 0.590625 0.330469 0.015625 0.020313
0 0.496875 0.328125 0.012500 0.018750
0 0.682813 0.529687 0.015625 0.025000
0 0.657813 0.517969 0.012500 0.020313
0 0.643750 0.517188 0.012500 0.018750
0 0.609375 0.518750 0.015625 0.021875
0 0.584375 0.518750 0.009375 0.021875
0 0.573438 0.517188 0.012500 0.021875
0 0.718750 0.546094 0.021875 0.010937
0 0.721875 0.578125 0.025000 0.009375
0 0.725000 0.596875 0.021875 0.012500
0 0.736719 0.631250 0.023438 0.012500
0 0.712500 0.650000 0.025000 0.018750
0 0.668750 0.675000 0.018750 0.021875
0 0.417969 0.677344 0.017188 0.023438
0 0.371094 0.698438 0.017188 0.021875
0 0.464844 0.758594 0.023438 0.020313
0 0.414844 0.504687 0.026562 0.009375
0 0.412500 0.512500 0.028125 0.015625
0 0.353125 0.521094 0.025000 0.014063
0 0.355469 0.502344 0.023438 0.014063
0 0.398438 0.564844 0.031250 0.023438
0 0.356250 0.949219 0.025000 0.023438
0 0.306250 0.931250 0.018750 0.025000
0 0.817187 0.045312 0.031250 0.015625
