0 0.017969 0.428906 0.026562 0.017188
0 0.187500 0.363281 0.021875 0.017188
0 0.205469 0.397656 0.026562 0.014063
0 0.209375 0.410156 0.028125 0.017188
0 0.292969 0.367188 0.026562 0.012500
0 0.344531 0.310937 0.023438 0.012500
0 0.384375 0.319531 0.028125 0.017188
0 0.432031 0.339062 0.026562 0.018750
0 0.939844 0.440625 0.017188 0.025000
0 0.957031 0.440625 0.017188 0.028125
0 0.973437 0.440625 0.018750 0.028125
0 0.968750 0.417969 0.015625 0.023438
0 0.989062 0.414844 0.018750 0.020313
0 0.710156 0.005469 0.020313 0.007812
0 0.710938 0.014844 0.018750 0.007812
0 0.710156 0.025781 0.020313 0.014063
0 0.710938 0.042188 0.018750 0.012500
0 0.708594 0.052344 0.023438 0.010937
0 0.707031 0.067187 0.020313 0.009375
0 0.707031 0.083594 0.020313 0.010937
0 0.707031 0.092188 0.020313 0.009375
0 0.702344 0.117969 0.023438 0.014063
0 0.702344 0.135156 0.020313 0.010937
0 0.704688 0.151562 0.028125 0.009375
0 0.703125 0.160938 0.025000 0.009375
0 0.712500 0.168750 0.015625 0.018750
0 0.726562 0.168750 0.012500 0.018750
0 0.745313 0.171094 0.015625 0.017188
0 0.747656 0.189844 0.014063 0.017188
0 0.768750 0.166406 0.012500 0.020313
0 0.782813 0.165625 0.012500 0.025000
0 0.794531 0.165625 0.014063 0.021875
0 0.807813 0.164062 0.012500 0.018750
0 0.819531 0.164062 0.010937 0.018750
0 0.832031 0.165625 0.010937 0.018750
0 0.842187 0.164062 0.012500 0.018750
0 0.850781 0.160938 0.010937 0.018750
0 0.881250 0.160938 0.012500 0.015625
0 0.919531 0.107813 0.023438 0.018750
0 0.919531 0.098437 0.017188 0.015625
0 0.878906 0.013281 0.023438 0.010937
0 0.878906 0.021094 0.023438 0.007812
0 0.878906 0.032813 0.023438 0.009375
0 0.880469 0.039844 0.026562 0.010937
0 0.878125 0.050000 0.025000 0.012500
0 0.878125 0.061719 0.025000 0.010937
0 0.876563 0.071094 0.025000 0.010937
0 0.875781 0.086719 0.026562 0.014063
0 0.874219 0.101562 0.023438 0.009375
0 0.875000 0.108594 0.021875 0.007812
0 0.875000 0.117188 0.021875 0.009375
0 0.878125 0.128125 0.021875 0.012500
0 0.744531 0.022656 0.010937 0.017188
0 0.757812 0.021875 0.009375 0.015625
0 0.767188 0.022656 0.009375 0.014063
0 0.777344 0.023438 0.007812 0.015625
0 0.789062 0.022656 0.012500 0.017188
0 0.819531 0.036719 0.020313 0.010937
0 0.820312 0.047656 0.018750 0.010937
0 0.821094 0.058594 0.020313 0.010937
0 0.838281 0.067969 0.017188 0.020313
0 0.743750 0.073438 0.015625 0.009375
0 0.745313 0.083594 0.018750 0.007812
0 0.746094 0.093750 0.017188 0.009375
0 0.758594 0.106250 0.007812 0.015625
0 0.770312 0.104688 0.009375 0.018750
0 0.785156 0.106250 0.014063 0.018750
0 0.795312 0.104688 0.009375 0.018750
0 0.808594 0.106250 0.010937 0.015625
