0 0.881250 0.258594 0.025000 0.023438
0 0.389062 0.149219 0.012500 0.017188
0 0.374219 0.147656 0.017188 0.026562
0 0.379688 0.102344 0.015625 0.023438
0 0.430469 0.171875 0.017188 0.021875
0 0.405469 0.171094 0.014063 0.026562
0 0.391406 0.171094 0.010937 0.020313
0 0.375781 0.174219 0.014063 0.023438
0 0.470313 0.219531 0.012500 0.023438
0 0.432031 0.217969 0.017188 0.023438
0 0.406250 0.221094 0.015625 0.023438
0 0.392969 0.240625 0.014063 0.018750
0 0.378125 0.242969 0.015625 0.026562
0 0.457813 0.240625 0.015625 0.025000
0 0.442969 0.240625 0.010937 0.021875
0 0.430469 0.239063 0.010937 0.018750
0 0.498437 0.290625 0.015625 0.025000
0 0.474219 0.310156 0.017188 0.023438
0 0.458594 0.289062 0.014063 0.025000
0 0.446875 0.289062 0.012500 0.021875
0 0.432031 0.287500 0.014063 0.021875
0 0.379688 0.289062 0.015625 0.021875
0 0.382031 0.310937 0.014063 0.021875
0 0.406250 0.310156 0.015625 0.023438
0 0.422656 0.310156 0.014063 0.023438
0 0.397656 0.358594 0.017188 0.026562
0 0.399219 0.520312 0.017188 0.021875
0 0.237500 0.589063 0.015625 0.018750
0 0.222656 0.588281 0.014063 0.020313
0 0.206250 0.588281 0.012500 0.020313
0 0.038281 0.603125 0.026562 0.015625
0 0.039844 0.623437 0.026562 0.012500
0 0.035156 0.645312 0.032813 0.015625
0 0.038281 0.700000 0.026562 0.012500
0 0.064062 0.716406 0.021875 0.026562
0 0.225000 0.636719 0.012500 0.023438
0 0.211719 0.638281 0.014063 0.023438
0 0.200781 0.639844 0.014063 0.020313
0 0.187500 0.639062 0.012500 0.021875
0 0.175781 0.639844 0.010937 0.020313
0 0.160156 0.639844 0.014063 0.020313
0 0.145313 0.639844 0.015625 0.020313
0 0.128125 0.640625 0.015625 0.021875
0 0.112500 0.637500 0.012500 0.021875
0 0.099219 0.636719 0.010937 0.023438
0 0.117188 0.659375 0.018750 0.021875
0 0.152344 0.661719 0.017188 0.020313
0 0.166406 0.659375 0.017188 0.021875
0 0.340625 0.994531 0.018750 0.010937
0 0.312500 0.994531 0.015625 0.010937
