0 0.346875 0.274219 0.028125 0.032813
0 0.228906 0.187500 0.039062 0.021875
0 0.153906 0.132812 0.029687 0.018750
0 0.117969 0.104688 0.026562 0.018750
0 0.099219 0.093750 0.029687 0.025000
0 0.043750 0.034375 0.018750 0.018750
0 0.053906 0.027344 0.026562 0.020313
0 0.066406 0.019531 0.023438 0.017188
0 0.073438 0.012500 0.025000 0.018750
0 0.082031 0.007812 0.020313 0.012500
0 0.098437 0.007031 0.018750 0.010937
0 0.024219 0.019531 0.023438 0.020313
0 0.033594 0.011719 0.026562 0.017188
0 0.042969 0.008594 0.020313 0.014063
