0 0.225000 0.746875 0.018750 0.012500
0 0.227344 0.756250 0.020313 0.009375
0 0.225000 0.767188 0.025000 0.009375
0 0.227344 0.783594 0.017188 0.010937
0 0.228125 0.793750 0.021875 0.009375
0 0.262500 0.796094 0.015625 0.014063
0 0.328125 0.839063 0.015625 0.015625
0 0.306250 0.840625 0.012500 0.015625
0 0.293750 0.840625 0.012500 0.018750
0 0.275000 0.840625 0.012500 0.015625
0 0.283594 0.781250 0.010937 0.015625
0 0.306250 0.783594 0.012500 0.020313
0 0.317188 0.781250 0.012500 0.015625
0 0.328125 0.784375 0.012500 0.015625
0 0.287500 0.796875 0.015625 0.018750
0 0.850000 0.806250 0.025000 0.015625
0 0.915625 0.912500 0.025000 0.009375
0 0.918750 0.923438 0.021875 0.009375
0 0.965625 0.796875 0.025000 0.006250
0 0.967969 0.806250 0.020313 0.006250
0 0.965625 0.815625 0.025000 0.009375
0 0.964844 0.834375 0.026562 0.009375
0 0.964844 0.843750 0.023438 0.006250
0 0.962500 0.853125 0.025000 0.009375
0 0.965625 0.860938 0.021875 0.009375
0 0.968750 0.868750 0.021875 0.006250
0 0.967969 0.877344 0.023438 0.007812
0 0.965625 0.887500 0.021875 0.009375
0 0.853125 0.823438 0.025000 0.012500
0 0.985938 0.455469 0.018750 0.026562
