0 0.197656 0.076563 0.023438 0.031250
0 0.010937 0.182812 0.018750 0.028125
0 0.212500 0.150000 0.015625 0.025000
0 0.225781 0.150000 0.020313 0.028125
0 0.229687 0.275781 0.018750 0.026562
0 0.373437 0.200000 0.018750 0.025000
0 0.316406 0.271094 0.020313 0.026562
0 0.331250 0.272656 0.018750 0.023438
0 0.332031 0.294531 0.017188 0.023438
0 0.692969 0.266406 0.020313 0.023438
0 0.719531 0.293750 0.020313 0.028125
0 0.636719 0.576562 0.023438 0.025000
0 0.739844 0.596875 0.017188 0.028125
0 0.677344 0.790625 0.032813 0.018750
0 0.299219 0.964063 0.026562 0.015625
0 0.388281 0.960938 0.032813 0.018750
0 0.850781 0.959375 0.020313 0.025000
0 0.917969 0.278906 0.029687 0.014063
0 0.915625 0.296875 0.031250 0.009375
0 0.915625 0.307031 0.031250 0.007812
0 0.915625 0.317188 0.021875 0.012500
0 0.914844 0.327344 0.026562 0.007812
0 0.915625 0.337500 0.028125 0.009375
0 0.913281 0.347656 0.026562 0.010937
0 0.914062 0.356250 0.028125 0.006250
0 0.914062 0.365625 0.028125 0.009375
0 0.913281 0.379688 0.026562 0.012500
0 0.914062 0.390625 0.025000 0.012500
0 0.912500 0.425781 0.028125 0.017188
0 0.906250 0.446875 0.025000 0.015625
0 0.965625 0.468750 0.028125 0.012500
0 0.965625 0.455469 0.025000 0.010937
0 0.971875 0.437500 0.021875 0.012500
0 0.973437 0.417187 0.021875 0.012500
0 0.975000 0.407813 0.025000 0.012500
0 0.975000 0.398438 0.021875 0.012500
