0 0.090625 0.532813 0.018750 0.021875
0 0.160938 0.553125 0.025000 0.015625
0 0.171094 0.560937 0.023438 0.012500
0 0.164062 0.588281 0.021875 0.014063
0 0.145313 0.601562 0.028125 0.015625
0 0.056250 0.563281 0.031250 0.014063
0 0.013281 0.603906 0.014063 0.020313
0 0.003906 0.607812 0.004687 0.015625
0 0.127344 0.764844 0.026562 0.010937
0 0.126562 0.819531 0.031250 0.010937
0 0.120313 0.860938 0.025000 0.012500
0 0.090625 0.877344 0.015625 0.023438
0 0.111719 0.972656 0.023438 0.014063
0 0.111719 0.981250 0.029687 0.018750
0 0.084375 0.992188 0.028125 0.015625
