0 0.282813 0.342187 0.021875 0.012500
0 0.287500 0.354687 0.021875 0.006250
0 0.286719 0.364844 0.020313 0.010937
0 0.290625 0.378906 0.018750 0.010937
0 0.217188 0.389062 0.025000 0.012500
0 0.222656 0.411719 0.023438 0.010937
0 0.218750 0.417969 0.021875 0.014063
0 0.640625 0.379688 0.012500 0.021875
0 0.742188 0.307812 0.012500 0.018750
0 0.646094 0.429688 0.010937 0.018750
0 0.660156 0.429688 0.010937 0.018750
0 0.683594 0.430469 0.014063 0.017188
0 0.696875 0.434375 0.012500 0.018750
0 0.729688 0.432031 0.012500 0.023438
0 0.747656 0.435156 0.014063 0.023438
0 0.671875 0.381250 0.009375 0.018750
0 0.685937 0.383594 0.012500 0.020313
0 0.704688 0.385937 0.009375 0.028125
0 0.396875 0.767969 0.012500 0.017188
0 0.413281 0.771875 0.007812 0.018750
0 0.448437 0.775781 0.018750 0.026562
0 0.521875 0.796094 0.040625 0.014063
0 0.133594 0.823438 0.007812 0.015625
0 0.200000 0.833594 0.018750 0.023438
0 0.267969 0.834375 0.014063 0.025000
0 0.355469 0.841406 0.010937 0.029687
0 0.087500 0.942969 0.025000 0.010937
0 0.084375 0.953125 0.021875 0.009375
0 0.084375 0.985156 0.018750 0.017188
0 0.521094 0.874219 0.023438 0.007812
0 0.510156 0.958594 0.020313 0.010937
0 0.510156 0.969531 0.023438 0.007812
0 0.507812 0.996094 0.025000 0.007812
0 0.225000 0.775781 0.031250 0.010937
