0 0.221154 0.224760 0.033654 0.016827
0 0.209135 0.243990 0.028846 0.016827
0 0.216346 0.270433 0.052885 0.016827
0 0.211538 0.287260 0.033654 0.016827
0 0.209135 0.325721 0.033654 0.021635
0 0.209135 0.348558 0.033654 0.019231
0 0.353365 0.325721 0.019231 0.040865
0 0.376202 0.326923 0.021635 0.033654
0 0.413462 0.319712 0.019231 0.028846
0 0.427885 0.319712 0.019231 0.028846
0 0.455529 0.325721 0.026442 0.040865
0 0.927885 0.252404 0.033654 0.014423
0 0.933894 0.269231 0.040865 0.014423
0 0.927885 0.283654 0.038462 0.014423
0 0.925481 0.298077 0.038462 0.014423
0 0.925481 0.313702 0.038462 0.016827
0 0.909856 0.348558 0.031250 0.014423
0 0.911058 0.365385 0.033654 0.014423
0 0.902644 0.379808 0.040865 0.014423
0 0.897837 0.393029 0.031250 0.012019
0 0.897837 0.409856 0.040865 0.016827
0 0.923077 0.568510 0.024038 0.031250
0 0.865385 0.768029 0.033654 0.016827
0 0.865385 0.784856 0.033654 0.016827
0 0.864183 0.814904 0.036058 0.019231
0 0.860577 0.867788 0.033654 0.014423
0 0.960337 0.788462 0.040865 0.014423
0 0.960337 0.835337 0.031250 0.016827
0 0.955529 0.879808 0.045673 0.019231
0 0.989183 0.865385 0.021635 0.019231
0 0.960337 0.819712 0.036058 0.014423
0 0.990385 0.819712 0.019231 0.019231
0 0.991587 0.835337 0.016827 0.016827
0 0.632212 0.909856 0.048077 0.021635
0 0.585337 0.907452 0.031250 0.016827
0 0.543269 0.903846 0.038462 0.024038
0 0.060096 0.871394 0.038462 0.021635
0 0.224760 0.881010 0.036058 0.016827
0 0.272837 0.881010 0.045673 0.016827
0 0.198317 0.975962 0.021635 0.028846
0 0.257212 0.981971 0.019231 0.036058
0 0.277644 0.984375 0.016827 0.031250
0 0.308894 0.984375 0.021635 0.031250
0 0.218750 0.980769 0.019231 0.028846
0 0.361779 0.239183 0.021635 0.031250
