0 0.585938 0.304688 0.021875 0.028125
0 0.638281 0.289844 0.026562 0.023438
0 0.658594 0.282813 0.020313 0.015625
0 0.670312 0.275000 0.021875 0.018750
0 0.682031 0.267969 0.026562 0.020313
0 0.694531 0.253906 0.026562 0.017188
0 0.700000 0.243750 0.021875 0.015625
0 0.710156 0.235937 0.026562 0.012500
0 0.714063 0.225781 0.031250 0.014063
0 0.714063 0.214844 0.025000 0.010937
0 0.716406 0.203906 0.029687 0.014063
0 0.713281 0.184375 0.029687 0.015625
0 0.706250 0.172656 0.025000 0.017188
0 0.702344 0.160938 0.017188 0.018750
0 0.691406 0.152344 0.017188 0.020313
0 0.682813 0.145313 0.012500 0.025000
0 0.670312 0.143750 0.015625 0.025000
0 0.653906 0.136719 0.017188 0.023438
0 0.640625 0.135937 0.015625 0.021875
0 0.628125 0.139063 0.021875 0.025000
0 0.614844 0.138281 0.017188 0.020313
0 0.601562 0.138281 0.018750 0.020313
0 0.586719 0.142187 0.020313 0.018750
0 0.573438 0.145313 0.018750 0.018750
0 0.504687 0.194531 0.028125 0.010937
0 0.496094 0.203125 0.026562 0.009375
0 0.491406 0.214844 0.023438 0.010937
0 0.484375 0.235156 0.031250 0.010937
0 0.482031 0.245312 0.026562 0.009375
0 0.485938 0.254688 0.031250 0.012500
0 0.556250 0.229687 0.028125 0.015625
0 0.571094 0.201563 0.017188 0.018750
0 0.584375 0.197656 0.015625 0.020313
0 0.595313 0.190625 0.018750 0.018750
0 0.617188 0.189062 0.012500 0.021875
0 0.633594 0.184375 0.017188 0.021875
0 0.575000 0.253906 0.015625 0.020313
0 0.590625 0.256250 0.012500 0.018750
0 0.601562 0.264062 0.012500 0.018750
0 0.614844 0.247656 0.017188 0.020313
0 0.635156 0.234375 0.020313 0.018750
0 0.643750 0.227344 0.018750 0.017188
0 0.650000 0.219531 0.018750 0.017188
0 0.665625 0.221875 0.021875 0.021875
0 0.215625 0.371094 0.031250 0.010937
0 0.750000 0.520312 0.025000 0.015625
0 0.611719 0.563281 0.017188 0.023438
0 0.662500 0.571094 0.031250 0.014063
0 0.621094 0.608594 0.017188 0.023438
0 0.589063 0.564844 0.015625 0.020313
0 0.537500 0.607812 0.025000 0.028125
0 0.906250 0.116406 0.028125 0.014063
0 0.439063 0.780469 0.021875 0.017188
0 0.318750 0.815625 0.021875 0.025000
0 0.392969 0.855469 0.017188 0.017188
0 0.406250 0.862500 0.015625 0.021875
0 0.429688 0.863281 0.015625 0.020313
