0 0.283594 0.089844 0.017188 0.023438
0 0.306250 0.092188 0.018750 0.018750
0 0.700000 0.008594 0.021875 0.014063
0 0.778125 0.014063 0.028125 0.025000
0 0.778125 0.196875 0.021875 0.021875
0 0.793750 0.183594 0.018750 0.017188
0 0.812500 0.193750 0.025000 0.021875
0 0.801562 0.203125 0.025000 0.021875
0 0.793750 0.211719 0.025000 0.020313
0 0.792188 0.327344 0.025000 0.017188
0 0.980469 0.335938 0.020313 0.025000
0 0.983594 0.446875 0.026562 0.018750
0 0.902344 0.512500 0.026562 0.015625
0 0.731250 0.581250 0.028125 0.021875
0 0.739062 0.957812 0.021875 0.021875
