0 0.362981 0.925481 0.028846 0.028846
0 0.179087 0.828125 0.026442 0.021635
0 0.099760 0.947115 0.026442 0.028846
0 0.225962 0.960337 0.033654 0.026442
0 0.348558 0.521635 0.033654 0.024038
0 0.318510 0.560096 0.036058 0.024038
0 0.257212 0.342548 0.024038 0.026442
0 0.175481 0.149038 0.038462 0.019231
0 0.518029 0.137019 0.016827 0.024038
0 0.536058 0.141827 0.019231 0.033654
0 0.578125 0.141827 0.021635 0.028846
0 0.632212 0.141827 0.014423 0.028846
0 0.650240 0.139423 0.016827 0.024038
0 0.692308 0.157452 0.024038 0.040865
0 0.756010 0.188702 0.031250 0.016827
0 0.759615 0.240385 0.033654 0.014423
0 0.764423 0.264423 0.038462 0.019231
0 0.780048 0.318510 0.036058 0.016827
0 0.741587 0.350962 0.031250 0.024038
0 0.771635 0.365385 0.028846 0.024038
0 0.669471 0.394231 0.021635 0.028846
0 0.693510 0.396635 0.021635 0.024038
0 0.635817 0.324519 0.040865 0.024038
0 0.662260 0.256010 0.021635 0.031250
0 0.664663 0.287260 0.021635 0.026442
0 0.564904 0.387019 0.033654 0.024038
0 0.569712 0.406250 0.033654 0.024038
0 0.462740 0.986779 0.021635 0.021635
0 0.489183 0.989183 0.021635 0.021635
0 0.098558 0.810096 0.019231 0.019231
