0 0.103365 0.729567 0.019231 0.031250
0 0.241587 0.736779 0.021635 0.031250
0 0.314904 0.745192 0.019231 0.028846
0 0.287260 0.873798 0.021635 0.036058
0 0.429087 0.891827 0.016827 0.028846
0 0.444712 0.881010 0.019231 0.026442
0 0.443510 0.909856 0.016827 0.026442
0 0.445913 0.758413 0.021635 0.031250
0 0.467548 0.741587 0.012019 0.026442
0 0.513221 0.757212 0.021635 0.033654
0 0.533654 0.769231 0.019231 0.028846
0 0.631010 0.818510 0.040865 0.016827
0 0.669471 0.787260 0.021635 0.036058
0 0.703125 0.594952 0.040865 0.021635
0 0.381010 0.443510 0.021635 0.031250
0 0.257212 0.465144 0.024038 0.031250
0 0.168269 0.455529 0.024038 0.036058
0 0.191106 0.475962 0.021635 0.028846
0 0.156250 0.329327 0.024038 0.028846
0 0.139423 0.308894 0.019231 0.031250
0 0.131010 0.334135 0.016827 0.028846
0 0.024038 0.282452 0.019231 0.021635
0 0.460337 0.270433 0.031250 0.026442
0 0.359375 0.125000 0.021635 0.024038
0 0.359375 0.106971 0.031250 0.021635
0 0.549279 0.056490 0.026442 0.026442
0 0.861779 0.210337 0.036058 0.021635
0 0.871394 0.021635 0.021635 0.033654
0 0.022837 0.469952 0.016827 0.026442
0 0.044471 0.453125 0.016827 0.026442
0 0.022837 0.437500 0.016827 0.028846
0 0.270433 0.895433 0.021635 0.026442
0 0.977163 0.628606 0.016827 0.031250
0 0.992788 0.644231 0.014423 0.024038
0 0.992788 0.612981 0.014423 0.028846
