0 0.832031 0.048438 0.014063 0.021875
0 0.171094 0.422656 0.020313 0.020313
0 0.341406 0.325000 0.014063 0.025000
0 0.355469 0.391406 0.014063 0.023438
0 0.369531 0.390625 0.017188 0.021875
0 0.370312 0.506250 0.012500 0.021875
0 0.500781 0.435156 0.014063 0.023438
0 0.451562 0.500781 0.012500 0.023438
0 0.463281 0.500781 0.014063 0.020313
0 0.464844 0.522656 0.014063 0.020313
0 0.750781 0.448437 0.014063 0.021875
0 0.807813 0.434375 0.012500 0.021875
0 0.831250 0.447656 0.015625 0.023438
0 0.785156 0.496094 0.014063 0.023438
0 0.810156 0.498437 0.014063 0.018750
0 0.834375 0.498437 0.015625 0.025000
0 0.811719 0.521094 0.010937 0.020313
0 0.827344 0.791406 0.014063 0.023438
0 0.771875 0.969531 0.021875 0.017188
0 0.981250 0.507031 0.021875 0.010937
0 0.976562 0.374219 0.021875 0.010937
0 0.977344 0.382812 0.023438 0.009375
0 0.975781 0.392969 0.020313 0.010937
0 0.978125 0.402344 0.021875 0.007812
0 0.976562 0.410156 0.025000 0.007812
0 0.978125 0.418750 0.021875 0.009375
0 0.978906 0.430469 0.020313 0.007812
0 0.979688 0.514844 0.021875 0.007812
0 0.978906 0.525000 0.023438 0.009375
0 0.981250 0.533594 0.021875 0.007812
0 0.982031 0.542188 0.020313 0.009375
0 0.981250 0.550000 0.021875 0.009375
0 0.982031 0.560937 0.023438 0.009375
0 0.978906 0.576562 0.026562 0.009375
0 0.978906 0.585938 0.023438 0.009375
0 0.979688 0.596094 0.021875 0.007812
0 0.979688 0.606250 0.021875 0.012500
0 0.984375 0.639062 0.025000 0.012500
0 0.979688 0.648438 0.021875 0.009375
0 0.979688 0.659375 0.021875 0.009375
0 0.982031 0.667188 0.023438 0.009375
0 0.982031 0.678125 0.023438 0.009375
0 0.979688 0.693750 0.021875 0.009375
