0 0.075721 0.585337 0.021635 0.036058
0 0.710337 0.426683 0.040865 0.016827
0 0.694712 0.441106 0.028846 0.016827
0 0.691106 0.462740 0.040865 0.016827
0 0.676683 0.493990 0.040865 0.016827
0 0.671875 0.512019 0.031250 0.014423
0 0.674279 0.532452 0.031250 0.016827
0 0.831731 0.344952 0.028846 0.021635
0 0.850962 0.335337 0.024038 0.021635
0 0.871394 0.334135 0.021635 0.024038
0 0.897837 0.331731 0.026442 0.028846
0 0.921875 0.330529 0.021635 0.026442
0 0.943510 0.324519 0.021635 0.024038
0 0.962740 0.329327 0.021635 0.028846
0 0.987981 0.337740 0.024038 0.026442
0 0.790865 0.489183 0.033654 0.021635
0 0.824519 0.436298 0.024038 0.021635
0 0.842548 0.427885 0.021635 0.024038
0 0.862981 0.421875 0.019231 0.021635
0 0.902644 0.417067 0.016827 0.021635
0 0.927885 0.412260 0.024038 0.026442
0 0.955529 0.469952 0.026442 0.021635
0 0.945913 0.484375 0.026442 0.021635
0 0.931490 0.496394 0.026442 0.021635
0 0.896635 0.519231 0.019231 0.024038
0 0.877404 0.524038 0.019231 0.028846
0 0.856971 0.530048 0.021635 0.036058
0 0.832933 0.530048 0.021635 0.026442
0 0.844952 0.615385 0.021635 0.033654
0 0.936298 0.592548 0.040865 0.026442
0 0.971154 0.576923 0.028846 0.024038
0 0.990385 0.566106 0.019231 0.021635
