0 0.755469 0.816406 0.010937 0.023438
0 0.767969 0.815625 0.014063 0.018750
0 0.817187 0.773438 0.015625 0.021875
0 0.807031 0.817187 0.010937 0.021875
0 0.821094 0.820312 0.014063 0.018750
0 0.832031 0.821094 0.010937 0.020313
0 0.843750 0.820312 0.012500 0.021875
0 0.857031 0.822656 0.010937 0.020313
0 0.869531 0.822656 0.010937 0.020313
0 0.903125 0.824219 0.009375 0.017188
0 0.917188 0.825781 0.012500 0.017188
0 0.948438 0.829688 0.012500 0.018750
0 0.960938 0.828906 0.009375 0.020313
0 0.970313 0.828125 0.012500 0.018750
0 0.985156 0.830469 0.010937 0.017188
0 0.964844 0.782031 0.014063 0.023438
0 0.980469 0.782031 0.010937 0.020313
0 0.996875 0.782031 0.006250 0.017188
0 0.829688 0.628125 0.021875 0.012500
0 0.828906 0.620313 0.023438 0.012500
0 0.834375 0.603125 0.025000 0.012500
0 0.839063 0.593750 0.025000 0.015625
0 0.843750 0.584375 0.021875 0.012500
0 0.847656 0.574219 0.026562 0.014063
0 0.927344 0.690625 0.017188 0.018750
