0 0.903125 0.881250 0.028125 0.018750
0 0.760938 0.898438 0.031250 0.012500
0 0.603125 0.912500 0.040625 0.012500
0 0.562500 0.892969 0.043750 0.017188
0 0.349219 0.943750 0.042188 0.015625
0 0.086719 0.586719 0.020313 0.007812
0 0.084375 0.598437 0.025000 0.009375
0 0.083594 0.612500 0.026562 0.009375
0 0.083594 0.628125 0.035937 0.009375
0 0.081250 0.642969 0.025000 0.010937
0 0.081250 0.653125 0.025000 0.009375
0 0.081250 0.662500 0.034375 0.012500
0 0.076563 0.681250 0.034375 0.015625
0 0.100000 0.690625 0.025000 0.015625
0 0.125000 0.693750 0.028125 0.015625
0 0.162500 0.600000 0.031250 0.015625
0 0.164062 0.614062 0.025000 0.006250
0 0.162500 0.625000 0.031250 0.009375
0 0.165625 0.642969 0.034375 0.014063
0 0.158594 0.659375 0.029687 0.009375
0 0.159375 0.671875 0.031250 0.009375
0 0.089063 0.746875 0.025000 0.012500
0 0.089844 0.761719 0.029687 0.007812
0 0.193750 0.617188 0.021875 0.012500
0 0.193750 0.628125 0.018750 0.009375
0 0.192969 0.637500 0.017188 0.003125
0 0.193750 0.646875 0.025000 0.009375
0 0.196875 0.658594 0.021875 0.010937
0 0.193750 0.667969 0.028125 0.007812
0 0.192188 0.683594 0.025000 0.007812
0 0.192188 0.699219 0.025000 0.007812
0 0.187500 0.717969 0.025000 0.017188
0 0.187500 0.746094 0.025000 0.023438
0 0.181250 0.790625 0.028125 0.021875
0 0.180469 0.815625 0.026562 0.018750
0 0.176563 0.856250 0.031250 0.025000
0 0.177344 0.886719 0.035937 0.023438
0 0.231250 0.724219 0.025000 0.023438
0 0.225000 0.778125 0.025000 0.021875
0 0.243750 0.906250 0.025000 0.025000
0 0.273438 0.898438 0.031250 0.018750
0 0.278125 0.812500 0.034375 0.018750
0 0.284375 0.760938 0.037500 0.012500
0 0.286719 0.746875 0.032813 0.012500
0 0.275000 0.721875 0.021875 0.012500
0 0.086719 0.777344 0.023438 0.010937
0 0.081250 0.792188 0.021875 0.012500
0 0.085938 0.808594 0.025000 0.010937
0 0.081250 0.821094 0.031250 0.014063
0 0.078125 0.837500 0.025000 0.012500
0 0.081250 0.859375 0.028125 0.015625
0 0.075000 0.876563 0.028125 0.012500
0 0.075000 0.893750 0.028125 0.012500
0 0.073438 0.912500 0.028125 0.009375
0 0.078125 0.927344 0.028125 0.017188
0 0.062500 0.740625 0.018750 0.009375
0 0.062500 0.755469 0.021875 0.007812
0 0.059375 0.764062 0.021875 0.006250
0 0.056250 0.778125 0.021875 0.012500
0 0.055469 0.793750 0.023438 0.009375
0 0.055469 0.807813 0.023438 0.012500
0 0.050000 0.821875 0.028125 0.021875
0 0.053125 0.839063 0.034375 0.012500
0 0.050000 0.853125 0.028125 0.018750
0 0.052344 0.865625 0.032813 0.015625
0 0.050000 0.874219 0.034375 0.010937
0 0.053125 0.890625 0.021875 0.018750
0 0.052344 0.912500 0.029687 0.015625
0 0.446094 0.617188 0.032813 0.012500
0 0.442188 0.636719 0.031250 0.010937
0 0.285938 0.643750 0.037500 0.018750
0 0.283594 0.656250 0.026562 0.009375
0 0.285938 0.671875 0.031250 0.009375
0 0.286719 0.687500 0.035937 0.009375
0 0.443750 0.656250 0.034375 0.015625
0 0.442188 0.674219 0.043750 0.017188
0 0.439063 0.683594 0.031250 0.014063
0 0.439063 0.696875 0.031250 0.009375
0 0.431250 0.715625 0.040625 0.018750
0 0.508594 0.637500 0.032813 0.009375
0 0.506250 0.649219 0.034375 0.014063
0 0.496875 0.678125 0.025000 0.015625
0 0.500000 0.692187 0.034375 0.009375
0 0.496875 0.706250 0.037500 0.012500
0 0.500000 0.721094 0.034375 0.010937
0 0.493750 0.746875 0.034375 0.018750
0 0.490625 0.771875 0.034375 0.015625
0 0.621094 0.693750 0.026562 0.009375
0 0.621094 0.712500 0.035937 0.009375
0 0.612500 0.737500 0.025000 0.009375
0 0.617969 0.746875 0.023438 0.012500
0 0.615625 0.784375 0.028125 0.009375
0 0.683594 0.646875 0.035937 0.015625
0 0.675000 0.746094 0.034375 0.010937
0 0.674219 0.756250 0.035937 0.012500
0 0.675000 0.773438 0.037500 0.012500
0 0.671875 0.784375 0.034375 0.012500
0 0.678125 0.800000 0.046875 0.015625
0 0.753125 0.621094 0.028125 0.026562
0 0.746875 0.662500 0.034375 0.015625
0 0.745313 0.675000 0.025000 0.012500
0 0.739062 0.689063 0.021875 0.012500
0 0.739844 0.704688 0.029687 0.015625
0 0.737500 0.712500 0.025000 0.021875
0 0.742969 0.737500 0.020313 0.012500
0 0.742188 0.753125 0.025000 0.015625
0 0.740625 0.781250 0.034375 0.018750
0 0.735938 0.792969 0.025000 0.007812
0 0.737500 0.805469 0.025000 0.014063
0 0.787500 0.610938 0.018750 0.025000
0 0.801562 0.606250 0.021875 0.025000
0 0.837500 0.605469 0.028125 0.026562
0 0.837500 0.628125 0.028125 0.009375
0 0.849219 0.646875 0.032813 0.015625
0 0.831250 0.556250 0.025000 0.028125
0 0.796875 0.540625 0.021875 0.025000
0 0.964063 0.387500 0.018750 0.018750
0 0.975000 0.387500 0.018750 0.025000
0 0.992969 0.392188 0.014063 0.025000
0 0.933594 0.434375 0.023438 0.028125
0 0.956250 0.433594 0.009375 0.020313
0 0.968750 0.433594 0.015625 0.020313
0 0.979688 0.434375 0.012500 0.021875
0 0.992969 0.439063 0.014063 0.025000
0 0.962500 0.734375 0.021875 0.009375
0 0.968750 0.746875 0.034375 0.012500
0 0.970313 0.756250 0.028125 0.009375
0 0.971875 0.771094 0.034375 0.014063
0 0.840625 0.729688 0.028125 0.018750
0 0.840625 0.756250 0.025000 0.018750
0 0.839063 0.784375 0.025000 0.015625
0 0.803125 0.804688 0.021875 0.025000
0 0.831250 0.806250 0.025000 0.021875
0 0.190625 0.586719 0.015625 0.023438
