0 0.253125 0.345313 0.025000 0.009375
0 0.627344 0.171875 0.029687 0.009375
0 0.375000 0.339062 0.025000 0.009375
0 0.378125 0.349219 0.021875 0.010937
0 0.376563 0.358594 0.021875 0.010937
0 0.374219 0.380469 0.026562 0.010937
0 0.374219 0.390625 0.026562 0.009375
0 0.371875 0.398438 0.021875 0.009375
0 0.377344 0.406250 0.023438 0.009375
0 0.376563 0.415625 0.021875 0.006250
0 0.378125 0.424219 0.025000 0.007812
0 0.377344 0.434375 0.026562 0.009375
0 0.321875 0.462500 0.025000 0.009375
0 0.321875 0.474219 0.025000 0.007812
0 0.546875 0.562500 0.025000 0.059375
0 0.585938 0.902344 0.018750 0.010937
0 0.090625 0.550781 0.028125 0.014063
