0 0.383594 0.033594 0.020313 0.010937
0 0.106250 0.112500 0.012500 0.018750
0 0.117969 0.111719 0.010937 0.020313
0 0.152344 0.115625 0.010937 0.018750
0 0.194531 0.117188 0.010937 0.015625
0 0.217188 0.116406 0.015625 0.017188
0 0.471875 0.127344 0.015625 0.020313
0 0.495312 0.130469 0.015625 0.020313
0 0.735938 0.142969 0.012500 0.023438
0 0.385937 0.182812 0.018750 0.012500
0 0.385156 0.192188 0.023438 0.006250
0 0.326562 0.206250 0.025000 0.009375
0 0.327344 0.214844 0.026562 0.007812
0 0.204687 0.426563 0.012500 0.021875
0 0.821875 0.829688 0.025000 0.015625
0 0.887500 0.855469 0.018750 0.017188
0 0.739844 0.875000 0.017188 0.012500
0 0.753906 0.882812 0.020313 0.012500
0 0.742188 0.900781 0.021875 0.014063
0 0.643750 0.731250 0.018750 0.018750
0 0.671875 0.742969 0.015625 0.014063
0 0.679688 0.749219 0.018750 0.017188
0 0.429688 0.721094 0.012500 0.023438
0 0.442969 0.728906 0.014063 0.017188
0 0.454688 0.728906 0.009375 0.017188
0 0.187500 0.671875 0.015625 0.015625
0 0.162500 0.671875 0.009375 0.015625
0 0.096875 0.658594 0.018750 0.020313
0 0.746875 0.958594 0.018750 0.017188
0 0.735156 0.976562 0.014063 0.018750
0 0.632031 0.975000 0.020313 0.015625
0 0.555469 0.948438 0.010937 0.015625
0 0.533594 0.948438 0.010937 0.018750
0 0.521875 0.949219 0.009375 0.020313
0 0.477344 0.940625 0.014063 0.015625
0 0.294531 0.933594 0.014063 0.020313
0 0.225000 0.931250 0.015625 0.021875
0 0.125781 0.927344 0.014063 0.020313
0 0.095312 0.928125 0.012500 0.018750
0 0.053125 0.975781 0.018750 0.026562
0 0.107813 0.984375 0.012500 0.021875
0 0.121875 0.980469 0.012500 0.023438
0 0.242188 0.984375 0.012500 0.025000
0 0.253125 0.992969 0.009375 0.014063
0 0.149219 0.510156 0.023438 0.010937
0 0.147656 0.521094 0.020313 0.007812
0 0.144531 0.528906 0.017188 0.007812
0 0.139063 0.539844 0.018750 0.010937
0 0.137500 0.550000 0.021875 0.006250
0 0.132812 0.557031 0.018750 0.010937
0 0.192188 0.555469 0.018750 0.007812
0 0.187500 0.560937 0.021875 0.009375
0 0.206250 0.573438 0.018750 0.012500
0 0.252344 0.581250 0.020313 0.012500
0 0.182812 0.576562 0.021875 0.009375
0 0.179688 0.583594 0.021875 0.007812
0 0.177344 0.592969 0.026562 0.010937
