0 0.054087 0.879808 0.016827 0.024038
0 0.132212 0.927885 0.033654 0.014423
0 0.027644 0.599760 0.031250 0.016827
0 0.024038 0.655048 0.028846 0.012019
0 0.436298 0.901442 0.012019 0.028846
0 0.461538 0.902644 0.014423 0.021635
0 0.484375 0.903846 0.021635 0.024038
0 0.617788 0.748798 0.038462 0.021635
0 0.628606 0.709135 0.031250 0.014423
0 0.617788 0.692308 0.033654 0.014423
0 0.626202 0.673077 0.031250 0.014423
0 0.618990 0.631010 0.045673 0.016827
0 0.627404 0.614183 0.033654 0.012019
0 0.640625 0.495192 0.040865 0.014423
0 0.098558 0.427885 0.019231 0.028846
0 0.193510 0.441106 0.021635 0.031250
0 0.284856 0.439904 0.016827 0.028846
0 0.408654 0.445913 0.019231 0.031250
0 0.429087 0.350962 0.021635 0.028846
0 0.448317 0.349760 0.016827 0.031250
0 0.465144 0.350962 0.016827 0.028846
0 0.485577 0.350962 0.024038 0.028846
0 0.539663 0.352163 0.026442 0.036058
0 0.895433 0.223558 0.026442 0.014423
0 0.031250 0.888221 0.019231 0.031250
0 0.175481 0.992788 0.019231 0.014423
0 0.156250 0.979567 0.024038 0.040865
0 0.227163 0.989183 0.021635 0.021635
