0 0.598437 0.108594 0.015625 0.020313
0 0.147656 0.022656 0.029687 0.014063
0 0.141406 0.042188 0.023438 0.012500
0 0.217969 0.174219 0.029687 0.014063
0 0.261719 0.190625 0.026562 0.015625
0 0.263281 0.207813 0.026562 0.009375
0 0.260937 0.228125 0.028125 0.012500
0 0.264844 0.281250 0.029687 0.015625
0 0.415625 0.172656 0.015625 0.023438
0 0.431250 0.175000 0.015625 0.018750
0 0.444531 0.174219 0.014063 0.020313
0 0.320312 0.220312 0.015625 0.021875
0 0.334375 0.220312 0.012500 0.018750
0 0.350000 0.223438 0.015625 0.025000
0 0.363281 0.220312 0.010937 0.015625
0 0.373437 0.221094 0.012500 0.020313
0 0.385156 0.224219 0.010937 0.020313
0 0.397656 0.221094 0.014063 0.020313
0 0.410938 0.223438 0.012500 0.018750
0 0.422656 0.220312 0.010937 0.018750
0 0.435156 0.222656 0.010937 0.020313
0 0.336719 0.242969 0.017188 0.017188
0 0.374219 0.242969 0.014063 0.023438
0 0.385937 0.244531 0.012500 0.023438
0 0.171094 0.325781 0.026562 0.014063
0 0.508594 0.559375 0.014063 0.021875
0 0.533594 0.561719 0.017188 0.020313
