0 0.021094 0.026562 0.029687 0.015625
0 0.046875 0.041406 0.034375 0.014063
0 0.021094 0.048438 0.032813 0.012500
0 0.109375 0.013281 0.028125 0.014063
0 0.373437 0.021094 0.031250 0.014063
0 0.369531 0.039844 0.023438 0.010937
0 0.370312 0.050781 0.025000 0.010937
0 0.461719 0.037500 0.032813 0.015625
0 0.434375 0.043750 0.025000 0.015625
0 0.430469 0.064844 0.026562 0.014063
0 0.429688 0.076563 0.028125 0.015625
0 0.455469 0.078906 0.026562 0.010937
0 0.523438 0.048438 0.040625 0.015625
0 0.523438 0.080469 0.034375 0.014063
0 0.845313 0.036719 0.025000 0.029687
0 0.923438 0.052344 0.021875 0.020313
0 0.958594 0.051562 0.020313 0.028125
0 0.737500 0.216406 0.034375 0.014063
0 0.727344 0.244531 0.029687 0.014063
0 0.729688 0.258594 0.034375 0.014063
0 0.692187 0.294531 0.021875 0.029687
0 0.792188 0.432031 0.021875 0.029687
0 0.842187 0.371875 0.018750 0.028125
0 0.882812 0.367969 0.018750 0.020313
0 0.858594 0.441406 0.014063 0.023438
0 0.875781 0.438281 0.017188 0.029687
0 0.473438 0.312500 0.015625 0.025000
0 0.457813 0.312500 0.012500 0.025000
0 0.632812 0.517969 0.018750 0.023438
0 0.628125 0.543750 0.018750 0.025000
0 0.623437 0.620313 0.018750 0.031250
0 0.397656 0.658594 0.029687 0.014063
0 0.367969 0.653906 0.026562 0.014063
0 0.365625 0.666406 0.028125 0.014063
0 0.362500 0.678125 0.031250 0.009375
0 0.363281 0.687500 0.029687 0.009375
0 0.361719 0.696875 0.029687 0.009375
0 0.362500 0.707812 0.028125 0.012500
0 0.303125 0.695312 0.034375 0.015625
0 0.300781 0.704688 0.029687 0.012500
0 0.298438 0.721875 0.031250 0.015625
0 0.483594 0.798438 0.029687 0.015625
0 0.424219 0.791406 0.039062 0.020313
0 0.523438 0.765625 0.031250 0.012500
0 0.725000 0.810937 0.025000 0.015625
0 0.812500 0.815625 0.031250 0.015625
0 0.836719 0.800000 0.029687 0.012500
0 0.876563 0.817969 0.028125 0.017188
0 0.945312 0.764062 0.021875 0.028125
0 0.960938 0.760938 0.015625 0.021875
0 0.975000 0.767188 0.015625 0.025000
0 0.962500 0.919531 0.018750 0.035937
0 0.833594 0.938281 0.032813 0.017188
0 0.837500 0.959375 0.028125 0.012500
0 0.835156 0.971875 0.032813 0.012500
0 0.837500 0.982812 0.034375 0.012500
0 0.666406 0.986719 0.029687 0.014063
0 0.615625 0.980469 0.028125 0.014063
0 0.537500 0.981250 0.031250 0.018750
