0 0.709375 0.187500 0.015625 0.021875
0 0.675000 0.292187 0.021875 0.021875
0 0.071875 0.278125 0.025000 0.021875
0 0.028125 0.314844 0.021875 0.020313
0 0.021094 0.320312 0.014063 0.015625
0 0.014063 0.328125 0.021875 0.015625
0 0.009375 0.335938 0.015625 0.015625
0 0.109375 0.360938 0.015625 0.021875
0 0.080469 0.362500 0.014063 0.018750
0 0.096875 0.371875 0.009375 0.015625
0 0.089844 0.381250 0.014063 0.021875
0 0.071094 0.371094 0.014063 0.017188
0 0.081250 0.389844 0.012500 0.017188
0 0.065625 0.376563 0.009375 0.015625
0 0.059375 0.381250 0.012500 0.015625
0 0.064844 0.401562 0.010937 0.021875
0 0.050000 0.390625 0.015625 0.018750
0 0.056250 0.408594 0.015625 0.017188
0 0.040625 0.396875 0.015625 0.015625
0 0.048438 0.415625 0.015625 0.018750
0 0.031250 0.400000 0.012500 0.015625
0 0.037500 0.421875 0.015625 0.021875
0 0.030469 0.425000 0.014063 0.018750
0 0.021094 0.408594 0.014063 0.017188
0 0.017188 0.415625 0.012500 0.018750
0 0.021875 0.431250 0.015625 0.015625
0 0.015625 0.443750 0.015625 0.018750
0 0.007031 0.446875 0.010937 0.015625
0 0.006250 0.415625 0.009375 0.018750
0 0.112500 0.055469 0.025000 0.023438
