0 0.792067 0.335337 0.040865 0.021635
0 0.912260 0.325721 0.036058 0.021635
0 0.022837 0.885817 0.021635 0.021635
0 0.225962 0.885817 0.019231 0.021635
0 0.247596 0.885817 0.024038 0.021635
0 0.272837 0.885817 0.016827 0.021635
0 0.294471 0.896635 0.021635 0.024038
0 0.189904 0.955529 0.033654 0.016827
0 0.372596 0.896635 0.024038 0.028846
0 0.604567 0.772837 0.040865 0.021635
0 0.610577 0.727163 0.033654 0.016827
0 0.616587 0.677885 0.036058 0.019231
0 0.615385 0.632212 0.033654 0.019231
0 0.612981 0.615385 0.038462 0.024038
0 0.693510 0.600962 0.021635 0.028846
0 0.768029 0.602163 0.016827 0.031250
0 0.740385 0.584135 0.019231 0.024038
0 0.741587 0.612981 0.016827 0.024038
0 0.825721 0.616587 0.021635 0.031250
0 0.893029 0.677885 0.036058 0.019231
0 0.882212 0.709135 0.043269 0.014423
0 0.881010 0.727163 0.036058 0.016827
0 0.879808 0.787260 0.052885 0.016827
0 0.888221 0.825721 0.040865 0.021635
0 0.256010 0.985577 0.021635 0.028846
0 0.384615 0.992788 0.024038 0.014423
0 0.408654 0.991587 0.024038 0.016827
0 0.431490 0.991587 0.016827 0.016827
