0 0.521094 0.102344 0.020313 0.035937
0 0.589063 0.100000 0.018750 0.021875
0 0.703906 0.107813 0.026562 0.031250
0 0.665625 0.144531 0.037500 0.017188
0 0.785937 0.132031 0.031250 0.023438
0 0.795312 0.144531 0.025000 0.023438
0 0.793750 0.174219 0.031250 0.017188
0 0.767188 0.188281 0.034375 0.014063
0 0.614062 0.189844 0.018750 0.023438
0 0.598437 0.192188 0.021875 0.031250
0 0.542969 0.185938 0.014063 0.025000
0 0.341406 0.160938 0.035937 0.018750
0 0.314844 0.303906 0.020313 0.029687
0 0.286719 0.323437 0.035937 0.021875
0 0.169531 0.271094 0.014063 0.020313
0 0.200000 0.280469 0.018750 0.026562
0 0.216406 0.287500 0.017188 0.025000
0 0.157812 0.279687 0.018750 0.021875
0 0.058594 0.271094 0.014063 0.020313
0 0.007031 0.261719 0.010937 0.023438
0 0.035156 0.365625 0.023438 0.031250
0 0.187500 0.557813 0.018750 0.028125
0 0.747656 0.374219 0.026562 0.014063
0 0.765625 0.385937 0.021875 0.015625
0 0.750000 0.438281 0.034375 0.014063
0 0.741406 0.484375 0.029687 0.012500
0 0.707812 0.501563 0.015625 0.025000
0 0.734375 0.556250 0.028125 0.015625
0 0.727344 0.610938 0.029687 0.012500
0 0.734375 0.625781 0.028125 0.014063
0 0.694531 0.632031 0.026562 0.017188
0 0.712500 0.649219 0.021875 0.014063
0 0.578125 0.583594 0.018750 0.020313
0 0.564844 0.576562 0.020313 0.021875
0 0.632812 0.662500 0.015625 0.025000
0 0.618750 0.669531 0.018750 0.026562
0 0.552344 0.659375 0.017188 0.025000
0 0.483594 0.661719 0.014063 0.026562
0 0.467187 0.657031 0.018750 0.023438
0 0.271875 0.642969 0.018750 0.023438
0 0.128125 0.633594 0.018750 0.026562
0 0.089063 0.583594 0.031250 0.014063
0 0.057813 0.637500 0.021875 0.028125
0 0.819531 0.884375 0.010937 0.021875
0 0.661719 0.874219 0.014063 0.023438
0 0.597656 0.915625 0.026562 0.018750
0 0.621875 0.917188 0.028125 0.015625
0 0.135937 0.957812 0.015625 0.025000
0 0.132812 0.976562 0.018750 0.021875
0 0.107031 0.049219 0.020313 0.029687
0 0.149219 0.119531 0.042188 0.017188
