0 0.949519 0.060096 0.024038 0.038462
0 0.960337 0.240385 0.026442 0.028846
0 0.913462 0.235577 0.028846 0.033654
0 0.770433 0.224760 0.031250 0.026442
0 0.647837 0.222356 0.031250 0.021635
0 0.676683 0.224760 0.026442 0.026442
0 0.554087 0.210337 0.036058 0.026442
0 0.585337 0.146635 0.036058 0.028846
0 0.631010 0.036058 0.021635 0.033654
0 0.608173 0.034856 0.024038 0.031250
0 0.584135 0.033654 0.024038 0.033654
0 0.292067 0.366587 0.040865 0.021635
0 0.572115 0.512019 0.033654 0.014423
0 0.989183 0.164663 0.021635 0.031250
0 0.925481 0.010817 0.038462 0.016827
