0 0.325000 0.287500 0.025000 0.009375
0 0.267188 0.651563 0.018750 0.059375
0 0.087500 0.443750 0.021875 0.009375
0 0.092188 0.455469 0.018750 0.007812
0 0.087500 0.462500 0.018750 0.006250
0 0.089844 0.481250 0.023438 0.006250
0 0.086719 0.490625 0.023438 0.006250
0 0.087500 0.500000 0.021875 0.006250
0 0.090625 0.506250 0.021875 0.006250
0 0.090625 0.515625 0.021875 0.006250
0 0.092188 0.523438 0.021875 0.006250
0 0.090625 0.532813 0.021875 0.009375
0 0.042188 0.560937 0.021875 0.006250
0 0.042188 0.571094 0.021875 0.007812
0 0.305469 0.975000 0.020313 0.009375
0 0.114844 0.103906 0.017188 0.023438
0 0.985938 0.917969 0.021875 0.020313
0 0.964063 0.933594 0.018750 0.023438
