0 0.894531 0.025781 0.020313 0.014063
0 0.528125 0.178906 0.031250 0.017188
0 0.927344 0.200000 0.029687 0.021875
0 0.581250 0.321094 0.028125 0.017188
0 0.597656 0.384375 0.023438 0.018750
0 0.618750 0.371094 0.021875 0.017188
0 0.710156 0.435156 0.023438 0.017188
0 0.973437 0.426563 0.025000 0.025000
0 0.992188 0.430469 0.015625 0.023438
0 0.917188 0.317969 0.018750 0.023438
0 0.921094 0.442969 0.023438 0.014063
0 0.913281 0.451562 0.023438 0.015625
0 0.817969 0.439844 0.023438 0.014063
0 0.914844 0.588281 0.026562 0.017188
0 0.968750 0.752344 0.034375 0.020313
0 0.566406 0.565625 0.026562 0.015625
0 0.539062 0.588281 0.018750 0.020313
0 0.502344 0.603125 0.020313 0.025000
0 0.477344 0.614062 0.020313 0.018750
0 0.683594 0.825781 0.029687 0.017188
0 0.812500 0.900781 0.025000 0.020313
0 0.890625 0.846875 0.031250 0.018750
0 0.867188 0.855469 0.021875 0.014063
0 0.864844 0.867188 0.023438 0.012500
0 0.891406 0.871875 0.020313 0.015625
0 0.865625 0.890625 0.025000 0.015625
0 0.892188 0.888281 0.025000 0.017188
0 0.888281 0.903125 0.023438 0.015625
0 0.937500 0.857812 0.021875 0.015625
0 0.958594 0.860156 0.020313 0.017188
0 0.986719 0.863281 0.020313 0.020313
0 0.935156 0.880469 0.023438 0.017188
0 0.957812 0.887500 0.028125 0.018750
0 0.991406 0.905469 0.017188 0.020313
0 0.885938 0.955469 0.031250 0.020313
0 0.928906 0.952344 0.020313 0.017188
0 0.949219 0.953906 0.023438 0.017188
0 0.951562 0.968750 0.018750 0.015625
0 0.990625 0.978906 0.018750 0.023438
0 0.921094 0.985156 0.032813 0.014063
