0 0.890625 0.097656 0.028125 0.020313
0 0.750781 0.123438 0.032813 0.025000
0 0.673438 0.125781 0.028125 0.017188
0 0.541406 0.162500 0.020313 0.015625
0 0.557813 0.172656 0.025000 0.017188
0 0.407031 0.196875 0.035937 0.015625
0 0.302344 0.316406 0.032813 0.010937
0 0.184375 0.325000 0.028125 0.015625
0 0.098437 0.356250 0.037500 0.021875
0 0.492188 0.779687 0.031250 0.025000
0 0.560937 0.487500 0.031250 0.021875
0 0.406250 0.783594 0.021875 0.026562
0 0.456250 0.825000 0.021875 0.021875
0 0.470313 0.819531 0.018750 0.023438
0 0.485156 0.817187 0.023438 0.025000
0 0.505469 0.835156 0.029687 0.026562
0 0.487500 0.843750 0.025000 0.025000
0 0.551562 0.863281 0.028125 0.029687
0 0.449219 0.953125 0.032813 0.015625
0 0.970313 0.492188 0.031250 0.031250
