0 0.400000 0.275000 0.015625 0.028125
0 0.389062 0.324219 0.018750 0.026562
0 0.556250 0.723437 0.025000 0.025000
0 0.592187 0.882031 0.021875 0.032813
0 0.985938 0.970313 0.021875 0.028125
0 0.981250 0.950000 0.021875 0.018750
0 0.953906 0.951562 0.026562 0.025000
0 0.854688 0.992969 0.018750 0.014063
0 0.872656 0.992969 0.017188 0.014063
0 0.892188 0.995313 0.015625 0.009375
0 0.629687 0.959375 0.021875 0.015625
0 0.878906 0.822656 0.032813 0.020313
0 0.878906 0.807813 0.029687 0.018750
0 0.882031 0.796875 0.026562 0.015625
0 0.880469 0.786719 0.029687 0.014063
0 0.885938 0.775000 0.031250 0.015625
0 0.887500 0.764062 0.028125 0.018750
