0 0.788281 0.033594 0.020313 0.032813
0 0.860156 0.052344 0.035937 0.017188
0 0.750000 0.028125 0.018750 0.021875
0 0.735156 0.028125 0.010937 0.021875
0 0.722656 0.030469 0.014063 0.026562
0 0.559375 0.032813 0.028125 0.015625
0 0.464062 0.084375 0.018750 0.025000
0 0.534375 0.096094 0.021875 0.026562
0 0.599219 0.092969 0.017188 0.026562
0 0.690625 0.100781 0.018750 0.026562
0 0.861719 0.135937 0.032813 0.015625
0 0.854688 0.224219 0.028125 0.014063
0 0.852344 0.235156 0.032813 0.014063
0 0.853125 0.264062 0.028125 0.015625
0 0.847656 0.281250 0.029687 0.012500
0 0.852344 0.289844 0.029687 0.010937
0 0.846875 0.319531 0.031250 0.017188
0 0.414062 0.209375 0.031250 0.015625
0 0.712500 0.432031 0.018750 0.026562
0 0.734375 0.428906 0.018750 0.023438
0 0.749219 0.435156 0.017188 0.023438
0 0.768750 0.520312 0.015625 0.025000
0 0.684375 0.513281 0.021875 0.023438
0 0.644531 0.507031 0.023438 0.029687
