0 0.847656 0.189844 0.026562 0.014063
0 0.774219 0.557031 0.020313 0.054688
0 0.612500 0.349219 0.021875 0.010937
0 0.502344 0.356250 0.023438 0.009375
0 0.617188 0.356250 0.015625 0.006250
0 0.612500 0.364844 0.021875 0.010937
0 0.612500 0.384375 0.028125 0.015625
0 0.612500 0.395313 0.021875 0.009375
0 0.610938 0.403125 0.021875 0.009375
0 0.617969 0.412500 0.023438 0.009375
0 0.614844 0.418750 0.017188 0.006250
0 0.614062 0.427344 0.021875 0.007812
0 0.617188 0.434375 0.021875 0.009375
0 0.565625 0.462500 0.021875 0.009375
0 0.565625 0.471875 0.025000 0.009375
0 0.811719 0.873437 0.017188 0.015625
0 0.657031 0.971094 0.023438 0.017188
0 0.248438 0.990625 0.021875 0.015625
0 0.634375 0.013281 0.018750 0.023438
0 0.350781 0.544531 0.029687 0.010937
