0 0.224760 0.021635 0.036058 0.014423
0 0.919471 0.224760 0.021635 0.021635
0 0.960337 0.241587 0.016827 0.016827
0 0.974760 0.247596 0.016827 0.024038
0 0.109375 0.116587 0.021635 0.021635
0 0.201923 0.134615 0.024038 0.019231
0 0.241587 0.133413 0.021635 0.021635
0 0.447115 0.169471 0.019231 0.021635
0 0.600962 0.210337 0.019231 0.021635
0 0.618990 0.221154 0.016827 0.019231
0 0.634615 0.222356 0.019231 0.021635
0 0.100962 0.513221 0.019231 0.021635
0 0.149038 0.513221 0.019231 0.021635
0 0.295673 0.519231 0.019231 0.019231
0 0.399038 0.525240 0.019231 0.021635
0 0.670673 0.530048 0.019231 0.021635
0 0.736779 0.540865 0.016827 0.019231
0 0.753606 0.540865 0.016827 0.019231
0 0.787260 0.545673 0.021635 0.024038
0 0.901442 0.585337 0.028846 0.016827
0 0.024038 0.598558 0.019231 0.019231
0 0.038462 0.585337 0.019231 0.021635
0 0.126202 0.598558 0.016827 0.019231
0 0.144231 0.594952 0.019231 0.021635
0 0.325721 0.597356 0.021635 0.021635
0 0.336538 0.611779 0.019231 0.016827
0 0.616587 0.622596 0.021635 0.024038
0 0.631010 0.615385 0.016827 0.024038
0 0.774038 0.622596 0.019231 0.024038
0 0.789663 0.631010 0.021635 0.021635
0 0.881010 0.639423 0.021635 0.024038
0 0.971154 0.632212 0.019231 0.028846
0 0.228365 0.980769 0.019231 0.024038
0 0.246394 0.983173 0.016827 0.019231
0 0.265625 0.987981 0.021635 0.019231
0 0.330529 0.977163 0.016827 0.016827
0 0.350962 0.990385 0.019231 0.019231
0 0.509615 0.953125 0.019231 0.021635
0 0.532452 0.956731 0.016827 0.019231
0 0.627404 0.943510 0.019231 0.021635
0 0.733173 0.905048 0.024038 0.021635
0 0.790865 0.889423 0.019231 0.024038
0 0.881010 0.855769 0.021635 0.024038
0 0.888221 0.844952 0.021635 0.021635
0 0.812500 0.060096 0.019231 0.024038
