0 0.192308 0.457933 0.038462 0.016827
0 0.241587 0.459135 0.036058 0.019231
0 0.334135 0.467548 0.048077 0.021635
0 0.775240 0.552885 0.040865 0.019231
0 0.514423 0.576923 0.019231 0.024038
0 0.538462 0.579327 0.019231 0.028846
0 0.564904 0.580529 0.014423 0.026442
0 0.586538 0.581731 0.014423 0.024038
0 0.831731 0.610577 0.019231 0.028846
0 0.899038 0.606971 0.024038 0.036058
0 0.241587 0.707933 0.026442 0.016827
0 0.427885 0.676683 0.028846 0.016827
0 0.507212 0.685096 0.028846 0.024038
0 0.521635 0.703125 0.038462 0.031250
0 0.544471 0.704327 0.031250 0.028846
0 0.592548 0.710337 0.026442 0.031250
0 0.941106 0.713942 0.026442 0.028846
0 0.959135 0.724760 0.024038 0.026442
0 0.983173 0.725962 0.024038 0.028846
0 0.466346 0.751202 0.038462 0.016827
0 0.477163 0.771635 0.016827 0.019231
0 0.507212 0.772837 0.024038 0.021635
0 0.576923 0.778846 0.024038 0.024038
0 0.604567 0.780048 0.021635 0.021635
0 0.706731 0.787260 0.028846 0.021635
0 0.835337 0.792067 0.026442 0.021635
0 0.855769 0.790865 0.024038 0.028846
0 0.882212 0.792067 0.024038 0.021635
0 0.903846 0.795673 0.024038 0.024038
0 0.974760 0.804087 0.021635 0.026442
0 0.252404 0.938702 0.019231 0.021635
