0 0.601562 0.564844 0.025000 0.029687
0 0.616406 0.549219 0.029687 0.029687
0 0.017188 0.049219 0.025000 0.020313
0 0.057031 0.059375 0.026562 0.018750
0 0.045312 0.065625 0.025000 0.021875
0 0.037500 0.074219 0.025000 0.020313
0 0.028906 0.081250 0.026562 0.018750
0 0.021094 0.088281 0.023438 0.020313
0 0.013281 0.094531 0.023438 0.020313
0 0.010156 0.102344 0.017188 0.014063
0 0.005469 0.110937 0.007812 0.012500
0 0.092969 0.100781 0.023438 0.017188
0 0.082031 0.107813 0.026562 0.021875
0 0.075781 0.115625 0.023438 0.021875
0 0.063281 0.120313 0.026562 0.018750
0 0.055469 0.128906 0.023438 0.017188
0 0.049219 0.135937 0.026562 0.018750
0 0.040625 0.142187 0.025000 0.021875
0 0.031250 0.150000 0.021875 0.018750
0 0.023438 0.157031 0.028125 0.017188
0 0.015625 0.162500 0.021875 0.018750
0 0.008594 0.170313 0.014063 0.012500
0 0.122656 0.109375 0.026562 0.021875
0 0.114062 0.117188 0.021875 0.018750
0 0.105469 0.121875 0.023438 0.021875
0 0.094531 0.129688 0.026562 0.018750
0 0.087500 0.137500 0.021875 0.018750
0 0.078906 0.144531 0.026562 0.017188
0 0.071094 0.152344 0.020313 0.017188
0 0.060937 0.159375 0.025000 0.018750
0 0.050781 0.164844 0.023438 0.020313
0 0.041406 0.173437 0.026562 0.018750
0 0.025781 0.184375 0.026562 0.018750
0 0.017969 0.193750 0.023438 0.015625
0 0.013281 0.198437 0.023438 0.018750
0 0.007812 0.207813 0.012500 0.012500
