0 0.667969 0.160938 0.035937 0.015625
0 0.283594 0.203125 0.035937 0.018750
0 0.343750 0.317188 0.025000 0.015625
0 0.424219 0.309375 0.032813 0.015625
0 0.814063 0.402344 0.015625 0.029687
0 0.568750 0.384375 0.028125 0.025000
0 0.465625 0.401562 0.025000 0.021875
0 0.209375 0.518750 0.025000 0.015625
0 0.228125 0.558594 0.025000 0.017188
0 0.246875 0.599219 0.025000 0.014063
0 0.268750 0.639844 0.025000 0.014063
0 0.284375 0.671875 0.025000 0.012500
0 0.337500 0.573438 0.028125 0.012500
0 0.353125 0.605469 0.028125 0.010937
0 0.368750 0.637500 0.028125 0.015625
0 0.384375 0.667969 0.028125 0.010937
0 0.415625 0.568750 0.031250 0.012500
0 0.440625 0.605469 0.025000 0.010937
0 0.454688 0.639844 0.028125 0.014063
