0 0.267969 0.012500 0.035937 0.015625
0 0.361719 0.008594 0.042188 0.014063
0 0.531250 0.093750 0.025000 0.018750
0 0.409375 0.112500 0.031250 0.015625
0 0.117969 0.246875 0.035937 0.021875
0 0.140625 0.290625 0.034375 0.021875
0 0.161719 0.336719 0.032813 0.017188
0 0.185938 0.384375 0.034375 0.012500
0 0.203125 0.424219 0.025000 0.020313
0 0.256250 0.307812 0.034375 0.021875
0 0.350000 0.306250 0.034375 0.018750
0 0.278125 0.346875 0.034375 0.015625
0 0.296094 0.381250 0.029687 0.015625
0 0.315625 0.418750 0.034375 0.015625
0 0.377344 0.350000 0.035937 0.015625
0 0.393750 0.387500 0.037500 0.018750
0 0.254688 0.621875 0.037500 0.021875
0 0.048438 0.653125 0.031250 0.015625
0 0.961719 0.828125 0.026562 0.018750
0 0.990625 0.818750 0.018750 0.015625
0 0.987500 0.856250 0.025000 0.015625
0 0.987500 0.874219 0.021875 0.010937
0 0.931250 0.949219 0.028125 0.017188
0 0.956250 0.960938 0.031250 0.018750
