0 0.347356 0.521635 0.036058 0.019231
0 0.093750 0.621394 0.024038 0.040865
0 0.137019 0.615385 0.024038 0.028846
0 0.111779 0.709135 0.026442 0.028846
0 0.144231 0.709135 0.028846 0.028846
0 0.209135 0.712740 0.028846 0.026442
0 0.241587 0.712740 0.026442 0.026442
0 0.037260 0.730769 0.026442 0.024038
0 0.069712 0.733173 0.028846 0.024038
0 0.010817 0.806490 0.016827 0.026442
0 0.032452 0.806490 0.021635 0.026442
0 0.055288 0.805288 0.024038 0.024038
0 0.084135 0.806490 0.024038 0.021635
0 0.193510 0.817308 0.021635 0.024038
0 0.217548 0.818510 0.021635 0.021635
0 0.248798 0.818510 0.021635 0.026442
0 0.240385 0.741587 0.028846 0.021635
0 0.711538 0.603365 0.043269 0.019231
0 0.712740 0.781250 0.031250 0.024038
0 0.788462 0.787260 0.028846 0.031250
0 0.813702 0.787260 0.021635 0.031250
0 0.835337 0.788462 0.021635 0.028846
0 0.855769 0.787260 0.024038 0.031250
0 0.881010 0.789663 0.026442 0.031250
