0 0.957031 0.105469 0.032813 0.017188
0 0.932031 0.162500 0.032813 0.018750
0 0.310156 0.334375 0.020313 0.025000
0 0.196094 0.196094 0.017188 0.017188
0 0.194531 0.240625 0.020313 0.021875
0 0.346094 0.350000 0.017188 0.021875
0 0.357031 0.356250 0.017188 0.021875
0 0.110156 0.296875 0.029687 0.015625
0 0.042188 0.323437 0.018750 0.021875
0 0.059375 0.326562 0.018750 0.018750
0 0.071875 0.331250 0.021875 0.021875
0 0.108594 0.348438 0.017188 0.018750
0 0.532813 0.454688 0.028125 0.018750
0 0.616406 0.490625 0.014063 0.012500
0 0.598437 0.483594 0.015625 0.014063
0 0.961719 0.604688 0.026562 0.031250
0 0.900000 0.688281 0.021875 0.020313
0 0.818750 0.669531 0.025000 0.023438
0 0.443750 0.518750 0.028125 0.021875
0 0.425781 0.542969 0.032813 0.020313
0 0.439063 0.619531 0.037500 0.029687
0 0.336719 0.644531 0.029687 0.017188
0 0.296094 0.634375 0.026562 0.012500
0 0.354687 0.677344 0.018750 0.029687
0 0.070312 0.659375 0.021875 0.021875
0 0.056250 0.666406 0.018750 0.020313
0 0.107813 0.590625 0.015625 0.025000
0 0.160938 0.600781 0.015625 0.023438
0 0.174219 0.600781 0.014063 0.023438
0 0.203125 0.602344 0.015625 0.026562
0 0.064844 0.934375 0.023438 0.025000
0 0.161719 0.906250 0.017188 0.021875
0 0.172656 0.907031 0.023438 0.023438
0 0.206250 0.893750 0.025000 0.025000
0 0.279687 0.862500 0.018750 0.018750
0 0.293750 0.857812 0.018750 0.028125
0 0.570312 0.982812 0.025000 0.012500
0 0.576562 0.925781 0.015625 0.017188
0 0.583594 0.943750 0.026562 0.018750
0 0.627344 0.905469 0.029687 0.023438
0 0.675781 0.862500 0.029687 0.025000
0 0.735938 0.836719 0.015625 0.026562
0 0.752344 0.831250 0.017188 0.021875
0 0.748437 0.855469 0.012500 0.023438
0 0.782031 0.883594 0.020313 0.026562
0 0.851562 0.930469 0.021875 0.026562
0 0.710156 0.989062 0.032813 0.021875
