0 0.625000 0.103125 0.028125 0.018750
0 0.693750 0.225000 0.028125 0.015625
0 0.778125 0.221875 0.031250 0.018750
0 0.828125 0.325000 0.021875 0.015625
0 0.843750 0.335938 0.025000 0.015625
0 0.943750 0.305469 0.034375 0.017188
0 0.540625 0.455469 0.025000 0.014063
0 0.564063 0.496875 0.031250 0.018750
0 0.584375 0.542188 0.025000 0.015625
0 0.612500 0.586719 0.028125 0.014063
0 0.626563 0.621875 0.031250 0.015625
0 0.684375 0.515625 0.028125 0.015625
0 0.702344 0.549219 0.026562 0.014063
0 0.720313 0.584375 0.028125 0.018750
0 0.740625 0.621094 0.031250 0.017188
0 0.774219 0.509375 0.026562 0.018750
0 0.798438 0.553125 0.028125 0.015625
0 0.812500 0.589844 0.028125 0.014063
