0 0.260937 0.368750 0.025000 0.012500
0 0.056250 0.458594 0.018750 0.007812
0 0.496875 0.443750 0.009375 0.015625
0 0.506250 0.446875 0.012500 0.015625
0 0.521875 0.446875 0.015625 0.015625
0 0.534375 0.446094 0.009375 0.014063
0 0.496875 0.510938 0.015625 0.018750
0 0.534375 0.515625 0.025000 0.018750
0 0.696094 0.459375 0.020313 0.025000
0 0.798438 0.464844 0.015625 0.020313
0 0.821875 0.462500 0.015625 0.018750
0 0.721094 0.517969 0.017188 0.017188
0 0.731250 0.523438 0.018750 0.018750
0 0.743750 0.525000 0.018750 0.018750
0 0.768750 0.525000 0.015625 0.018750
0 0.783594 0.526563 0.014063 0.015625
0 0.809375 0.514844 0.015625 0.017188
0 0.825000 0.512500 0.018750 0.021875
0 0.878125 0.517188 0.018750 0.015625
0 0.899219 0.518750 0.010937 0.018750
0 0.876563 0.533594 0.015625 0.017188
0 0.893750 0.568750 0.018750 0.015625
0 0.846875 0.568750 0.015625 0.015625
0 0.833594 0.565625 0.010937 0.012500
0 0.765625 0.564063 0.018750 0.018750
0 0.755469 0.564063 0.014063 0.015625
0 0.737500 0.564063 0.018750 0.015625
0 0.703125 0.561719 0.018750 0.017188
0 0.677344 0.558594 0.014063 0.014063
0 0.665625 0.559375 0.015625 0.015625
0 0.565625 0.550000 0.021875 0.021875
0 0.017969 0.799219 0.014063 0.017188
0 0.053125 0.837500 0.018750 0.018750
0 0.039062 0.836719 0.015625 0.017188
0 0.011719 0.834375 0.014063 0.018750
0 0.771094 0.958594 0.023438 0.010937
0 0.793750 0.959375 0.021875 0.009375
0 0.846875 0.960938 0.021875 0.006250
0 0.846094 0.970313 0.026562 0.012500
0 0.721875 0.961719 0.025000 0.010937
0 0.718750 0.971875 0.025000 0.009375
0 0.718750 0.980469 0.025000 0.007812
0 0.718750 0.987500 0.021875 0.009375
0 0.771875 0.980469 0.021875 0.010937
0 0.768750 0.987500 0.021875 0.009375
0 0.790625 0.990625 0.021875 0.009375
0 0.770312 0.996875 0.025000 0.006250
0 0.842969 0.993750 0.020313 0.012500
0 0.661719 0.460156 0.017188 0.020313
0 0.452344 0.497656 0.020313 0.010937
0 0.263281 0.442188 0.014063 0.018750
