0 0.028906 0.033594 0.029687 0.010937
0 0.097656 0.050000 0.023438 0.015625
0 0.053125 0.075781 0.015625 0.017188
0 0.071094 0.078906 0.020313 0.017188
0 0.065625 0.551562 0.018750 0.015625
0 0.085938 0.567187 0.021875 0.015625
0 0.177344 0.471094 0.014063 0.017188
0 0.257812 0.475781 0.015625 0.014063
0 0.245312 0.489063 0.018750 0.018750
0 0.272656 0.521094 0.026562 0.017188
0 0.289844 0.561719 0.023438 0.014063
0 0.288281 0.570312 0.023438 0.009375
0 0.167187 0.591406 0.028125 0.014063
0 0.220312 0.774219 0.015625 0.017188
0 0.221875 0.790625 0.015625 0.015625
0 0.280469 0.776563 0.014063 0.018750
0 0.380469 0.786719 0.020313 0.026562
0 0.347656 0.815625 0.029687 0.012500
0 0.448437 0.804688 0.021875 0.015625
0 0.457813 0.814063 0.021875 0.015625
0 0.455469 0.841406 0.023438 0.010937
0 0.435937 0.853906 0.028125 0.014063
0 0.302344 0.856250 0.010937 0.018750
0 0.290625 0.857812 0.015625 0.021875
0 0.251563 0.842187 0.012500 0.015625
0 0.252344 0.860156 0.010937 0.017188
0 0.238281 0.854688 0.010937 0.015625
0 0.067969 0.833594 0.029687 0.010937
0 0.046094 0.953906 0.020313 0.026562
0 0.021094 0.975781 0.026562 0.014063
