0 0.361719 0.807031 0.029687 0.014063
0 0.053125 0.840625 0.015625 0.021875
0 0.096875 0.839844 0.018750 0.026562
0 0.217969 0.847656 0.017188 0.026562
0 0.247656 0.841406 0.014063 0.023438
0 0.121875 0.906250 0.018750 0.021875
0 0.135937 0.914062 0.021875 0.021875
0 0.152344 0.915625 0.023438 0.021875
0 0.188281 0.910937 0.023438 0.021875
0 0.207031 0.914062 0.029687 0.021875
0 0.232031 0.899219 0.020313 0.023438
0 0.250781 0.901563 0.023438 0.021875
0 0.315625 0.903906 0.025000 0.017188
0 0.343750 0.907813 0.021875 0.021875
0 0.314063 0.922656 0.025000 0.020313
0 0.611719 0.944531 0.026562 0.026562
0 0.657031 0.948438 0.020313 0.021875
0 0.670312 0.950000 0.018750 0.021875
0 0.684375 0.951562 0.018750 0.025000
0 0.696875 0.951562 0.018750 0.025000
0 0.713281 0.951562 0.023438 0.025000
0 0.059375 0.953125 0.025000 0.025000
0 0.104688 0.960156 0.021875 0.020313
0 0.148438 0.962500 0.018750 0.018750
0 0.167969 0.965625 0.020313 0.018750
0 0.197656 0.964063 0.026562 0.021875
0 0.262500 0.965625 0.021875 0.021875
