0 0.305469 0.283594 0.029687 0.010937
0 0.693750 0.100000 0.031250 0.015625
0 0.610938 0.511719 0.025000 0.057813
0 0.375000 0.411719 0.025000 0.010937
0 0.376563 0.418750 0.028125 0.009375
0 0.431250 0.278125 0.028125 0.009375
0 0.434375 0.287500 0.025000 0.006250
0 0.433594 0.298438 0.026562 0.009375
0 0.431250 0.321875 0.028125 0.009375
0 0.431250 0.332813 0.025000 0.009375
0 0.431250 0.340625 0.028125 0.009375
0 0.431250 0.349219 0.025000 0.010937
0 0.434375 0.359375 0.025000 0.009375
0 0.434375 0.368750 0.028125 0.009375
0 0.434375 0.376563 0.025000 0.009375
0 0.651563 0.867969 0.018750 0.010937
0 0.475000 0.979688 0.021875 0.009375
0 0.136719 0.499219 0.029687 0.017188
