0 0.180469 0.615625 0.020313 0.021875
0 0.861719 0.496875 0.026562 0.015625
0 0.804688 0.456250 0.031250 0.018750
0 0.828125 0.450000 0.025000 0.015625
0 0.885938 0.382812 0.028125 0.015625
0 0.892969 0.391406 0.026562 0.014063
0 0.896875 0.402344 0.021875 0.010937
0 0.909375 0.412500 0.028125 0.015625
0 0.918750 0.436719 0.025000 0.014063
0 0.918750 0.446875 0.028125 0.009375
0 0.928125 0.453125 0.018750 0.015625
0 0.932813 0.465625 0.028125 0.021875
0 0.877344 0.546875 0.029687 0.018750
0 0.843750 0.546875 0.021875 0.021875
