0 0.968750 0.042188 0.028125 0.018750
0 0.986719 0.027344 0.026562 0.017188
0 0.987500 0.056250 0.025000 0.009375
0 0.967969 0.064062 0.026562 0.015625
0 0.898438 0.024219 0.028125 0.017188
0 0.900781 0.042969 0.032813 0.014063
0 0.896094 0.059375 0.029687 0.009375
0 0.894531 0.072656 0.026562 0.014063
0 0.870313 0.317188 0.031250 0.009375
0 0.865625 0.327344 0.028125 0.010937
0 0.864844 0.339844 0.026562 0.010937
0 0.863281 0.346875 0.032813 0.012500
0 0.853125 0.371094 0.025000 0.017188
0 0.851562 0.389844 0.025000 0.010937
0 0.846094 0.399219 0.026562 0.010937
0 0.842187 0.411719 0.034375 0.010937
0 0.950781 0.310937 0.032813 0.015625
0 0.951562 0.322656 0.025000 0.010937
0 0.944531 0.329688 0.026562 0.009375
0 0.941406 0.340625 0.026562 0.012500
0 0.932031 0.374219 0.032813 0.010937
0 0.925781 0.392969 0.029687 0.007812
0 0.923438 0.404687 0.031250 0.012500
0 0.919531 0.415625 0.029687 0.009375
0 0.864062 0.517188 0.015625 0.021875
0 0.557813 0.356250 0.018750 0.028125
0 0.542969 0.357812 0.014063 0.021875
0 0.530469 0.355469 0.014063 0.023438
0 0.504687 0.355469 0.015625 0.020313
0 0.489063 0.353125 0.015625 0.021875
0 0.402344 0.292969 0.026562 0.017188
0 0.402344 0.307031 0.032813 0.014063
0 0.401562 0.318750 0.037500 0.012500
0 0.403125 0.333594 0.034375 0.014063
0 0.396094 0.357031 0.026562 0.014063
0 0.395313 0.368750 0.028125 0.012500
0 0.301563 0.711719 0.031250 0.017188
0 0.407031 0.718750 0.026562 0.015625
0 0.436719 0.717969 0.032813 0.010937
0 0.613281 0.732031 0.029687 0.014063
0 0.635156 0.732031 0.032813 0.014063
0 0.674219 0.734375 0.035937 0.015625
0 0.388281 0.779687 0.014063 0.021875
0 0.402344 0.782813 0.014063 0.021875
0 0.417187 0.779687 0.012500 0.021875
0 0.429688 0.783594 0.012500 0.020313
0 0.442188 0.785937 0.012500 0.018750
0 0.462500 0.785937 0.018750 0.018750
0 0.825000 0.642969 0.031250 0.014063
0 0.823438 0.651563 0.028125 0.012500
0 0.817969 0.711719 0.026562 0.010937
0 0.885938 0.657031 0.034375 0.014063
0 0.910937 0.667969 0.028125 0.014063
0 0.887500 0.675781 0.021875 0.010937
0 0.913281 0.678125 0.029687 0.012500
0 0.882031 0.689063 0.026562 0.012500
0 0.917188 0.689063 0.034375 0.009375
0 0.908594 0.707812 0.026562 0.009375
0 0.881250 0.716406 0.031250 0.010937
0 0.317969 0.974219 0.032813 0.014063
