0 0.080529 0.670673 0.036058 0.014423
0 0.078125 0.618990 0.045673 0.016827
0 0.078125 0.634615 0.045673 0.014423
0 0.082933 0.652644 0.031250 0.012019
0 0.600962 0.657452 0.024038 0.036058
0 0.611779 0.734375 0.021635 0.036058
0 0.627404 0.735577 0.019231 0.033654
0 0.664663 0.734375 0.021635 0.026442
0 0.682692 0.734375 0.014423 0.031250
0 0.759615 0.737981 0.019231 0.033654
0 0.740385 0.736779 0.024038 0.031250
0 0.656250 0.659856 0.019231 0.031250
0 0.769231 0.050481 0.043269 0.019231
0 0.661058 0.037260 0.038462 0.016827
0 0.664663 0.057692 0.036058 0.019231
0 0.631010 0.096154 0.021635 0.033654
0 0.431490 0.082933 0.021635 0.026442
0 0.311298 0.079327 0.021635 0.028846
0 0.276442 0.072115 0.019231 0.028846
0 0.140625 0.067308 0.021635 0.033654
0 0.176683 0.068510 0.021635 0.026442
0 0.552885 0.091346 0.024038 0.028846
