0 0.817969 0.165625 0.029687 0.018750
0 0.962500 0.418750 0.018750 0.031250
0 0.871875 0.646875 0.025000 0.021875
0 0.506250 0.806250 0.028125 0.015625
0 0.249219 0.892188 0.026562 0.018750
0 0.493750 0.314844 0.025000 0.010937
0 0.574219 0.314063 0.026562 0.015625
0 0.645312 0.375000 0.021875 0.021875
0 0.656250 0.368750 0.015625 0.025000
0 0.718750 0.384375 0.021875 0.015625
0 0.620313 0.403125 0.018750 0.015625
0 0.355469 0.514844 0.029687 0.017188
0 0.378125 0.556250 0.021875 0.018750
0 0.396875 0.593750 0.025000 0.012500
0 0.417969 0.634375 0.026562 0.012500
0 0.434375 0.665625 0.025000 0.015625
0 0.487500 0.568750 0.025000 0.015625
0 0.503125 0.600000 0.025000 0.018750
0 0.517969 0.631250 0.023438 0.015625
0 0.535937 0.662500 0.025000 0.018750
0 0.562500 0.564844 0.025000 0.014063
0 0.589844 0.603125 0.023438 0.012500
0 0.598437 0.634375 0.025000 0.018750
