0 0.808894 0.801683 0.021635 0.031250
0 0.866587 0.804087 0.021635 0.031250
0 0.890625 0.806490 0.040865 0.016827
0 0.819712 0.871394 0.019231 0.031250
0 0.834135 0.871394 0.019231 0.031250
0 0.867788 0.877404 0.019231 0.028846
0 0.884615 0.870192 0.019231 0.028846
0 0.939904 0.868990 0.019231 0.026442
0 0.961538 0.875000 0.019231 0.024038
0 0.212740 0.818510 0.045673 0.021635
0 0.224760 0.844952 0.045673 0.016827
0 0.216346 0.861779 0.038462 0.016827
0 0.320913 0.769231 0.040865 0.014423
0 0.318510 0.782452 0.040865 0.016827
0 0.320913 0.798077 0.036058 0.014423
0 0.177885 0.275240 0.033654 0.016827
0 0.372596 0.245192 0.024038 0.028846
0 0.407452 0.242788 0.016827 0.024038
0 0.504808 0.248798 0.014423 0.026442
0 0.534856 0.257212 0.021635 0.033654
0 0.646635 0.259615 0.019231 0.028846
0 0.763221 0.265625 0.021635 0.031250
0 0.836538 0.272837 0.024038 0.031250
0 0.865385 0.212740 0.038462 0.016827
0 0.866587 0.233173 0.036058 0.019231
0 0.962740 0.225962 0.040865 0.019231
0 0.227163 0.061298 0.036058 0.012019
0 0.320913 0.812500 0.045673 0.014423
0 0.216346 0.881010 0.043269 0.016827
