0 0.330469 0.082031 0.060937 0.026562
0 0.534375 0.092188 0.025000 0.018750
0 0.028125 0.123438 0.012500 0.015625
0 0.167187 0.143750 0.012500 0.018750
0 0.198437 0.138281 0.018750 0.023438
0 0.299219 0.145313 0.014063 0.021875
0 0.323437 0.139844 0.015625 0.020313
0 0.380469 0.194531 0.020313 0.017188
0 0.328125 0.192188 0.021875 0.018750
0 0.312500 0.193750 0.015625 0.018750
0 0.016406 0.122656 0.010937 0.014063
0 0.007031 0.121875 0.010937 0.018750
0 0.031250 0.175781 0.021875 0.017188
0 0.085938 0.232031 0.021875 0.020313
0 0.103906 0.232031 0.017188 0.017188
0 0.182812 0.235937 0.018750 0.015625
0 0.207031 0.239844 0.020313 0.017188
0 0.246094 0.242188 0.023438 0.015625
0 0.223438 0.193750 0.012500 0.018750
0 0.234375 0.200781 0.015625 0.023438
0 0.247656 0.203906 0.014063 0.020313
0 0.273438 0.203906 0.015625 0.020313
0 0.286719 0.205469 0.010937 0.014063
0 0.337500 0.208594 0.015625 0.017188
0 0.378906 0.209375 0.020313 0.018750
0 0.257812 0.221875 0.021875 0.012500
0 0.621094 0.226562 0.020313 0.018750
0 0.772656 0.172656 0.017188 0.014063
0 0.890625 0.164062 0.012500 0.018750
0 0.658594 0.232031 0.020313 0.020313
0 0.671875 0.230469 0.015625 0.020313
0 0.681250 0.231250 0.012500 0.021875
0 0.692969 0.233594 0.014063 0.020313
0 0.705469 0.234375 0.014063 0.021875
0 0.592969 0.375781 0.023438 0.014063
0 0.627344 0.409375 0.020313 0.021875
0 0.674219 0.469531 0.010937 0.017188
0 0.771094 0.432031 0.026562 0.010937
0 0.798438 0.434375 0.025000 0.015625
0 0.688281 0.657031 0.020313 0.007812
0 0.686719 0.667188 0.020313 0.009375
0 0.706250 0.659375 0.021875 0.009375
0 0.706250 0.667969 0.025000 0.007812
0 0.708594 0.675781 0.023438 0.007812
0 0.990625 0.689844 0.015625 0.010937
0 0.991406 0.680469 0.017188 0.010937
0 0.959375 0.790625 0.012500 0.018750
0 0.653125 0.791406 0.025000 0.010937
0 0.697656 0.800781 0.026562 0.014063
0 0.697656 0.822656 0.020313 0.010937
0 0.630469 0.796094 0.017188 0.010937
0 0.628906 0.812500 0.023438 0.009375
0 0.648438 0.822656 0.018750 0.010937
0 0.582031 0.776563 0.020313 0.009375
0 0.579688 0.790625 0.021875 0.009375
0 0.582812 0.799219 0.018750 0.010937
0 0.350000 0.638281 0.028125 0.010937
0 0.278125 0.628125 0.021875 0.009375
0 0.300000 0.628125 0.018750 0.006250
0 0.277344 0.650000 0.020313 0.006250
0 0.275000 0.658594 0.021875 0.010937
0 0.296875 0.660156 0.025000 0.007812
0 0.278125 0.667969 0.021875 0.007812
0 0.350000 0.662500 0.018750 0.009375
0 0.231250 0.633594 0.025000 0.010937
0 0.227344 0.640625 0.020313 0.009375
0 0.226562 0.647656 0.025000 0.007812
0 0.227344 0.657031 0.020313 0.007812
0 0.225000 0.670312 0.025000 0.009375
0 0.287500 0.699219 0.025000 0.010937
0 0.141406 0.690625 0.023438 0.012500
0 0.323437 0.767969 0.034375 0.014063
0 0.301563 0.780469 0.018750 0.010937
0 0.324219 0.789844 0.020313 0.010937
0 0.303125 0.796875 0.018750 0.009375
0 0.250000 0.764062 0.021875 0.009375
0 0.248438 0.779687 0.021875 0.009375
0 0.245312 0.792969 0.018750 0.007812
0 0.243750 0.801562 0.021875 0.009375
0 0.819531 0.873437 0.014063 0.021875
0 0.838281 0.991406 0.010937 0.017188
