0 0.796875 0.721154 0.040865 0.019231
0 0.800481 0.819712 0.038462 0.024038
0 0.787260 0.802885 0.036058 0.024038
0 0.856971 0.693510 0.021635 0.036058
0 0.897837 0.686298 0.021635 0.021635
0 0.889423 0.896635 0.024038 0.038462
0 0.771635 0.872596 0.043269 0.024038
0 0.865385 0.897837 0.019231 0.036058
0 0.927885 0.911058 0.019231 0.038462
0 0.382212 0.675481 0.024038 0.028846
0 0.319712 0.909856 0.019231 0.040865
0 0.341346 0.897837 0.024038 0.040865
0 0.295673 0.902644 0.024038 0.040865
0 0.366587 0.896635 0.016827 0.038462
0 0.224760 0.865385 0.021635 0.033654
0 0.431490 0.757212 0.040865 0.019231
0 0.449519 0.724760 0.038462 0.021635
0 0.991587 0.683894 0.016827 0.031250
0 0.925481 0.691106 0.024038 0.031250
0 0.177885 0.888221 0.019231 0.040865
0 0.241587 0.866587 0.021635 0.036058
0 0.050481 0.800481 0.028846 0.038462
0 0.064904 0.834135 0.028846 0.043269
0 0.442308 0.850962 0.043269 0.024038
0 0.246394 0.694712 0.026442 0.038462
0 0.187500 0.695913 0.019231 0.031250
0 0.009615 0.698317 0.014423 0.026442
0 0.025240 0.703125 0.026442 0.031250
