0 0.122656 0.190625 0.029687 0.015625
0 0.130469 0.269531 0.032813 0.023438
0 0.052344 0.345313 0.020313 0.025000
0 0.031250 0.299219 0.028125 0.017188
0 0.007031 0.295312 0.010937 0.021875
0 0.638281 0.125781 0.035937 0.023438
0 0.391406 0.245312 0.035937 0.015625
0 0.381250 0.285156 0.034375 0.017188
0 0.361719 0.321094 0.020313 0.017188
0 0.390625 0.347656 0.031250 0.020313
0 0.411719 0.380469 0.023438 0.020313
0 0.435156 0.399219 0.026562 0.020313
0 0.447656 0.408594 0.023438 0.023438
0 0.593750 0.258594 0.040625 0.023438
0 0.540625 0.381250 0.025000 0.018750
0 0.518750 0.410938 0.018750 0.015625
0 0.575000 0.350781 0.021875 0.014063
0 0.844531 0.462500 0.029687 0.021875
0 0.779687 0.508594 0.031250 0.023438
0 0.927344 0.595313 0.035937 0.025000
0 0.939844 0.425000 0.032813 0.018750
0 0.969531 0.037500 0.035937 0.021875
0 0.965625 0.065625 0.034375 0.018750
