0 0.234375 0.189844 0.025000 0.017188
0 0.185938 0.259375 0.025000 0.028125
0 0.208594 0.268750 0.020313 0.028125
0 0.255469 0.290625 0.017188 0.025000
0 0.270313 0.299219 0.015625 0.023438
0 0.283594 0.301563 0.014063 0.021875
0 0.196875 0.512500 0.028125 0.018750
0 0.171875 0.556250 0.034375 0.018750
0 0.586719 0.037500 0.017188 0.025000
0 0.665625 0.071875 0.021875 0.018750
0 0.792969 0.112500 0.035937 0.018750
0 0.865625 0.134375 0.021875 0.015625
0 0.884375 0.140625 0.021875 0.015625
0 0.962500 0.131250 0.031250 0.015625
0 0.954688 0.150000 0.025000 0.012500
0 0.948438 0.159375 0.025000 0.009375
0 0.946094 0.170313 0.026562 0.012500
0 0.946875 0.212500 0.018750 0.021875
0 0.939063 0.224219 0.015625 0.020313
0 0.304688 0.230469 0.028125 0.026562
0 0.078125 0.117188 0.028125 0.018750
0 0.080469 0.103125 0.023438 0.015625
0 0.084375 0.092188 0.025000 0.012500
0 0.085156 0.082031 0.029687 0.010937
0 0.089063 0.074219 0.031250 0.014063
