0 0.038462 0.147837 0.019231 0.026442
0 0.031250 0.257212 0.024038 0.028846
0 0.938702 0.572115 0.031250 0.014423
0 0.936298 0.590144 0.040865 0.007212
0 0.939904 0.606971 0.033654 0.021635
0 0.935096 0.632212 0.038462 0.019231
0 0.771635 0.675481 0.038462 0.019231
0 0.723558 0.716346 0.038462 0.009615
0 0.769231 0.721154 0.038462 0.014423
0 0.813702 0.724760 0.031250 0.016827
0 0.177885 0.634615 0.033654 0.014423
0 0.230769 0.685096 0.024038 0.024038
0 0.270433 0.693510 0.040865 0.016827
0 0.975962 0.790865 0.033654 0.014423
0 0.984375 0.817308 0.031250 0.019231
0 0.977163 0.841346 0.031250 0.009615
0 0.975962 0.861779 0.033654 0.012019
0 0.975962 0.872596 0.033654 0.009615
0 0.975962 0.888221 0.033654 0.021635
0 0.317308 0.691106 0.043269 0.016827
0 0.545673 0.661058 0.024038 0.014423
0 0.521635 0.646635 0.028846 0.014423
