0 0.802344 0.008594 0.026562 0.014063
0 0.793750 0.010937 0.028125 0.018750
0 0.784375 0.021094 0.028125 0.023438
0 0.769531 0.025781 0.020313 0.017188
0 0.759375 0.035937 0.021875 0.018750
0 0.748437 0.042969 0.025000 0.020313
0 0.738281 0.051562 0.026562 0.021875
0 0.728906 0.059375 0.032813 0.021875
0 0.715625 0.067187 0.028125 0.018750
0 0.704688 0.075781 0.028125 0.020313
0 0.696094 0.085938 0.026562 0.018750
0 0.684375 0.093750 0.021875 0.015625
0 0.674219 0.103125 0.029687 0.018750
0 0.637500 0.139063 0.031250 0.025000
0 0.718750 0.183594 0.021875 0.020313
0 0.730469 0.175000 0.020313 0.021875
0 0.734375 0.199219 0.018750 0.017188
0 0.847656 0.080469 0.020313 0.023438
0 0.843750 0.111719 0.015625 0.020313
0 0.855469 0.100781 0.023438 0.023438
0 0.867188 0.095312 0.021875 0.018750
0 0.880469 0.091406 0.020313 0.023438
0 0.860156 0.071875 0.020313 0.021875
0 0.868750 0.061719 0.021875 0.023438
0 0.878906 0.056250 0.023438 0.025000
0 0.888281 0.046875 0.020313 0.021875
0 0.899219 0.038281 0.020313 0.023438
0 0.912500 0.029687 0.018750 0.021875
0 0.922656 0.022656 0.020313 0.023438
0 0.932813 0.015625 0.021875 0.021875
0 0.944531 0.008594 0.020313 0.014063
0 0.953906 0.003906 0.014063 0.004687
0 0.890625 0.081250 0.018750 0.021875
0 0.900000 0.069531 0.018750 0.023438
0 0.910156 0.064062 0.023438 0.021875
0 0.921875 0.057031 0.021875 0.023438
0 0.931250 0.043750 0.021875 0.025000
0 0.940625 0.037500 0.018750 0.025000
0 0.953906 0.032031 0.023438 0.020313
0 0.964844 0.022656 0.020313 0.020313
0 0.971094 0.011719 0.017188 0.020313
0 0.267188 0.467187 0.028125 0.015625
0 0.250781 0.475000 0.029687 0.021875
0 0.240625 0.483594 0.028125 0.014063
0 0.225781 0.495312 0.029687 0.018750
0 0.212500 0.503906 0.034375 0.020313
0 0.204687 0.517188 0.031250 0.018750
0 0.189844 0.525000 0.029687 0.015625
0 0.170313 0.542188 0.028125 0.018750
0 0.156250 0.554688 0.028125 0.018750
0 0.145313 0.563281 0.028125 0.017188
0 0.282031 0.488281 0.029687 0.017188
0 0.262500 0.500781 0.028125 0.020313
0 0.250781 0.512500 0.026562 0.018750
0 0.237500 0.521875 0.025000 0.018750
0 0.224219 0.531250 0.029687 0.018750
0 0.206250 0.543750 0.028125 0.018750
0 0.188281 0.558594 0.026562 0.020313
0 0.177344 0.569531 0.032813 0.020313
0 0.167969 0.580469 0.032813 0.020313
0 0.151562 0.588281 0.025000 0.017188
0 0.138281 0.598437 0.035937 0.021875
0 0.014844 0.679688 0.026562 0.018750
0 0.008594 0.689063 0.014063 0.018750
0 0.053906 0.715625 0.023438 0.015625
0 0.049219 0.724219 0.023438 0.017188
0 0.038281 0.730469 0.026562 0.020313
0 0.030469 0.735938 0.026562 0.015625
0 0.019531 0.742188 0.032813 0.021875
0 0.013281 0.751563 0.023438 0.015625
0 0.010156 0.761719 0.017188 0.017188
0 0.076563 0.730469 0.031250 0.023438
0 0.068750 0.735938 0.034375 0.021875
0 0.059375 0.744531 0.028125 0.023438
0 0.048438 0.752344 0.028125 0.017188
0 0.042969 0.760156 0.032813 0.020313
0 0.035156 0.764062 0.029687 0.018750
0 0.027344 0.775000 0.032813 0.021875
0 0.015625 0.781250 0.028125 0.018750
0 0.008594 0.787500 0.014063 0.018750
