0 0.511719 0.614062 0.029687 0.021875
0 0.833594 0.087500 0.026562 0.015625
0 0.839844 0.099219 0.023438 0.010937
0 0.846094 0.105469 0.026562 0.014063
0 0.849219 0.114844 0.020313 0.010937
0 0.854688 0.121875 0.025000 0.015625
0 0.861719 0.131250 0.029687 0.015625
0 0.878125 0.156250 0.025000 0.018750
0 0.881250 0.165625 0.021875 0.012500
0 0.950000 0.270313 0.025000 0.021875
0 0.959375 0.296875 0.031250 0.018750
0 0.881250 0.003125 0.025000 0.003125
0 0.883594 0.012500 0.029687 0.009375
0 0.885938 0.021094 0.028125 0.014063
0 0.884375 0.040625 0.025000 0.015625
0 0.909375 0.093750 0.025000 0.015625
0 0.924219 0.118750 0.026562 0.015625
0 0.928125 0.131250 0.025000 0.015625
0 0.942969 0.146094 0.023438 0.014063
0 0.975000 0.174219 0.018750 0.023438
0 0.990625 0.171875 0.015625 0.021875
