0 0.091346 0.210337 0.024038 0.016827
0 0.092548 0.247596 0.016827 0.024038
0 0.132212 0.248798 0.019231 0.026442
0 0.057692 0.037260 0.019231 0.026442
0 0.442308 0.072115 0.033654 0.019231
0 0.537260 0.239183 0.016827 0.026442
0 0.926683 0.167067 0.021635 0.021635
0 0.038462 0.861779 0.024038 0.016827
0 0.073317 0.867788 0.031250 0.014423
0 0.318510 0.768029 0.016827 0.026442
0 0.283654 0.795673 0.014423 0.024038
0 0.502404 0.939904 0.028846 0.014423
0 0.588942 0.963942 0.024038 0.014423
0 0.012019 0.858173 0.019231 0.014423
