0 0.779687 0.018750 0.015625 0.025000
0 0.846094 0.033594 0.014063 0.020313
0 0.889844 0.042188 0.017188 0.018750
0 0.922656 0.050781 0.014063 0.023438
0 0.903906 0.006250 0.010937 0.009375
0 0.915625 0.008594 0.012500 0.014063
0 0.927344 0.008594 0.010937 0.014063
0 0.939063 0.010937 0.012500 0.012500
0 0.948438 0.009375 0.009375 0.012500
0 0.970313 0.081250 0.025000 0.009375
0 0.967969 0.089063 0.023438 0.009375
0 0.553125 0.084375 0.025000 0.018750
0 0.540625 0.071875 0.021875 0.021875
0 0.408594 0.025781 0.014063 0.014063
0 0.431250 0.031250 0.015625 0.018750
0 0.408594 0.069531 0.014063 0.020313
0 0.427344 0.074219 0.017188 0.026562
0 0.630469 0.221875 0.020313 0.015625
0 0.614844 0.225781 0.020313 0.020313
0 0.609375 0.231250 0.018750 0.018750
0 0.599219 0.235156 0.017188 0.023438
0 0.900781 0.366406 0.017188 0.026562
0 0.869531 0.357812 0.017188 0.018750
0 0.845313 0.351562 0.015625 0.021875
0 0.810937 0.345313 0.015625 0.021875
0 0.909375 0.551562 0.025000 0.025000
0 0.607812 0.396875 0.021875 0.009375
0 0.607812 0.405469 0.021875 0.010937
0 0.601562 0.429688 0.025000 0.012500
0 0.600000 0.446875 0.028125 0.009375
0 0.599219 0.456250 0.026562 0.012500
0 0.599219 0.467969 0.023438 0.007812
0 0.596875 0.472656 0.021875 0.010937
0 0.594531 0.501563 0.026562 0.009375
0 0.306250 0.058594 0.025000 0.014063
0 0.295312 0.068750 0.018750 0.015625
0 0.280469 0.079687 0.020313 0.012500
0 0.278906 0.087500 0.020313 0.012500
0 0.244531 0.123438 0.023438 0.015625
0 0.239063 0.130469 0.025000 0.017188
0 0.228906 0.146875 0.020313 0.015625
0 0.221875 0.153125 0.025000 0.015625
0 0.209375 0.166406 0.025000 0.017188
0 0.200000 0.181250 0.025000 0.015625
0 0.486719 0.248438 0.020313 0.021875
0 0.472656 0.253906 0.020313 0.020313
0 0.457813 0.264844 0.021875 0.017188
0 0.446875 0.269531 0.021875 0.020313
0 0.433594 0.277344 0.020313 0.017188
0 0.400781 0.297656 0.023438 0.020313
0 0.391406 0.303906 0.020313 0.020313
0 0.381250 0.307031 0.018750 0.023438
0 0.356250 0.314844 0.018750 0.020313
0 0.160156 0.310156 0.017188 0.017188
0 0.138281 0.311719 0.014063 0.017188
0 0.125000 0.309375 0.015625 0.018750
0 0.103906 0.310156 0.017188 0.020313
0 0.081250 0.307812 0.015625 0.018750
0 0.068750 0.307812 0.012500 0.018750
0 0.062500 0.346875 0.015625 0.018750
0 0.075781 0.350781 0.014063 0.017188
0 0.109375 0.350781 0.015625 0.020313
0 0.221875 0.355469 0.012500 0.020313
0 0.235156 0.355469 0.014063 0.020313
0 0.349219 0.360156 0.014063 0.017188
0 0.358594 0.359375 0.017188 0.018750
0 0.371875 0.356250 0.012500 0.018750
0 0.382812 0.355469 0.015625 0.020313
0 0.394531 0.351562 0.017188 0.018750
0 0.406250 0.344531 0.021875 0.026562
0 0.427344 0.335156 0.023438 0.017188
0 0.254688 0.461719 0.028125 0.014063
0 0.250781 0.481250 0.029687 0.009375
0 0.251563 0.490625 0.025000 0.009375
0 0.250781 0.497656 0.023438 0.007812
0 0.250781 0.506250 0.020313 0.009375
0 0.250000 0.514844 0.018750 0.007812
0 0.113281 0.642188 0.017188 0.018750
0 0.096875 0.639062 0.012500 0.018750
0 0.071875 0.639062 0.012500 0.015625
0 0.059375 0.639062 0.012500 0.018750
0 0.047656 0.637500 0.010937 0.018750
0 0.013281 0.636719 0.014063 0.023438
0 0.095312 0.685156 0.009375 0.020313
0 0.105469 0.686719 0.010937 0.020313
0 0.114844 0.689063 0.010937 0.021875
0 0.126562 0.688281 0.012500 0.023438
0 0.083594 0.686719 0.014063 0.020313
0 0.070312 0.684375 0.012500 0.021875
0 0.016406 0.715625 0.023438 0.012500
0 0.063281 0.777344 0.017188 0.020313
0 0.028125 0.774219 0.012500 0.020313
0 0.039062 0.773438 0.015625 0.021875
0 0.077344 0.778125 0.010937 0.018750
0 0.087500 0.780469 0.009375 0.017188
0 0.044531 0.818750 0.014063 0.021875
0 0.056250 0.818750 0.012500 0.021875
0 0.070312 0.817969 0.012500 0.020313
0 0.088281 0.819531 0.014063 0.023438
0 0.105469 0.821875 0.014063 0.018750
0 0.005469 0.815625 0.007812 0.018750
0 0.624219 0.307031 0.026562 0.023438
0 0.936719 0.159375 0.026562 0.009375
0 0.929688 0.176563 0.025000 0.015625
0 0.926562 0.189844 0.021875 0.014063
0 0.924219 0.199219 0.026562 0.014063
0 0.919531 0.208594 0.029687 0.014063
0 0.990625 0.179688 0.018750 0.012500
0 0.988281 0.189062 0.023438 0.012500
0 0.982812 0.199219 0.028125 0.014063
0 0.971875 0.220312 0.028125 0.012500
0 0.972656 0.231250 0.029687 0.018750
0 0.965625 0.248438 0.025000 0.012500
0 0.951562 0.262500 0.025000 0.012500
