0 0.218750 0.242969 0.018750 0.023438
0 0.236719 0.242188 0.017188 0.021875
0 0.260156 0.242188 0.014063 0.025000
0 0.240625 0.263281 0.018750 0.023438
0 0.176563 0.489844 0.018750 0.023438
0 0.257031 0.503125 0.017188 0.021875
0 0.208594 0.657031 0.023438 0.017188
0 0.121094 0.860938 0.020313 0.015625
0 0.024219 0.875000 0.023438 0.012500
0 0.052344 0.848437 0.020313 0.028125
0 0.064062 0.844531 0.015625 0.029687
0 0.696875 0.820312 0.018750 0.018750
0 0.722656 0.823438 0.017188 0.025000
0 0.457031 0.496094 0.020313 0.007812
0 0.492188 0.510156 0.025000 0.010937
0 0.494531 0.525000 0.020313 0.009375
0 0.491406 0.540625 0.023438 0.012500
0 0.494531 0.585156 0.020313 0.007812
0 0.515625 0.597656 0.015625 0.023438
0 0.648438 0.500000 0.015625 0.018750
0 0.636719 0.497656 0.014063 0.014063
0 0.623437 0.498437 0.012500 0.015625
0 0.639062 0.535937 0.012500 0.015625
0 0.627344 0.536719 0.010937 0.017188
0 0.615625 0.539062 0.012500 0.018750
0 0.605469 0.537500 0.010937 0.015625
0 0.594531 0.536719 0.010937 0.017188
0 0.584375 0.535937 0.009375 0.015625
0 0.575781 0.536719 0.010937 0.014063
0 0.564063 0.539062 0.012500 0.018750
0 0.552344 0.536719 0.010937 0.017188
0 0.542188 0.536719 0.009375 0.017188
0 0.554688 0.554688 0.012500 0.015625
0 0.585156 0.555469 0.014063 0.017188
0 0.596875 0.556250 0.012500 0.018750
0 0.854688 0.264844 0.012500 0.017188
0 0.835156 0.282031 0.014063 0.020313
0 0.771875 0.321094 0.012500 0.017188
0 0.822656 0.264062 0.010937 0.015625
0 0.811719 0.263281 0.010937 0.014063
0 0.800781 0.264062 0.010937 0.021875
0 0.782031 0.281250 0.014063 0.021875
0 0.760938 0.265625 0.012500 0.018750
0 0.762500 0.283594 0.012500 0.017188
0 0.832812 0.209375 0.012500 0.015625
0 0.801562 0.174219 0.012500 0.014063
0 0.758594 0.117188 0.014063 0.015625
0 0.768750 0.155469 0.012500 0.014063
0 0.757031 0.153906 0.014063 0.023438
0 0.768750 0.171094 0.012500 0.017188
0 0.779687 0.173437 0.012500 0.015625
0 0.778906 0.210938 0.010937 0.018750
0 0.792188 0.210156 0.012500 0.017188
0 0.803125 0.209375 0.012500 0.015625
0 0.755469 0.229687 0.010937 0.018750
0 0.770312 0.228125 0.009375 0.018750
0 0.781250 0.228125 0.015625 0.018750
0 0.803906 0.225781 0.010937 0.017188
0 0.814063 0.226562 0.009375 0.015625
0 0.390625 0.401562 0.015625 0.006250
0 0.388281 0.394531 0.017188 0.007812
0 0.389062 0.385156 0.018750 0.007812
0 0.388281 0.378906 0.017188 0.007812
0 0.391406 0.368750 0.017188 0.009375
0 0.437500 0.411719 0.015625 0.007812
0 0.435937 0.402344 0.018750 0.007812
0 0.438281 0.393750 0.017188 0.006250
0 0.438281 0.385937 0.020313 0.009375
0 0.438281 0.376563 0.023438 0.009375
0 0.439063 0.364063 0.018750 0.009375
0 0.438281 0.354687 0.020313 0.012500
0 0.436719 0.347656 0.014063 0.007812
0 0.390625 0.339844 0.021875 0.010937
0 0.389844 0.331250 0.023438 0.006250
0 0.389062 0.323437 0.021875 0.006250
0 0.388281 0.315625 0.020313 0.009375
0 0.387500 0.307031 0.021875 0.007812
0 0.389062 0.299219 0.018750 0.007812
0 0.389844 0.291406 0.017188 0.007812
0 0.388281 0.282813 0.020313 0.009375
0 0.385937 0.276562 0.021875 0.006250
0 0.386719 0.267188 0.020313 0.009375
0 0.387500 0.259375 0.021875 0.009375
