0 0.807813 0.340625 0.018750 0.025000
0 0.302344 0.917969 0.026562 0.023438
0 0.131250 0.946875 0.025000 0.006250
0 0.139844 0.959375 0.023438 0.012500
0 0.156250 0.986719 0.028125 0.017188
0 0.278125 0.964844 0.031250 0.017188
0 0.262500 0.925000 0.025000 0.015625
0 0.346094 0.921875 0.029687 0.018750
0 0.431250 0.909375 0.028125 0.015625
0 0.465625 0.790625 0.018750 0.009375
0 0.475000 0.839063 0.025000 0.012500
0 0.481250 0.853125 0.018750 0.018750
0 0.523438 0.849219 0.015625 0.023438
0 0.557813 0.850000 0.018750 0.021875
0 0.636719 0.836719 0.020313 0.017188
0 0.764844 0.912500 0.017188 0.021875
0 0.759375 0.950000 0.015625 0.021875
0 0.796875 0.952344 0.015625 0.023438
0 0.804688 0.909375 0.012500 0.021875
0 0.800000 0.987500 0.015625 0.021875
0 0.965625 0.824219 0.028125 0.020313
0 0.900000 0.971875 0.018750 0.021875
0 0.915625 0.971875 0.015625 0.025000
0 0.950000 0.965625 0.015625 0.028125
0 0.964063 0.965625 0.015625 0.028125
0 0.978125 0.965625 0.018750 0.028125
0 0.865625 0.709375 0.025000 0.012500
0 0.860938 0.771875 0.025000 0.009375
0 0.925000 0.684375 0.025000 0.015625
0 0.924219 0.699219 0.032813 0.014063
0 0.925000 0.715625 0.028125 0.015625
0 0.928125 0.739844 0.025000 0.014063
0 0.698438 0.937500 0.018750 0.018750
0 0.689844 0.948438 0.017188 0.015625
0 0.682813 0.956250 0.018750 0.009375
0 0.671875 0.983594 0.018750 0.017188
0 0.651563 0.783594 0.025000 0.014063
0 0.712500 0.800000 0.028125 0.015625
0 0.050000 0.903125 0.021875 0.021875
0 0.059375 0.900000 0.028125 0.015625
0 0.014844 0.517188 0.014063 0.015625
0 0.022656 0.191406 0.017188 0.010937
