0 0.293750 0.308594 0.031250 0.010937
0 0.583594 0.414844 0.014063 0.017188
0 0.300000 0.402344 0.012500 0.020313
0 0.316406 0.403906 0.010937 0.017188
0 0.476562 0.408594 0.015625 0.017188
0 0.611719 0.414844 0.010937 0.020313
0 0.626563 0.417187 0.009375 0.015625
0 0.646875 0.417187 0.012500 0.018750
0 0.664844 0.420312 0.014063 0.018750
0 0.697656 0.422656 0.010937 0.020313
0 0.720313 0.424219 0.015625 0.020313
0 0.740625 0.422656 0.012500 0.020313
0 0.706250 0.462500 0.009375 0.018750
0 0.676562 0.461719 0.009375 0.020313
0 0.655469 0.483594 0.007812 0.023438
0 0.665625 0.484375 0.009375 0.021875
0 0.813281 0.535937 0.010937 0.018750
0 0.803125 0.535937 0.009375 0.018750
0 0.748437 0.534375 0.012500 0.021875
0 0.761719 0.534375 0.014063 0.021875
0 0.852344 0.538281 0.014063 0.017188
0 0.867969 0.539062 0.014063 0.021875
0 0.885938 0.539844 0.012500 0.017188
0 0.906250 0.542188 0.015625 0.018750
0 0.448437 0.449219 0.015625 0.020313
0 0.468750 0.451562 0.018750 0.018750
0 0.492188 0.600781 0.015625 0.017188
0 0.466406 0.571094 0.014063 0.020313
0 0.479687 0.564844 0.015625 0.017188
0 0.806250 0.689844 0.012500 0.020313
0 0.816406 0.689844 0.010937 0.020313
0 0.827344 0.692969 0.010937 0.020313
0 0.871875 0.695312 0.012500 0.018750
0 0.885938 0.696094 0.012500 0.020313
0 0.897656 0.694531 0.010937 0.017188
0 0.915625 0.697656 0.009375 0.020313
0 0.976562 0.618750 0.021875 0.009375
0 0.977344 0.630469 0.023438 0.010937
0 0.975781 0.645312 0.023438 0.012500
0 0.975000 0.655469 0.025000 0.007812
0 0.975000 0.665625 0.025000 0.012500
0 0.170313 0.946875 0.025000 0.018750
0 0.214062 0.942969 0.021875 0.020313
0 0.608594 0.948438 0.017188 0.021875
0 0.639844 0.952344 0.010937 0.020313
0 0.273438 0.417969 0.018750 0.007812
0 0.275781 0.427344 0.017188 0.007812
0 0.278906 0.435937 0.020313 0.006250
0 0.289844 0.455469 0.020313 0.007812
0 0.299219 0.473438 0.023438 0.009375
0 0.303906 0.490625 0.023438 0.009375
0 0.311719 0.510156 0.020313 0.007812
0 0.317969 0.529687 0.026562 0.009375
0 0.325000 0.543750 0.025000 0.009375
0 0.325781 0.553125 0.026562 0.009375
0 0.364063 0.600781 0.028125 0.014063
0 0.383594 0.647656 0.029687 0.014063
