0 0.432812 0.046875 0.018750 0.028125
0 0.525781 0.117969 0.014063 0.026562
0 0.729688 0.125781 0.012500 0.026562
0 0.762500 0.127344 0.015625 0.020313
0 0.810937 0.137500 0.012500 0.021875
0 0.795312 0.132031 0.012500 0.020313
0 0.942969 0.139063 0.014063 0.025000
0 0.957812 0.139063 0.012500 0.025000
0 0.735938 0.411719 0.012500 0.023438
0 0.721875 0.404687 0.015625 0.025000
0 0.648438 0.382031 0.018750 0.026562
0 0.493750 0.386719 0.018750 0.026562
0 0.660156 0.447656 0.020313 0.014063
0 0.485156 0.521094 0.029687 0.014063
0 0.487500 0.532813 0.021875 0.009375
0 0.484375 0.592187 0.028125 0.012500
0 0.478906 0.604688 0.026562 0.012500
0 0.483594 0.633594 0.029687 0.014063
0 0.536719 0.603906 0.014063 0.023438
0 0.534375 0.626563 0.018750 0.025000
0 0.549219 0.675000 0.026562 0.025000
0 0.585938 0.681250 0.025000 0.015625
0 0.485938 0.666406 0.068750 0.032813
0 0.498437 0.686719 0.021875 0.014063
0 0.550000 0.729688 0.028125 0.015625
0 0.608594 0.728906 0.020313 0.020313
0 0.684375 0.654687 0.031250 0.021875
0 0.677344 0.578906 0.023438 0.010937
0 0.933594 0.632812 0.029687 0.021875
0 0.925000 0.672656 0.025000 0.014063
0 0.906250 0.708594 0.025000 0.020313
0 0.933594 0.730469 0.029687 0.023438
0 0.955469 0.760938 0.023438 0.018750
0 0.977344 0.780469 0.026562 0.020313
0 0.984375 0.790625 0.028125 0.021875
