0 0.082031 0.165625 0.039062 0.018750
0 0.007812 0.240625 0.012500 0.021875
0 0.110156 0.283594 0.035937 0.017188
0 0.011719 0.303125 0.020313 0.021875
0 0.071875 0.305469 0.018750 0.020313
0 0.070312 0.325000 0.025000 0.015625
0 0.103906 0.329688 0.023438 0.025000
0 0.379688 0.349219 0.021875 0.020313
0 0.426563 0.350781 0.031250 0.023438
0 0.444531 0.352344 0.017188 0.020313
0 0.452344 0.353906 0.017188 0.017188
0 0.471875 0.353125 0.018750 0.021875
0 0.489844 0.356250 0.023438 0.018750
0 0.339844 0.533594 0.029687 0.020313
0 0.378125 0.575781 0.021875 0.023438
0 0.810937 0.377344 0.015625 0.023438
0 0.828906 0.378906 0.017188 0.020313
0 0.870313 0.383594 0.015625 0.020313
0 0.921094 0.386719 0.017188 0.026562
0 0.949219 0.385937 0.017188 0.021875
0 0.598437 0.608594 0.031250 0.010937
0 0.559375 0.603906 0.031250 0.014063
0 0.453125 0.889062 0.028125 0.012500
0 0.032813 0.857031 0.031250 0.007812
0 0.027344 0.867188 0.039062 0.012500
0 0.027344 0.895312 0.026562 0.012500
0 0.028906 0.907031 0.023438 0.010937
0 0.448437 0.901563 0.028125 0.009375
0 0.476562 0.892969 0.028125 0.014063
0 0.478906 0.900781 0.026562 0.010937
0 0.477344 0.910156 0.032813 0.014063
0 0.855469 0.883594 0.020313 0.010937
0 0.853125 0.893750 0.028125 0.015625
0 0.842187 0.910156 0.031250 0.014063
0 0.836719 0.918750 0.026562 0.012500
0 0.837500 0.928906 0.028125 0.014063
0 0.907813 0.925000 0.028125 0.015625
0 0.903906 0.932813 0.029687 0.015625
0 0.924219 0.949219 0.026562 0.010937
0 0.986719 0.954688 0.026562 0.015625
0 0.895312 0.950781 0.021875 0.014063
0 0.897656 0.964063 0.023438 0.009375
0 0.895312 0.972656 0.028125 0.014063
