0 0.359375 0.350000 0.025000 0.015625
0 0.214844 0.520312 0.017188 0.021875
0 0.537500 0.989844 0.015625 0.020313
0 0.640625 0.446875 0.025000 0.021875
0 0.964063 0.756250 0.015625 0.018750
0 0.956250 0.425000 0.025000 0.012500
0 0.956250 0.434375 0.025000 0.012500
0 0.956250 0.443750 0.025000 0.009375
0 0.956250 0.453125 0.025000 0.009375
0 0.956250 0.481250 0.025000 0.012500
0 0.956250 0.490625 0.025000 0.012500
0 0.955469 0.496875 0.029687 0.012500
0 0.953125 0.508594 0.025000 0.014063
0 0.956250 0.518750 0.025000 0.015625
0 0.956250 0.543750 0.025000 0.018750
0 0.956250 0.553125 0.021875 0.015625
