0 0.661719 0.415625 0.023438 0.015625
0 0.696094 0.478125 0.014063 0.021875
0 0.705469 0.484375 0.014063 0.015625
0 0.550000 0.812500 0.021875 0.012500
0 0.548438 0.803125 0.018750 0.009375
0 0.550000 0.792188 0.021875 0.009375
0 0.556250 0.776563 0.021875 0.009375
0 0.562500 0.764844 0.018750 0.010937
0 0.571094 0.754687 0.023438 0.009375
0 0.631250 0.714063 0.018750 0.025000
0 0.642188 0.709375 0.012500 0.015625
0 0.653125 0.706250 0.015625 0.018750
0 0.665625 0.704688 0.015625 0.018750
0 0.680469 0.706250 0.014063 0.018750
0 0.690625 0.704688 0.009375 0.018750
0 0.704688 0.703125 0.012500 0.018750
0 0.715625 0.711719 0.012500 0.020313
0 0.730469 0.712500 0.007812 0.015625
0 0.740625 0.717969 0.015625 0.020313
0 0.749219 0.725000 0.010937 0.012500
0 0.753125 0.735938 0.021875 0.015625
0 0.759375 0.746094 0.021875 0.014063
0 0.764062 0.756250 0.025000 0.015625
0 0.760938 0.764844 0.021875 0.010937
0 0.758594 0.774219 0.023438 0.010937
0 0.758594 0.784375 0.023438 0.009375
0 0.753125 0.790625 0.025000 0.009375
0 0.746875 0.800000 0.021875 0.009375
0 0.739062 0.809375 0.021875 0.009375
0 0.727344 0.821875 0.020313 0.015625
0 0.715625 0.831250 0.021875 0.012500
0 0.706250 0.834375 0.021875 0.018750
0 0.683594 0.843750 0.026562 0.028125
0 0.642969 0.856250 0.017188 0.025000
0 0.612500 0.787500 0.018750 0.015625
0 0.620313 0.771875 0.012500 0.015625
0 0.628125 0.762500 0.012500 0.015625
0 0.640625 0.759375 0.015625 0.018750
0 0.651563 0.753125 0.012500 0.018750
0 0.667969 0.749219 0.010937 0.020313
0 0.684375 0.746875 0.015625 0.018750
0 0.631250 0.809375 0.015625 0.021875
0 0.643750 0.811719 0.009375 0.020313
0 0.653125 0.807813 0.009375 0.018750
0 0.665625 0.806250 0.015625 0.021875
0 0.674219 0.800000 0.014063 0.018750
0 0.683594 0.793750 0.017188 0.015625
0 0.689844 0.787500 0.014063 0.012500
0 0.696875 0.780469 0.018750 0.014063
0 0.925000 0.683594 0.021875 0.010937
0 0.344531 0.250781 0.026562 0.017188
