0 0.085938 0.084375 0.028125 0.012500
0 0.190625 0.075781 0.025000 0.014063
0 0.407031 0.115625 0.029687 0.018750
0 0.443750 0.105469 0.028125 0.010937
0 0.955469 0.116406 0.029687 0.014063
0 0.975781 0.221875 0.029687 0.012500
0 0.978906 0.235937 0.029687 0.009375
0 0.957812 0.264844 0.018750 0.026562
0 0.907031 0.261719 0.014063 0.023438
0 0.821094 0.257812 0.014063 0.025000
0 0.738281 0.254688 0.017188 0.025000
0 0.716406 0.246875 0.017188 0.025000
0 0.649219 0.242969 0.020313 0.026562
0 0.624219 0.246094 0.014063 0.026562
0 0.254688 0.373437 0.025000 0.012500
0 0.257031 0.396094 0.023438 0.014063
0 0.045312 0.271875 0.015625 0.025000
0 0.178906 0.567969 0.023438 0.014063
0 0.179688 0.578906 0.028125 0.014063
0 0.144531 0.636719 0.026562 0.017188
0 0.574219 0.612500 0.029687 0.015625
0 0.579688 0.628125 0.028125 0.015625
0 0.575781 0.639844 0.029687 0.010937
0 0.578906 0.650781 0.026562 0.007812
0 0.578125 0.660156 0.031250 0.010937
0 0.510156 0.662500 0.029687 0.018750
0 0.514062 0.682813 0.028125 0.012500
0 0.508594 0.693750 0.026562 0.012500
0 0.936719 0.650781 0.020313 0.029687
0 0.973437 0.652344 0.015625 0.023438
0 0.985156 0.650781 0.014063 0.023438
0 0.995313 0.653125 0.009375 0.021875
0 0.946094 0.705469 0.017188 0.023438
0 0.959375 0.706250 0.012500 0.018750
0 0.982812 0.707031 0.012500 0.026562
0 0.995313 0.704688 0.009375 0.025000
0 0.033594 0.711719 0.020313 0.017188
0 0.008594 0.691406 0.014063 0.014063
