0 0.834135 0.960337 0.033654 0.016827
0 0.834135 0.943510 0.038462 0.016827
0 0.834135 0.897837 0.043269 0.016827
0 0.835337 0.882212 0.040865 0.014423
0 0.849760 0.829327 0.031250 0.014423
0 0.850962 0.816106 0.038462 0.012019
0 0.849760 0.802885 0.036058 0.014423
0 0.849760 0.787260 0.040865 0.016827
0 0.850962 0.757212 0.033654 0.014423
0 0.849760 0.746394 0.040865 0.007212
0 0.849760 0.735577 0.040865 0.014423
0 0.852163 0.721154 0.040865 0.014423
0 0.877404 0.549279 0.048077 0.016827
0 0.881010 0.480769 0.036058 0.024038
0 0.885817 0.472356 0.040865 0.016827
0 0.894231 0.449519 0.038462 0.024038
0 0.835337 0.256010 0.036058 0.016827
0 0.835337 0.239183 0.031250 0.016827
0 0.847356 0.219952 0.036058 0.016827
0 0.850962 0.199519 0.038462 0.009615
0 0.850962 0.189904 0.038462 0.014423
0 0.854567 0.174279 0.040865 0.012019
0 0.879808 0.063702 0.033654 0.016827
0 0.882212 0.043269 0.028846 0.009615
0 0.882212 0.028846 0.033654 0.009615
0 0.632212 0.855769 0.019231 0.024038
0 0.631010 0.824519 0.021635 0.024038
0 0.643029 0.777644 0.016827 0.021635
0 0.637019 0.741587 0.024038 0.026442
0 0.639423 0.677885 0.024038 0.028846
0 0.647837 0.647837 0.016827 0.021635
0 0.653846 0.614183 0.024038 0.026442
0 0.659856 0.543269 0.016827 0.024038
0 0.650240 0.585337 0.016827 0.026442
0 0.663462 0.518029 0.019231 0.026442
0 0.670673 0.478365 0.024038 0.028846
0 0.677885 0.443510 0.024038 0.031250
0 0.683894 0.406250 0.016827 0.024038
0 0.694712 0.375000 0.019231 0.024038
0 0.704327 0.335337 0.024038 0.031250
0 0.713942 0.302885 0.019231 0.024038
0 0.798077 0.397837 0.038462 0.016827
0 0.804087 0.383413 0.036058 0.012019
0 0.804087 0.367788 0.036058 0.014423
0 0.812500 0.353365 0.038462 0.014423
0 0.816106 0.337740 0.036058 0.016827
0 0.724760 0.272837 0.021635 0.026442
0 0.764423 0.228365 0.024038 0.028846
0 0.752404 0.163462 0.019231 0.024038
0 0.758413 0.137019 0.021635 0.024038
0 0.769231 0.104567 0.024038 0.031250
0 0.804087 0.085337 0.021635 0.026442
0 0.775240 0.069712 0.016827 0.024038
0 0.788462 0.046875 0.024038 0.021635
0 0.796875 0.021635 0.021635 0.024038
0 0.046875 0.741587 0.021635 0.026442
0 0.068510 0.741587 0.016827 0.026442
0 0.099760 0.740385 0.016827 0.028846
0 0.116587 0.741587 0.016827 0.026442
0 0.145433 0.743990 0.016827 0.026442
0 0.165865 0.746394 0.019231 0.021635
0 0.199519 0.743990 0.024038 0.026442
0 0.127404 0.460337 0.033654 0.021635
0 0.412260 0.334135 0.040865 0.019231
0 0.413462 0.239183 0.038462 0.016827
0 0.415865 0.222356 0.043269 0.016827
0 0.419471 0.141827 0.021635 0.028846
0 0.396635 0.137019 0.019231 0.024038
0 0.381010 0.131010 0.016827 0.026442
0 0.361779 0.131010 0.016827 0.026442
0 0.340144 0.127404 0.016827 0.028846
0 0.323317 0.125000 0.016827 0.024038
0 0.335337 0.233173 0.040865 0.024038
0 0.331731 0.258413 0.038462 0.016827
0 0.332933 0.272837 0.031250 0.016827
0 0.412260 0.292067 0.040865 0.016827
0 0.270433 0.266827 0.021635 0.028846
0 0.243990 0.266827 0.021635 0.028846
0 0.302885 0.189904 0.019231 0.028846
0 0.284856 0.188702 0.016827 0.031250
0 0.262019 0.179087 0.024038 0.031250
0 0.187500 0.231971 0.038462 0.021635
0 0.103365 0.218750 0.028846 0.024038
0 0.177885 0.146635 0.033654 0.019231
0 0.186298 0.131010 0.026442 0.016827
0 0.194712 0.116587 0.024038 0.016827
0 0.204327 0.104567 0.028846 0.016827
0 0.217548 0.097356 0.021635 0.012019
0 0.225962 0.085337 0.024038 0.016827
0 0.237981 0.072115 0.024038 0.019231
0 0.253606 0.063702 0.026442 0.016827
0 0.263221 0.051683 0.026442 0.016827
0 0.123798 0.193510 0.021635 0.016827
0 0.135817 0.180288 0.021635 0.019231
0 0.283654 0.080529 0.033654 0.031250
0 0.835337 0.991587 0.040865 0.016827
0 0.310096 0.435096 0.033654 0.014423
