0 0.702344 0.021875 0.026562 0.015625
0 0.596875 0.037500 0.018750 0.012500
0 0.609375 0.048438 0.025000 0.015625
0 0.335938 0.156250 0.021875 0.015625
0 0.353125 0.196094 0.021875 0.014063
0 0.374219 0.234375 0.023438 0.015625
0 0.400000 0.276562 0.025000 0.015625
0 0.412500 0.309375 0.025000 0.015625
0 0.465625 0.209375 0.028125 0.015625
0 0.483594 0.242188 0.029687 0.015625
0 0.499219 0.275000 0.026562 0.015625
0 0.515625 0.304688 0.028125 0.018750
0 0.542969 0.203125 0.029687 0.018750
0 0.568750 0.243750 0.028125 0.015625
0 0.582812 0.276562 0.025000 0.015625
