0 0.349219 0.006250 0.026562 0.009375
0 0.346875 0.015625 0.025000 0.015625
0 0.502344 0.008594 0.014063 0.014063
0 0.487500 0.008594 0.015625 0.014063
0 0.474219 0.006250 0.010937 0.009375
0 0.452344 0.007031 0.014063 0.010937
0 0.439844 0.007031 0.014063 0.010937
0 0.415625 0.006250 0.012500 0.009375
0 0.784375 0.017188 0.025000 0.015625
0 0.784375 0.025000 0.025000 0.012500
0 0.781250 0.034375 0.021875 0.009375
0 0.777344 0.043750 0.023438 0.012500
0 0.775000 0.055469 0.031250 0.010937
0 0.858594 0.021094 0.029687 0.014063
0 0.853125 0.039844 0.025000 0.010937
0 0.852344 0.050000 0.026562 0.012500
0 0.850000 0.059375 0.025000 0.015625
0 0.792969 0.156250 0.014063 0.021875
0 0.756250 0.278125 0.028125 0.009375
0 0.753125 0.287500 0.021875 0.009375
0 0.753125 0.349219 0.028125 0.014063
0 0.818750 0.296875 0.034375 0.015625
0 0.840625 0.307812 0.028125 0.015625
0 0.815625 0.314844 0.028125 0.010937
0 0.889844 0.296094 0.014063 0.017188
0 0.840625 0.317188 0.025000 0.009375
0 0.843750 0.327344 0.028125 0.014063
0 0.815625 0.325000 0.025000 0.012500
0 0.839844 0.346875 0.029687 0.015625
0 0.811719 0.353125 0.029687 0.015625
0 0.618750 0.371875 0.034375 0.015625
0 0.581250 0.370312 0.025000 0.015625
0 0.556250 0.367188 0.025000 0.015625
0 0.383594 0.353125 0.026562 0.015625
0 0.354687 0.351562 0.025000 0.015625
0 0.254688 0.346875 0.031250 0.015625
0 0.342969 0.414844 0.017188 0.017188
0 0.381250 0.415625 0.015625 0.021875
0 0.393750 0.418750 0.015625 0.018750
0 0.412500 0.421875 0.018750 0.021875
0 0.274219 0.603125 0.026562 0.015625
0 0.611719 0.712500 0.017188 0.021875
0 0.662500 0.782813 0.012500 0.021875
0 0.649219 0.782813 0.014063 0.018750
0 0.627344 0.783594 0.014063 0.023438
0 0.611719 0.782813 0.014063 0.021875
0 0.512500 0.743750 0.021875 0.015625
0 0.528125 0.768750 0.021875 0.012500
0 0.011719 0.932813 0.020313 0.012500
0 0.008594 0.989844 0.014063 0.010937
