0 0.552344 0.235937 0.035937 0.021875
0 0.585938 0.364063 0.018750 0.025000
0 0.545312 0.507031 0.021875 0.029687
0 0.542188 0.575000 0.015625 0.025000
0 0.538281 0.818750 0.029687 0.015625
0 0.432812 0.880469 0.028125 0.026562
0 0.338281 0.846875 0.023438 0.028125
0 0.362500 0.866406 0.025000 0.017188
0 0.228125 0.662500 0.031250 0.015625
0 0.176563 0.650000 0.031250 0.012500
0 0.142187 0.707031 0.025000 0.014063
0 0.065625 0.759375 0.025000 0.025000
0 0.207813 0.439844 0.031250 0.017188
0 0.218750 0.515625 0.025000 0.015625
0 0.189844 0.340625 0.020313 0.021875
0 0.179688 0.362500 0.025000 0.015625
0 0.170313 0.383594 0.018750 0.023438
0 0.160938 0.410938 0.021875 0.025000
