0 0.378606 0.075721 0.016827 0.026442
0 0.503606 0.070913 0.021635 0.026442
0 0.554087 0.068510 0.016827 0.026442
0 0.569712 0.068510 0.019231 0.026442
0 0.587740 0.068510 0.016827 0.021635
0 0.604567 0.058894 0.016827 0.021635
0 0.655048 0.060096 0.021635 0.024038
0 0.183894 0.323317 0.021635 0.012019
0 0.176683 0.349760 0.031250 0.016827
0 0.266827 0.323317 0.028846 0.016827
0 0.264423 0.340144 0.028846 0.012019
0 0.237981 0.408654 0.028846 0.014423
0 0.479567 0.337740 0.012019 0.016827
0 0.532452 0.340144 0.016827 0.021635
0 0.581731 0.337740 0.014423 0.021635
0 0.634615 0.350962 0.019231 0.028846
0 0.695913 0.420673 0.036058 0.009615
0 0.695913 0.448317 0.031250 0.012019
0 0.710337 0.493990 0.036058 0.012019
0 0.608173 0.437500 0.019231 0.024038
0 0.522837 0.556490 0.026442 0.016827
0 0.522837 0.570913 0.026442 0.016827
0 0.615385 0.556490 0.024038 0.021635
0 0.635817 0.562500 0.016827 0.024038
0 0.105769 0.930288 0.019231 0.024038
0 0.326923 0.675481 0.033654 0.019231
0 0.302885 0.709135 0.028846 0.014423
0 0.177885 0.953125 0.024038 0.021635
0 0.201923 0.599760 0.019231 0.021635
0 0.676683 0.520433 0.026442 0.016827
0 0.570913 0.509615 0.031250 0.014423
0 0.691106 0.360577 0.021635 0.014423
0 0.252404 0.522837 0.019231 0.026442
