0 0.346875 0.174219 0.015625 0.020313
0 0.359375 0.231250 0.015625 0.015625
0 0.371875 0.231250 0.015625 0.015625
0 0.200000 0.255469 0.018750 0.020313
0 0.486719 0.271094 0.017188 0.023438
0 0.371875 0.329688 0.015625 0.018750
0 0.443750 0.325000 0.012500 0.018750
0 0.456250 0.324219 0.012500 0.017188
0 0.456250 0.343750 0.012500 0.015625
0 0.734375 0.321875 0.015625 0.021875
0 0.753125 0.321875 0.012500 0.018750
0 0.776563 0.321875 0.012500 0.021875
0 0.756250 0.340625 0.012500 0.018750
0 0.773438 0.580469 0.012500 0.020313
0 0.725000 0.731250 0.025000 0.015625
0 0.371875 0.768750 0.021875 0.009375
0 0.970313 0.573438 0.021875 0.009375
0 0.959375 0.486719 0.021875 0.007812
0 0.955469 0.478125 0.023438 0.006250
0 0.956250 0.471875 0.021875 0.006250
0 0.956250 0.462500 0.025000 0.009375
0 0.956250 0.455469 0.025000 0.007812
0 0.956250 0.449219 0.028125 0.007812
0 0.958594 0.440625 0.029687 0.006250
0 0.958594 0.431250 0.026562 0.006250
0 0.905469 0.478125 0.017188 0.006250
0 0.905469 0.470313 0.017188 0.006250
0 0.903125 0.462500 0.018750 0.006250
0 0.903125 0.453125 0.021875 0.006250
0 0.906250 0.446875 0.018750 0.006250
0 0.903125 0.417969 0.018750 0.007812
0 0.903125 0.409375 0.021875 0.009375
0 0.903125 0.400000 0.021875 0.006250
0 0.903125 0.393750 0.025000 0.009375
0 0.905469 0.384375 0.020313 0.006250
0 0.906250 0.378125 0.021875 0.006250
0 0.905469 0.368750 0.017188 0.006250
0 0.906250 0.358594 0.018750 0.007812
0 0.902344 0.346875 0.020313 0.009375
0 0.903125 0.331250 0.021875 0.009375
0 0.430469 0.870313 0.023438 0.015625
0 0.500000 0.867969 0.025000 0.014063
0 0.636719 0.934375 0.023438 0.009375
0 0.542969 0.950000 0.023438 0.009375
0 0.552344 0.961719 0.023438 0.010937
