0 0.330469 0.910937 0.026562 0.028125
0 0.743750 0.836719 0.031250 0.020313
0 0.817969 0.882812 0.017188 0.018750
0 0.844531 0.885156 0.023438 0.020313
0 0.865625 0.810156 0.021875 0.017188
0 0.226562 0.626563 0.028125 0.021875
0 0.932031 0.236719 0.026562 0.014063
0 0.928125 0.248438 0.028125 0.012500
0 0.919531 0.260156 0.023438 0.007812
0 0.917969 0.268750 0.023438 0.012500
0 0.913281 0.282031 0.026562 0.010937
0 0.910937 0.290625 0.025000 0.012500
0 0.912500 0.301563 0.025000 0.015625
0 0.982812 0.276562 0.025000 0.018750
0 0.988281 0.257031 0.020313 0.020313
0 0.995313 0.246094 0.009375 0.017188
0 0.758594 0.460156 0.032813 0.017188
