0 0.470313 0.617188 0.021875 0.015625
0 0.471875 0.626563 0.015625 0.012500
0 0.471875 0.636719 0.025000 0.010937
0 0.471875 0.655469 0.021875 0.010937
0 0.533594 0.652344 0.014063 0.020313
0 0.553125 0.653125 0.009375 0.021875
0 0.565625 0.652344 0.009375 0.020313
0 0.579688 0.653125 0.012500 0.021875
0 0.533594 0.671094 0.014063 0.017188
0 0.509375 0.671875 0.015625 0.021875
0 0.579688 0.717969 0.012500 0.017188
0 0.556250 0.715625 0.015625 0.025000
0 0.542188 0.715625 0.012500 0.021875
0 0.523438 0.715625 0.015625 0.021875
0 0.005469 0.176563 0.007812 0.015625
0 0.037500 0.168750 0.018750 0.012500
0 0.036719 0.093750 0.014063 0.018750
0 0.034375 0.112500 0.015625 0.009375
