0 0.600000 0.124219 0.037500 0.020313
0 0.795312 0.147656 0.031250 0.017188
0 0.964844 0.171875 0.032813 0.018750
0 0.900000 0.217969 0.021875 0.032813
0 0.857031 0.218750 0.014063 0.028125
0 0.682813 0.196094 0.021875 0.023438
0 0.665625 0.192969 0.012500 0.023438
0 0.649219 0.192969 0.017188 0.023438
0 0.649219 0.278906 0.023438 0.023438
0 0.928125 0.254688 0.028125 0.015625
0 0.926562 0.285938 0.021875 0.025000
0 0.940625 0.293750 0.018750 0.021875
0 0.958594 0.298438 0.023438 0.028125
0 0.992188 0.296875 0.015625 0.028125
0 0.971094 0.344531 0.020313 0.026562
0 0.953125 0.343750 0.021875 0.025000
0 0.907031 0.340625 0.020313 0.021875
0 0.875000 0.335938 0.021875 0.028125
0 0.772656 0.330469 0.020313 0.020313
0 0.721875 0.326562 0.018750 0.021875
0 0.708594 0.327344 0.020313 0.020313
0 0.687500 0.325781 0.021875 0.023438
0 0.625781 0.317969 0.026562 0.023438
0 0.385156 0.166406 0.020313 0.023438
0 0.373437 0.230469 0.018750 0.026562
0 0.275000 0.290625 0.034375 0.021875
0 0.099219 0.208594 0.032813 0.017188
0 0.063281 0.238281 0.026562 0.026562
0 0.022656 0.196875 0.032813 0.015625
0 0.024219 0.213281 0.032813 0.014063
0 0.096094 0.682031 0.017188 0.020313
0 0.078906 0.682813 0.017188 0.028125
0 0.042969 0.680469 0.017188 0.023438
0 0.027344 0.683594 0.017188 0.020313
0 0.007031 0.679688 0.010937 0.021875
0 0.429688 0.889844 0.028125 0.014063
0 0.663281 0.902344 0.026562 0.014063
0 0.931250 0.839063 0.037500 0.015625
0 0.928906 0.850781 0.026562 0.014063
0 0.927344 0.862500 0.029687 0.012500
0 0.925781 0.887500 0.035937 0.021875
0 0.989844 0.828906 0.020313 0.017188
0 0.988281 0.861719 0.023438 0.014063
0 0.989844 0.872656 0.020313 0.007812
0 0.985938 0.882031 0.028125 0.010937
