0 0.030469 0.167187 0.026562 0.018750
0 0.060937 0.182812 0.018750 0.018750
0 0.074219 0.189844 0.020313 0.017188
0 0.095312 0.196875 0.018750 0.018750
0 0.272656 0.283594 0.026562 0.017188
0 0.343750 0.317188 0.028125 0.018750
0 0.696094 0.432031 0.023438 0.023438
0 0.832031 0.497656 0.017188 0.023438
0 0.550781 0.496875 0.023438 0.025000
0 0.639062 0.514844 0.021875 0.020313
0 0.800781 0.570312 0.032813 0.025000
0 0.820312 0.209375 0.028125 0.018750
0 0.803125 0.235937 0.021875 0.012500
0 0.455469 0.092188 0.020313 0.021875
0 0.751563 0.075781 0.018750 0.020313
0 0.057813 0.442969 0.021875 0.023438
0 0.017188 0.465625 0.031250 0.012500
0 0.072656 0.508594 0.020313 0.026562
0 0.128125 0.503906 0.025000 0.026562
0 0.014063 0.688281 0.021875 0.020313
0 0.473438 0.661719 0.012500 0.023438
0 0.489844 0.655469 0.020313 0.020313
0 0.485938 0.681250 0.018750 0.021875
0 0.414844 0.687500 0.020313 0.025000
0 0.363281 0.733594 0.029687 0.023438
0 0.313281 0.752344 0.017188 0.014063
0 0.321094 0.766406 0.026562 0.020313
0 0.308594 0.809375 0.029687 0.012500
0 0.325781 0.842187 0.026562 0.012500
0 0.332031 0.850781 0.039062 0.014063
0 0.449219 0.817969 0.029687 0.023438
0 0.521094 0.707031 0.020313 0.026562
0 0.588281 0.756250 0.020313 0.018750
0 0.674219 0.782031 0.020313 0.020313
0 0.903906 0.751563 0.023438 0.025000
0 0.707031 0.899219 0.014063 0.020313
0 0.848437 0.877344 0.012500 0.020313
0 0.695312 0.883594 0.012500 0.026562
0 0.599219 0.879687 0.014063 0.025000
0 0.585156 0.867969 0.010937 0.023438
0 0.537500 0.856250 0.012500 0.021875
0 0.579688 0.804688 0.028125 0.015625
0 0.457031 0.889844 0.010937 0.017188
0 0.446094 0.890625 0.014063 0.018750
0 0.357812 0.899219 0.021875 0.017188
0 0.011719 0.926562 0.020313 0.021875
0 0.003906 0.942969 0.004687 0.020313
0 0.006250 0.512500 0.009375 0.021875
0 0.163281 0.353125 0.029687 0.015625
0 0.146094 0.376563 0.032813 0.015625
