0 0.021094 0.674219 0.010937 0.014063
0 0.007031 0.724219 0.010937 0.017188
0 0.021875 0.724219 0.012500 0.014063
0 0.078125 0.728906 0.012500 0.014063
0 0.031250 0.742188 0.012500 0.018750
0 0.073438 0.742969 0.006250 0.010937
0 0.088281 0.746094 0.010937 0.014063
0 0.492969 0.699219 0.010937 0.010937
0 0.499219 0.646094 0.020313 0.010937
0 0.754687 0.660156 0.025000 0.007812
0 0.987500 0.674219 0.018750 0.010937
0 0.331250 0.760938 0.015625 0.012500
0 0.372656 0.764062 0.010937 0.015625
0 0.382812 0.765625 0.009375 0.018750
0 0.393750 0.765625 0.009375 0.018750
0 0.408594 0.766406 0.010937 0.017188
0 0.421875 0.767188 0.012500 0.018750
0 0.303125 0.920312 0.021875 0.009375
0 0.334375 0.953906 0.012500 0.017188
0 0.325781 0.913281 0.017188 0.007812
0 0.693750 0.785937 0.009375 0.015625
0 0.705469 0.785156 0.010937 0.014063
0 0.740625 0.789844 0.012500 0.014063
0 0.782813 0.793750 0.009375 0.015625
0 0.804688 0.792969 0.009375 0.020313
0 0.975781 0.864062 0.017188 0.009375
0 0.973437 0.872656 0.021875 0.010937
