0 0.530469 0.013281 0.010937 0.023438
0 0.817969 0.042188 0.017188 0.012500
0 0.680469 0.117188 0.010937 0.021875
0 0.669531 0.114062 0.010937 0.018750
0 0.560937 0.171094 0.021875 0.010937
0 0.564063 0.196875 0.021875 0.015625
0 0.774219 0.116406 0.010937 0.020313
0 0.525781 0.056250 0.010937 0.018750
0 0.524219 0.096094 0.010937 0.017188
0 0.519531 0.117969 0.010937 0.020313
0 0.460938 0.232031 0.015625 0.017188
0 0.444531 0.231250 0.014063 0.018750
0 0.431250 0.228906 0.015625 0.017188
0 0.417969 0.231250 0.014063 0.018750
0 0.404687 0.232031 0.015625 0.017188
0 0.856250 0.420312 0.018750 0.012500
0 0.929688 0.407031 0.018750 0.010937
0 0.755469 0.365625 0.014063 0.021875
