0 0.791406 0.025000 0.032813 0.021875
0 0.911719 0.075000 0.010937 0.021875
0 0.926562 0.083594 0.012500 0.023438
0 0.871094 0.060156 0.010937 0.023438
0 0.796094 0.093750 0.014063 0.025000
0 0.782813 0.093750 0.012500 0.025000
0 0.675781 0.049219 0.032813 0.017188
0 0.703125 0.100000 0.015625 0.015625
0 0.657031 0.019531 0.029687 0.014063
0 0.075000 0.080469 0.034375 0.014063
0 0.293750 0.096875 0.018750 0.018750
0 0.330469 0.107031 0.020313 0.020313
0 0.388281 0.131250 0.014063 0.015625
0 0.402344 0.125781 0.014063 0.023438
0 0.582812 0.205469 0.018750 0.026562
0 0.604688 0.239844 0.025000 0.017188
0 0.595313 0.267969 0.021875 0.014063
0 0.493750 0.225000 0.028125 0.015625
0 0.489844 0.239063 0.020313 0.015625
0 0.488281 0.246875 0.026562 0.018750
0 0.455469 0.289844 0.029687 0.017188
0 0.553906 0.315625 0.026562 0.018750
0 0.582812 0.438281 0.028125 0.023438
0 0.601562 0.458594 0.018750 0.017188
0 0.875781 0.340625 0.023438 0.012500
0 0.871094 0.396094 0.026562 0.010937
0 0.857812 0.407813 0.018750 0.012500
0 0.852344 0.428906 0.023438 0.007812
0 0.862500 0.439844 0.028125 0.007812
0 0.857812 0.542969 0.037500 0.017188
0 0.991406 0.579688 0.014063 0.012500
0 0.885156 0.579688 0.023438 0.018750
0 0.885938 0.596875 0.021875 0.009375
0 0.648438 0.528906 0.025000 0.020313
0 0.625781 0.545312 0.020313 0.015625
0 0.614062 0.551562 0.021875 0.015625
0 0.575781 0.589063 0.020313 0.018750
0 0.557031 0.589063 0.017188 0.018750
0 0.486719 0.342187 0.014063 0.021875
0 0.514844 0.391406 0.017188 0.023438
0 0.193750 0.332031 0.018750 0.026562
0 0.166406 0.338281 0.014063 0.026562
0 0.092188 0.335156 0.018750 0.020313
0 0.217969 0.389062 0.017188 0.012500
0 0.161719 0.442188 0.035937 0.018750
0 0.048438 0.476562 0.015625 0.018750
0 0.064062 0.475781 0.018750 0.026562
0 0.278906 0.708594 0.029687 0.017188
0 0.221094 0.715625 0.020313 0.025000
0 0.932813 0.771875 0.018750 0.028125
0 0.969531 0.837500 0.029687 0.015625
0 0.819531 0.828125 0.023438 0.015625
0 0.809375 0.850781 0.028125 0.014063
0 0.555469 0.827344 0.026562 0.014063
0 0.569531 0.816406 0.023438 0.014063
0 0.526563 0.810156 0.028125 0.014063
0 0.337500 0.801562 0.028125 0.012500
0 0.257812 0.816406 0.028125 0.014063
0 0.113281 0.854688 0.032813 0.015625
0 0.372656 0.889062 0.014063 0.018750
0 0.917188 0.943750 0.018750 0.025000
0 0.835156 0.972656 0.029687 0.017188
0 0.614062 0.992188 0.028125 0.015625
0 0.456250 0.934375 0.028125 0.015625
0 0.557813 0.932813 0.025000 0.015625
