0 0.023438 0.600781 0.025000 0.017188
0 0.038281 0.439063 0.026562 0.018750
0 0.014063 0.350000 0.025000 0.009375
0 0.349219 0.257031 0.026562 0.014063
0 0.544531 0.260156 0.026562 0.020313
0 0.760156 0.207031 0.029687 0.014063
0 0.658594 0.200781 0.026562 0.014063
0 0.930469 0.172656 0.029687 0.020313
0 0.062500 0.078906 0.015625 0.020313
0 0.029687 0.064062 0.021875 0.012500
0 0.013281 0.058594 0.023438 0.010937
0 0.021875 0.015625 0.015625 0.015625
0 0.007812 0.112500 0.012500 0.009375
0 0.006250 0.123438 0.009375 0.009375
0 0.005469 0.136719 0.007812 0.010937
0 0.005469 0.147656 0.007812 0.010937
0 0.006250 0.156250 0.009375 0.009375
0 0.004687 0.167187 0.006250 0.009375
0 0.005469 0.176563 0.007812 0.009375
0 0.035156 0.114844 0.029687 0.014063
0 0.033594 0.131250 0.023438 0.009375
0 0.031250 0.141406 0.031250 0.007812
0 0.032031 0.150000 0.026562 0.009375
0 0.030469 0.158594 0.026562 0.007812
0 0.031250 0.164062 0.025000 0.006250
0 0.028906 0.172656 0.029687 0.007812
0 0.029687 0.181250 0.028125 0.009375
0 0.027344 0.196875 0.026562 0.012500
0 0.025781 0.207813 0.026562 0.006250
0 0.025781 0.214062 0.026562 0.009375
0 0.023438 0.231250 0.028125 0.006250
0 0.023438 0.239063 0.028125 0.006250
0 0.050000 0.219531 0.018750 0.010937
0 0.082031 0.210156 0.026562 0.017188
0 0.081250 0.233594 0.021875 0.020313
0 0.082031 0.263281 0.017188 0.023438
0 0.142187 0.256250 0.015625 0.025000
0 0.164062 0.249219 0.025000 0.023438
0 0.125781 0.136719 0.020313 0.020313
0 0.132031 0.085156 0.020313 0.026562
0 0.089844 0.109375 0.026562 0.015625
0 0.092188 0.066406 0.025000 0.014063
0 0.085938 0.083594 0.028125 0.010937
0 0.060937 0.116406 0.021875 0.014063
0 0.057813 0.131250 0.021875 0.009375
0 0.057031 0.138281 0.020313 0.007812
0 0.057813 0.146094 0.021875 0.007812
0 0.057813 0.153906 0.018750 0.007812
0 0.055469 0.179688 0.020313 0.009375
0 0.055469 0.169531 0.020313 0.007812
0 0.056250 0.160156 0.021875 0.010937
0 0.050781 0.195312 0.020313 0.009375
0 0.085156 0.153125 0.026562 0.018750
0 0.082031 0.175000 0.020313 0.018750
0 0.174219 0.075000 0.026562 0.012500
0 0.174219 0.110156 0.023438 0.010937
0 0.173437 0.122656 0.028125 0.010937
0 0.168750 0.173437 0.028125 0.015625
0 0.237500 0.082031 0.021875 0.010937
0 0.314844 0.004687 0.023438 0.006250
0 0.315625 0.012500 0.021875 0.009375
0 0.313281 0.023438 0.023438 0.009375
0 0.311719 0.035937 0.023438 0.009375
0 0.317969 0.043750 0.020313 0.009375
0 0.310156 0.051562 0.023438 0.012500
0 0.310156 0.069531 0.023438 0.007812
0 0.373437 0.010156 0.025000 0.010937
0 0.366406 0.035937 0.023438 0.009375
0 0.360938 0.046094 0.028125 0.007812
0 0.364063 0.054688 0.025000 0.006250
0 0.364844 0.063281 0.023438 0.007812
0 0.364844 0.071875 0.023438 0.006250
0 0.362500 0.082812 0.021875 0.009375
0 0.363281 0.101562 0.023438 0.009375
0 0.360156 0.118750 0.029687 0.009375
0 0.475000 0.050781 0.028125 0.010937
0 0.474219 0.060937 0.026562 0.009375
0 0.470313 0.087500 0.018750 0.006250
0 0.472656 0.099219 0.020313 0.007812
0 0.524219 0.135937 0.029687 0.012500
0 0.521094 0.117188 0.026562 0.012500
0 0.524219 0.107031 0.023438 0.007812
0 0.525000 0.099219 0.025000 0.010937
0 0.534375 0.010156 0.025000 0.010937
0 0.589844 0.004687 0.023438 0.006250
0 0.589844 0.011719 0.023438 0.007812
0 0.589063 0.021875 0.025000 0.009375
0 0.588281 0.033594 0.023438 0.010937
0 0.585156 0.043750 0.020313 0.009375
0 0.585938 0.055469 0.025000 0.017188
0 0.585938 0.067187 0.021875 0.018750
0 0.582031 0.077344 0.023438 0.010937
0 0.583594 0.086719 0.023438 0.010937
0 0.582031 0.099219 0.023438 0.014063
0 0.581250 0.127344 0.021875 0.017188
0 0.580469 0.135937 0.023438 0.018750
0 0.580469 0.148438 0.023438 0.015625
0 0.636719 0.059375 0.023438 0.015625
0 0.676562 0.072656 0.021875 0.017188
0 0.674219 0.083594 0.023438 0.017188
0 0.663281 0.090625 0.010937 0.015625
0 0.680469 0.107031 0.014063 0.014063
0 0.675000 0.137500 0.012500 0.015625
0 0.666406 0.150000 0.014063 0.018750
0 0.641406 0.150781 0.020313 0.020313
