0 0.044471 0.647837 0.036058 0.021635
0 0.116587 0.655048 0.036058 0.021635
0 0.975962 0.920673 0.033654 0.019231
0 0.936298 0.843750 0.021635 0.024038
0 0.896635 0.837740 0.019231 0.036058
0 0.780048 0.835337 0.021635 0.031250
0 0.475962 0.932692 0.019231 0.028846
0 0.484375 0.862981 0.021635 0.038462
0 0.596154 0.689904 0.033654 0.019231
0 0.506010 0.639423 0.021635 0.038462
0 0.515625 0.564904 0.031250 0.048077
0 0.342548 0.724760 0.036058 0.016827
0 0.341346 0.710337 0.038462 0.016827
0 0.349760 0.647837 0.040865 0.016827
0 0.347356 0.632212 0.036058 0.014423
0 0.354567 0.618990 0.040865 0.016827
0 0.350962 0.590144 0.038462 0.016827
0 0.193510 0.413462 0.040865 0.019231
0 0.319712 0.419471 0.043269 0.021635
0 0.407452 0.426683 0.040865 0.016827
0 0.496394 0.347356 0.016827 0.031250
0 0.522837 0.348558 0.016827 0.028846
0 0.539663 0.350962 0.021635 0.028846
0 0.691106 0.368990 0.040865 0.021635
0 0.743990 0.366587 0.040865 0.016827
0 0.822115 0.302885 0.019231 0.028846
0 0.842548 0.304087 0.021635 0.031250
0 0.950721 0.290865 0.021635 0.028846
0 0.046875 0.223558 0.021635 0.033654
0 0.050481 0.186298 0.019231 0.021635
0 0.052885 0.153846 0.024038 0.038462
0 0.067308 0.046875 0.019231 0.031250
0 0.111779 0.100962 0.016827 0.028846
0 0.147837 0.164663 0.036058 0.016827
