0 0.319712 0.240385 0.028846 0.028846
0 0.756010 0.296875 0.026442 0.031250
0 0.787260 0.299279 0.026442 0.026442
0 0.848558 0.076923 0.033654 0.024038
0 0.855769 0.162260 0.038462 0.016827
0 0.710337 0.225962 0.031250 0.014423
0 0.740385 0.028846 0.019231 0.024038
0 0.718750 0.032452 0.024038 0.031250
0 0.778846 0.046875 0.024038 0.040865
0 0.663462 0.028846 0.024038 0.024038
0 0.033654 0.860577 0.033654 0.033654
0 0.240385 0.756010 0.033654 0.026442
0 0.158654 0.883413 0.033654 0.031250
0 0.441106 0.861779 0.036058 0.036058
0 0.538462 0.929087 0.028846 0.026442
0 0.569712 0.927885 0.028846 0.019231
0 0.975962 0.974760 0.024038 0.031250
0 0.949519 0.973558 0.038462 0.024038
0 0.835337 0.254808 0.036058 0.024038
0 0.310096 0.111779 0.038462 0.016827
0 0.852163 0.131010 0.040865 0.021635
0 0.161058 0.734375 0.028846 0.031250
0 0.287260 0.896635 0.036058 0.024038
0 0.750000 0.152644 0.024038 0.040865
0 0.647837 0.288462 0.031250 0.024038
0 0.650240 0.312500 0.040865 0.024038
0 0.754808 0.185096 0.019231 0.024038
0 0.420673 0.439904 0.033654 0.019231
0 0.406250 0.447115 0.028846 0.019231
