0 0.082933 0.959135 0.031250 0.014423
0 0.075721 0.929087 0.026442 0.016827
0 0.144231 0.897837 0.028846 0.016827
0 0.260817 0.784856 0.031250 0.026442
0 0.335337 0.883413 0.026442 0.012019
0 0.699519 0.881010 0.048077 0.021635
0 0.627404 0.772837 0.019231 0.021635
0 0.554087 0.771635 0.026442 0.019231
0 0.554087 0.757212 0.031250 0.019231
0 0.676683 0.769231 0.016827 0.019231
0 0.871394 0.933894 0.021635 0.021635
0 0.882212 0.927885 0.019231 0.019231
0 0.896635 0.913462 0.024038 0.024038
0 0.820913 0.686298 0.031250 0.012019
0 0.756010 0.855769 0.036058 0.024038
0 0.852163 0.840144 0.036058 0.016827
0 0.854567 0.980769 0.021635 0.024038
0 0.566106 0.870192 0.036058 0.014423
0 0.588942 0.896635 0.028846 0.009615
0 0.218750 0.884615 0.038462 0.019231
