0 0.264844 0.353125 0.014063 0.015625
0 0.273438 0.364063 0.012500 0.015625
0 0.253125 0.792188 0.025000 0.018750
0 0.281250 0.783594 0.018750 0.014063
0 0.296094 0.767969 0.023438 0.010937
0 0.306250 0.759375 0.028125 0.015625
0 0.327344 0.740625 0.014063 0.009375
0 0.333594 0.731250 0.017188 0.006250
0 0.337500 0.718750 0.025000 0.009375
0 0.337500 0.710938 0.021875 0.006250
0 0.348438 0.686719 0.018750 0.010937
0 0.340625 0.673438 0.018750 0.009375
0 0.342969 0.665625 0.020313 0.006250
0 0.330469 0.649219 0.014063 0.010937
0 0.318750 0.639844 0.006250 0.014063
0 0.306250 0.634375 0.009375 0.018750
0 0.292187 0.628125 0.009375 0.025000
0 0.278125 0.625000 0.012500 0.018750
0 0.260937 0.625000 0.009375 0.015625
0 0.252344 0.625000 0.004687 0.018750
0 0.242188 0.624219 0.009375 0.010937
0 0.228125 0.624219 0.009375 0.010937
0 0.217188 0.625000 0.012500 0.015625
0 0.201563 0.627344 0.012500 0.014063
0 0.187500 0.633594 0.012500 0.017188
0 0.179688 0.639844 0.018750 0.014063
0 0.345313 0.701562 0.025000 0.006250
0 0.117188 0.684375 0.025000 0.009375
0 0.107031 0.697656 0.020313 0.010937
0 0.097656 0.710156 0.023438 0.007812
0 0.095312 0.717969 0.018750 0.007812
0 0.087500 0.729688 0.018750 0.006250
0 0.087500 0.742188 0.018750 0.012500
0 0.087500 0.754687 0.018750 0.006250
0 0.164062 0.725000 0.015625 0.012500
0 0.164844 0.715625 0.017188 0.012500
0 0.176563 0.703906 0.015625 0.007812
0 0.184375 0.696875 0.015625 0.015625
0 0.191406 0.754687 0.007812 0.015625
0 0.206250 0.753906 0.009375 0.017188
0 0.216406 0.753125 0.007812 0.018750
0 0.230469 0.744531 0.014063 0.014063
0 0.252344 0.732812 0.014063 0.015625
0 0.263281 0.723437 0.017188 0.012500
0 0.272656 0.708594 0.017188 0.007812
0 0.192188 0.692187 0.012500 0.015625
0 0.253906 0.679688 0.014063 0.015625
0 0.239063 0.679688 0.012500 0.012500
0 0.226562 0.681250 0.015625 0.015625
0 0.215625 0.681250 0.006250 0.015625
0 0.204687 0.685156 0.015625 0.014063
0 0.555469 0.604688 0.023438 0.009375
