0 0.268750 0.540625 0.025000 0.025000
0 0.467969 0.427344 0.023438 0.029687
0 0.484375 0.503125 0.015625 0.028125
0 0.496875 0.496875 0.015625 0.021875
0 0.492969 0.634375 0.020313 0.028125
0 0.642969 0.550000 0.014063 0.025000
0 0.578125 0.629687 0.015625 0.025000
0 0.593750 0.628125 0.018750 0.025000
0 0.593750 0.651563 0.018750 0.025000
0 0.985938 0.550000 0.015625 0.021875
0 0.071875 0.778125 0.031250 0.015625
0 0.992969 0.955469 0.014063 0.026562
0 0.962500 0.619531 0.018750 0.023438
0 0.989062 0.620313 0.015625 0.025000
0 0.987500 0.646094 0.018750 0.023438
