0 0.247596 0.677885 0.038462 0.024038
0 0.237981 0.866587 0.024038 0.031250
0 0.224760 0.837740 0.016827 0.021635
0 0.881010 0.881010 0.026442 0.031250
0 0.830529 0.950721 0.026442 0.021635
0 0.694712 0.913462 0.028846 0.024038
0 0.825721 0.762019 0.021635 0.024038
0 0.972356 0.536058 0.016827 0.028846
0 0.983173 0.438702 0.024038 0.031250
0 0.902644 0.472356 0.021635 0.016827
0 0.784856 0.550481 0.031250 0.014423
0 0.929087 0.241587 0.031250 0.016827
0 0.817308 0.229567 0.019231 0.021635
0 0.491587 0.212740 0.021635 0.021635
0 0.487981 0.241587 0.024038 0.026442
0 0.472356 0.272837 0.021635 0.026442
0 0.981971 0.069712 0.036058 0.024038
0 0.968750 0.870192 0.033654 0.024038
