0 0.587500 0.015625 0.009375 0.018750
0 0.628125 0.017969 0.009375 0.017188
0 0.596875 0.017969 0.009375 0.017188
0 0.565625 0.017188 0.009375 0.018750
0 0.650000 0.021094 0.006250 0.017188
0 0.825000 0.031250 0.012500 0.018750
0 0.927344 0.043750 0.010937 0.021875
0 0.975000 0.053125 0.009375 0.015625
0 0.996094 0.056250 0.007812 0.015625
0 0.906250 0.039844 0.006250 0.017188
0 0.886719 0.037500 0.010937 0.018750
0 0.865625 0.034375 0.009375 0.018750
0 0.784375 0.029687 0.009375 0.021875
0 0.774219 0.029687 0.010937 0.021875
0 0.764062 0.028125 0.006250 0.018750
0 0.755469 0.028125 0.007812 0.018750
0 0.721094 0.071094 0.010937 0.020313
0 0.792188 0.131250 0.025000 0.015625
0 0.975000 0.196875 0.009375 0.018750
0 0.964063 0.196875 0.009375 0.018750
0 0.953125 0.196875 0.009375 0.018750
0 0.940625 0.193750 0.009375 0.018750
0 0.931250 0.193750 0.006250 0.018750
0 0.921094 0.193750 0.007812 0.018750
0 0.912500 0.192969 0.006250 0.020313
0 0.903125 0.190625 0.006250 0.021875
0 0.871094 0.189844 0.010937 0.020313
0 0.989844 0.240625 0.014063 0.021875
0 0.971094 0.237500 0.007812 0.018750
0 0.934375 0.234375 0.009375 0.018750
0 0.706250 0.168750 0.009375 0.021875
0 0.696094 0.165625 0.010937 0.015625
0 0.685937 0.164844 0.006250 0.017188
0 0.615625 0.156250 0.018750 0.018750
0 0.584375 0.160938 0.012500 0.018750
0 0.458594 0.152344 0.010937 0.017188
0 0.496875 0.156250 0.012500 0.015625
0 0.412500 0.189844 0.012500 0.020313
0 0.450000 0.192188 0.012500 0.018750
0 0.468750 0.193750 0.015625 0.021875
0 0.489844 0.193750 0.010937 0.018750
0 0.500000 0.192969 0.009375 0.014063
0 0.531250 0.196875 0.012500 0.021875
0 0.540625 0.199219 0.012500 0.020313
0 0.550000 0.200000 0.009375 0.021875
0 0.562500 0.200000 0.012500 0.021875
0 0.581250 0.202344 0.009375 0.017188
0 0.600000 0.203125 0.009375 0.015625
0 0.628125 0.205469 0.009375 0.017188
0 0.642188 0.206250 0.009375 0.018750
0 0.321875 0.361719 0.021875 0.010937
0 0.203125 0.514844 0.009375 0.020313
0 0.517969 0.459375 0.014063 0.018750
0 0.892969 0.402344 0.020313 0.007812
0 0.896094 0.412500 0.017188 0.006250
0 0.896094 0.418750 0.020313 0.009375
0 0.896875 0.430469 0.025000 0.010937
0 0.849219 0.521094 0.010937 0.023438
0 0.912500 0.609375 0.025000 0.012500
0 0.911719 0.665625 0.020313 0.015625
0 0.911719 0.681250 0.014063 0.009375
0 0.949219 0.374219 0.023438 0.007812
0 0.949219 0.392188 0.020313 0.006250
0 0.955469 0.531250 0.020313 0.006250
0 0.828125 0.728125 0.009375 0.015625
0 0.839063 0.729688 0.012500 0.018750
0 0.859375 0.730469 0.012500 0.017188
0 0.846875 0.767969 0.012500 0.017188
0 0.831250 0.765625 0.012500 0.018750
