0 0.750000 0.085938 0.015625 0.025000
0 0.812500 0.058594 0.025000 0.023438
0 0.846875 0.062500 0.021875 0.025000
0 0.796875 0.127344 0.021875 0.017188
0 0.792969 0.150000 0.020313 0.015625
0 0.787500 0.212500 0.018750 0.015625
0 0.785937 0.249219 0.025000 0.023438
0 0.934375 0.259375 0.015625 0.012500
0 0.984375 0.227344 0.021875 0.010937
0 0.987500 0.215625 0.021875 0.009375
0 0.784375 0.371875 0.025000 0.012500
0 0.503125 0.735938 0.021875 0.009375
0 0.496875 0.746875 0.025000 0.012500
0 0.117969 0.728125 0.026562 0.015625
0 0.811719 0.077344 0.026562 0.014063
