0 0.016827 0.262019 0.028846 0.024038
0 0.169471 0.206731 0.040865 0.024038
0 0.504808 0.231971 0.048077 0.021635
0 0.561298 0.177885 0.021635 0.038462
0 0.691106 0.217548 0.036058 0.021635
0 0.701923 0.233173 0.038462 0.024038
0 0.662260 0.304087 0.036058 0.021635
0 0.699519 0.284856 0.038462 0.021635
0 0.311298 0.301683 0.021635 0.031250
0 0.331731 0.281250 0.019231 0.028846
0 0.402644 0.313702 0.021635 0.031250
0 0.429087 0.305288 0.021635 0.033654
0 0.632212 0.587740 0.033654 0.016827
0 0.631010 0.685096 0.040865 0.024038
0 0.616587 0.757212 0.040865 0.019231
0 0.567308 0.787260 0.019231 0.031250
0 0.606971 0.866587 0.040865 0.021635
0 0.599760 0.950721 0.031250 0.021635
0 0.612981 0.973558 0.033654 0.019231
0 0.347356 0.897837 0.021635 0.026442
0 0.367788 0.911058 0.019231 0.028846
0 0.385817 0.170673 0.021635 0.028846
0 0.336538 0.313702 0.019231 0.036058
0 0.280048 0.179087 0.021635 0.055288
