0 0.276562 0.565625 0.025000 0.018750
0 0.432812 0.160156 0.025000 0.014063
0 0.120313 0.605469 0.018750 0.023438
0 0.142969 0.603125 0.017188 0.031250
0 0.191406 0.609375 0.026562 0.015625
0 0.152344 0.647656 0.017188 0.023438
0 0.017969 0.298438 0.023438 0.012500
0 0.016406 0.288281 0.023438 0.010937
0 0.015625 0.277344 0.021875 0.010937
0 0.019531 0.269531 0.020313 0.010937
0 0.024219 0.257031 0.023438 0.010937
0 0.029687 0.246094 0.021875 0.010937
0 0.038281 0.238281 0.029687 0.014063
0 0.108594 0.189844 0.020313 0.020313
0 0.119531 0.184375 0.020313 0.018750
0 0.133594 0.182031 0.017188 0.023438
0 0.147656 0.179688 0.017188 0.025000
0 0.162500 0.180469 0.012500 0.023438
0 0.175781 0.178125 0.014063 0.021875
0 0.189844 0.178125 0.014063 0.025000
0 0.203125 0.185156 0.012500 0.023438
0 0.216406 0.186719 0.010937 0.023438
0 0.228125 0.192969 0.015625 0.020313
0 0.240625 0.200000 0.015625 0.018750
0 0.247656 0.210156 0.020313 0.014063
0 0.250781 0.221875 0.023438 0.012500
0 0.256250 0.234375 0.025000 0.012500
0 0.254688 0.244531 0.028125 0.010937
0 0.250781 0.253906 0.029687 0.010937
0 0.248438 0.265625 0.025000 0.009375
0 0.242969 0.273438 0.029687 0.009375
0 0.236719 0.283594 0.026562 0.010937
0 0.211719 0.307812 0.026562 0.015625
0 0.203906 0.316406 0.026562 0.017188
0 0.190625 0.324219 0.025000 0.017188
0 0.165625 0.332031 0.028125 0.023438
0 0.117188 0.348438 0.021875 0.028125
0 0.089063 0.272656 0.021875 0.017188
0 0.096875 0.251563 0.015625 0.018750
0 0.105469 0.243750 0.017188 0.018750
0 0.117969 0.239063 0.017188 0.025000
0 0.127344 0.233594 0.014063 0.020313
0 0.139063 0.231250 0.012500 0.018750
0 0.152344 0.229687 0.010937 0.018750
0 0.165625 0.229687 0.015625 0.018750
0 0.108594 0.296875 0.014063 0.025000
0 0.123438 0.296875 0.012500 0.021875
0 0.135156 0.293750 0.010937 0.021875
0 0.147656 0.292187 0.014063 0.021875
0 0.156250 0.285156 0.018750 0.023438
0 0.166406 0.276562 0.017188 0.018750
0 0.173437 0.270313 0.018750 0.018750
0 0.180469 0.260937 0.020313 0.021875
