0 0.537260 0.304087 0.016827 0.026442
0 0.557692 0.307692 0.019231 0.028846
0 0.897837 0.276442 0.021635 0.033654
0 0.836538 0.313702 0.019231 0.031250
0 0.972356 0.146635 0.031250 0.014423
0 0.965144 0.162260 0.045673 0.016827
0 0.959135 0.204327 0.043269 0.014423
0 0.956731 0.224760 0.048077 0.016827
0 0.300481 0.899038 0.038462 0.014423
0 0.289663 0.912260 0.036058 0.016827
0 0.288462 0.939904 0.043269 0.019231
0 0.399038 0.835337 0.038462 0.016827
0 0.396635 0.850962 0.043269 0.014423
0 0.443510 0.837740 0.036058 0.016827
0 0.387019 0.882212 0.038462 0.014423
0 0.389423 0.896635 0.038462 0.014423
0 0.388221 0.913462 0.040865 0.014423
0 0.790865 0.784856 0.019231 0.026442
0 0.787260 0.862981 0.016827 0.028846
0 0.856971 0.724760 0.021635 0.031250
0 0.805288 0.662260 0.024038 0.031250
0 0.806490 0.627404 0.021635 0.028846
