0 0.501202 0.078125 0.045673 0.021635
0 0.507212 0.098558 0.043269 0.019231
0 0.787260 0.163462 0.045673 0.019231
0 0.802885 0.281250 0.043269 0.024038
0 0.576923 0.200721 0.024038 0.036058
0 0.573317 0.235577 0.021635 0.033654
0 0.490385 0.199519 0.043269 0.024038
0 0.496394 0.248798 0.045673 0.021635
0 0.519231 0.326923 0.033654 0.024038
0 0.599760 0.304087 0.040865 0.036058
0 0.650240 0.318510 0.040865 0.016827
0 0.507212 0.293269 0.091346 0.048077
0 0.596154 0.395433 0.033654 0.026442
0 0.685096 0.394231 0.028846 0.028846
