0 0.325781 0.010156 0.029687 0.014063
0 0.364063 0.260937 0.018750 0.025000
0 0.318750 0.306250 0.012500 0.018750
0 0.290625 0.309375 0.012500 0.018750
0 0.278125 0.309375 0.009375 0.018750
0 0.100000 0.321875 0.009375 0.018750
0 0.046094 0.324219 0.014063 0.017188
0 0.155469 0.365625 0.014063 0.018750
0 0.140625 0.364844 0.009375 0.020313
0 0.121094 0.361719 0.014063 0.020313
0 0.218750 0.415625 0.021875 0.012500
0 0.221094 0.425000 0.023438 0.009375
0 0.206250 0.690625 0.018750 0.018750
0 0.162500 0.690625 0.015625 0.015625
0 0.152344 0.690625 0.014063 0.018750
0 0.136719 0.693750 0.014063 0.015625
0 0.123438 0.693750 0.015625 0.018750
0 0.014063 0.700000 0.012500 0.021875
0 0.005469 0.703125 0.007812 0.021875
0 0.156250 0.734375 0.015625 0.021875
0 0.028125 0.742969 0.015625 0.017188
0 0.014063 0.743750 0.015625 0.021875
0 0.167969 0.734375 0.017188 0.021875
0 0.209375 0.728125 0.018750 0.021875
0 0.267969 0.742188 0.026562 0.012500
0 0.270313 0.755469 0.025000 0.014063
0 0.307812 0.870313 0.015625 0.021875
0 0.321875 0.868750 0.009375 0.021875
0 0.333594 0.865625 0.014063 0.025000
0 0.353125 0.862500 0.015625 0.021875
0 0.446875 0.858594 0.018750 0.020313
0 0.559375 0.737500 0.021875 0.009375
0 0.518750 0.717969 0.012500 0.020313
0 0.506250 0.718750 0.009375 0.018750
0 0.377344 0.727344 0.014063 0.020313
0 0.364844 0.730469 0.010937 0.017188
0 0.356250 0.733594 0.012500 0.020313
0 0.343750 0.733594 0.009375 0.020313
0 0.346875 0.774219 0.018750 0.020313
0 0.381250 0.771094 0.015625 0.023438
0 0.414844 0.770312 0.017188 0.025000
0 0.437500 0.768750 0.015625 0.021875
0 0.450000 0.768750 0.009375 0.021875
0 0.478125 0.765625 0.015625 0.021875
0 0.493750 0.765625 0.015625 0.025000
0 0.506250 0.762500 0.012500 0.025000
0 0.351562 0.821875 0.015625 0.018750
0 0.365625 0.818750 0.015625 0.018750
0 0.387500 0.817969 0.012500 0.020313
0 0.398438 0.815625 0.015625 0.018750
0 0.076563 0.324219 0.018750 0.017188
0 0.316406 0.265625 0.017188 0.021875
0 0.327344 0.815625 0.029687 0.018750
0 0.325000 0.780469 0.025000 0.014063
0 0.325000 0.787500 0.025000 0.009375
0 0.297656 0.502344 0.026562 0.014063
0 0.292969 0.541406 0.026562 0.010937
