0 0.746875 0.046875 0.018750 0.018750
0 0.837500 0.103906 0.031250 0.017188
0 0.821875 0.130469 0.028125 0.014063
0 0.346094 0.175781 0.029687 0.017188
0 0.143750 0.069531 0.025000 0.017188
0 0.174219 0.082031 0.017188 0.020313
0 0.186719 0.090625 0.017188 0.018750
0 0.412500 0.207813 0.034375 0.021875
0 0.677344 0.293750 0.017188 0.018750
0 0.730469 0.309375 0.026562 0.018750
0 0.850781 0.369531 0.023438 0.023438
0 0.825781 0.437500 0.032813 0.025000
0 0.678125 0.388281 0.021875 0.020313
0 0.599219 0.371875 0.020313 0.018750
0 0.265625 0.233594 0.028125 0.023438
0 0.250781 0.259375 0.032813 0.018750
0 0.132812 0.341406 0.028125 0.010937
0 0.049219 0.314844 0.017188 0.017188
0 0.022656 0.311719 0.017188 0.020313
0 0.009375 0.310937 0.015625 0.021875
0 0.116406 0.382812 0.023438 0.018750
0 0.184375 0.380469 0.018750 0.023438
0 0.233594 0.373437 0.020313 0.021875
0 0.541406 0.513281 0.014063 0.020313
0 0.527344 0.519531 0.014063 0.020313
0 0.539062 0.536719 0.015625 0.020313
0 0.474219 0.541406 0.020313 0.023438
0 0.566406 0.561719 0.020313 0.017188
0 0.629687 0.604688 0.021875 0.025000
0 0.713281 0.636719 0.014063 0.023438
0 0.700000 0.642969 0.018750 0.023438
0 0.426563 0.583594 0.021875 0.023438
0 0.389062 0.616406 0.028125 0.017188
0 0.378906 0.653906 0.032813 0.010937
0 0.505469 0.658594 0.029687 0.017188
0 0.914062 0.599219 0.031250 0.020313
0 0.933594 0.411719 0.023438 0.023438
0 0.845313 0.503125 0.021875 0.018750
0 0.129688 0.541406 0.021875 0.023438
0 0.117188 0.546875 0.021875 0.021875
0 0.052344 0.575781 0.026562 0.023438
0 0.013281 0.734375 0.020313 0.021875
0 0.053906 0.742969 0.020313 0.020313
0 0.124219 0.759375 0.023438 0.021875
0 0.110156 0.767969 0.029687 0.020313
0 0.301563 0.840625 0.021875 0.021875
0 0.394531 0.684375 0.026562 0.012500
0 0.423438 0.739062 0.021875 0.018750
0 0.500000 0.728125 0.012500 0.018750
0 0.513281 0.728906 0.014063 0.017188
0 0.584375 0.696094 0.018750 0.023438
0 0.627344 0.711719 0.014063 0.023438
0 0.642188 0.717969 0.015625 0.023438
0 0.725000 0.720313 0.015625 0.025000
0 0.738281 0.738281 0.017188 0.023438
0 0.781250 0.730469 0.018750 0.020313
0 0.905469 0.922656 0.014063 0.029687
0 0.814844 0.916406 0.017188 0.023438
0 0.767969 0.904687 0.017188 0.021875
0 0.676562 0.902344 0.018750 0.020313
0 0.592187 0.973437 0.021875 0.015625
0 0.327344 0.876563 0.023438 0.015625
0 0.313281 0.903125 0.026562 0.015625
0 0.275781 0.946875 0.029687 0.015625
0 0.211719 0.860938 0.026562 0.012500
0 0.205469 0.871875 0.023438 0.009375
0 0.208594 0.882031 0.029687 0.014063
0 0.177344 0.925000 0.026562 0.012500
0 0.207813 0.973437 0.021875 0.018750
