0 0.139063 0.860938 0.021875 0.015625
0 0.178125 0.928125 0.018750 0.018750
0 0.186719 0.935937 0.017188 0.018750
0 0.810156 0.347656 0.026562 0.010937
0 0.639062 0.455469 0.021875 0.010937
0 0.639844 0.447656 0.026562 0.007812
0 0.637500 0.438281 0.018750 0.010937
0 0.632031 0.420312 0.023438 0.012500
0 0.648438 0.393750 0.025000 0.012500
0 0.655469 0.286719 0.026562 0.010937
0 0.653906 0.267969 0.026562 0.010937
0 0.653906 0.234375 0.020313 0.012500
0 0.659375 0.224219 0.025000 0.010937
0 0.677344 0.064844 0.026562 0.010937
0 0.675781 0.046094 0.023438 0.010937
0 0.675781 0.035937 0.023438 0.009375
0 0.673438 0.026562 0.028125 0.009375
