0 0.434375 0.053125 0.034375 0.025000
0 0.881250 0.009375 0.034375 0.015625
0 0.508594 0.179688 0.029687 0.015625
0 0.593750 0.174219 0.034375 0.017188
0 0.646875 0.280469 0.025000 0.017188
0 0.660937 0.290625 0.025000 0.012500
0 0.764844 0.259375 0.032813 0.021875
0 0.353125 0.410938 0.034375 0.018750
0 0.376563 0.456250 0.031250 0.018750
0 0.396875 0.499219 0.031250 0.017188
0 0.421875 0.549219 0.028125 0.014063
0 0.437500 0.584375 0.025000 0.012500
0 0.495312 0.471875 0.028125 0.015625
0 0.517188 0.508594 0.031250 0.017188
0 0.533594 0.542969 0.035937 0.020313
0 0.554688 0.580469 0.028125 0.020313
0 0.589844 0.465625 0.032813 0.018750
0 0.612500 0.511719 0.028125 0.014063
0 0.631250 0.550000 0.034375 0.015625
