0 0.062500 0.603125 0.018750 0.025000
0 0.089063 0.600000 0.018750 0.021875
0 0.075000 0.659375 0.021875 0.018750
0 0.093750 0.658594 0.025000 0.023438
0 0.154688 0.659375 0.021875 0.018750
0 0.185938 0.683594 0.028125 0.020313
0 0.152344 0.679688 0.023438 0.018750
0 0.059375 0.675000 0.018750 0.018750
0 0.043750 0.671875 0.012500 0.018750
0 0.030469 0.668750 0.017188 0.018750
0 0.003906 0.668750 0.004687 0.018750
0 0.006250 0.718750 0.009375 0.015625
0 0.014844 0.715625 0.017188 0.018750
0 0.040625 0.718750 0.021875 0.018750
0 0.120313 0.721875 0.021875 0.015625
0 0.843750 0.725781 0.015625 0.020313
0 0.881250 0.730469 0.015625 0.020313
0 0.930469 0.735938 0.014063 0.021875
0 0.953125 0.734375 0.015625 0.018750
0 0.437500 0.700000 0.025000 0.021875
0 0.480469 0.702344 0.023438 0.020313
0 0.490625 0.700000 0.015625 0.015625
0 0.503125 0.703125 0.018750 0.021875
0 0.518750 0.704688 0.015625 0.025000
0 0.532813 0.705469 0.015625 0.017188
0 0.400000 0.870313 0.025000 0.012500
0 0.424219 0.861719 0.029687 0.010937
0 0.635938 0.939063 0.031250 0.012500
0 0.275000 0.709375 0.028125 0.012500
0 0.829688 0.725000 0.015625 0.021875
