0 0.245312 0.264844 0.037500 0.017188
0 0.231250 0.277344 0.028125 0.014063
0 0.232813 0.292969 0.034375 0.014063
0 0.338281 0.296094 0.014063 0.023438
0 0.373437 0.334375 0.015625 0.018750
0 0.396094 0.336719 0.014063 0.017188
0 0.489844 0.333594 0.014063 0.023438
0 0.373437 0.353125 0.015625 0.018750
0 0.239844 0.410938 0.020313 0.018750
0 0.291406 0.681250 0.014063 0.018750
0 0.285938 0.721875 0.015625 0.025000
0 0.300000 0.723437 0.018750 0.021875
0 0.301563 0.742188 0.012500 0.018750
0 0.313281 0.742188 0.014063 0.021875
0 0.337500 0.743750 0.015625 0.021875
0 0.312500 0.784375 0.015625 0.015625
0 0.325781 0.784375 0.010937 0.018750
0 0.336719 0.785156 0.014063 0.020313
0 0.371094 0.783594 0.014063 0.020313
0 0.288281 0.806250 0.014063 0.025000
0 0.300781 0.802344 0.010937 0.020313
0 0.314063 0.803125 0.015625 0.021875
0 0.339062 0.801562 0.012500 0.018750
0 0.350781 0.803906 0.014063 0.023438
0 0.290625 0.846094 0.015625 0.020313
0 0.335938 0.844531 0.012500 0.020313
0 0.350781 0.847656 0.014063 0.017188
0 0.361719 0.846875 0.010937 0.018750
0 0.398438 0.846875 0.012500 0.018750
0 0.376563 0.866406 0.012500 0.020313
0 0.340625 0.865625 0.012500 0.021875
0 0.314844 0.864844 0.014063 0.020313
0 0.292187 0.867969 0.015625 0.020313
0 0.305469 0.910156 0.014063 0.020313
0 0.746875 0.817969 0.025000 0.020313
