0 0.787500 0.160938 0.028125 0.012500
0 0.379688 0.350000 0.028125 0.009375
0 0.457813 0.481250 0.021875 0.012500
0 0.458594 0.492969 0.026562 0.010937
0 0.515625 0.346875 0.028125 0.009375
0 0.517969 0.355469 0.026562 0.007812
0 0.515625 0.364844 0.025000 0.010937
0 0.515625 0.390625 0.025000 0.009375
0 0.515625 0.402344 0.028125 0.007812
0 0.514844 0.410938 0.026562 0.009375
0 0.517188 0.418750 0.025000 0.009375
0 0.517969 0.429688 0.023438 0.009375
0 0.517969 0.439063 0.026562 0.009375
0 0.518750 0.446875 0.025000 0.009375
0 0.699219 0.586719 0.020313 0.060937
0 0.740625 0.956250 0.021875 0.009375
0 0.206250 0.575000 0.034375 0.015625
