0 0.800000 0.542969 0.031250 0.023438
0 0.777344 0.380469 0.010937 0.017188
0 0.777344 0.403125 0.007812 0.021875
0 0.776563 0.440625 0.015625 0.018750
0 0.890625 0.534375 0.021875 0.009375
0 0.878125 0.564063 0.021875 0.012500
0 0.909375 0.542969 0.025000 0.010937
0 0.962500 0.521094 0.018750 0.007812
0 0.992188 0.096875 0.015625 0.021875
0 0.970313 0.096875 0.012500 0.025000
0 0.955469 0.096094 0.010937 0.017188
0 0.958594 0.108594 0.017188 0.007812
0 0.943750 0.096094 0.009375 0.017188
0 0.934375 0.100000 0.015625 0.018750
0 0.927344 0.104688 0.014063 0.018750
0 0.917188 0.111719 0.012500 0.017188
0 0.914844 0.137500 0.014063 0.018750
0 0.912500 0.154688 0.015625 0.015625
0 0.912500 0.178125 0.018750 0.018750
0 0.978125 0.134375 0.021875 0.012500
0 0.928125 0.246875 0.009375 0.015625
0 0.943750 0.256250 0.009375 0.015625
0 0.956250 0.252344 0.012500 0.020313
0 0.975000 0.267969 0.009375 0.017188
0 0.962500 0.267969 0.009375 0.020313
0 0.953125 0.270313 0.006250 0.018750
0 0.918750 0.289844 0.018750 0.029687
0 0.943750 0.298438 0.012500 0.018750
0 0.956250 0.296875 0.009375 0.021875
0 0.968750 0.300000 0.009375 0.025000
0 0.981250 0.300000 0.015625 0.021875
0 0.993750 0.301563 0.009375 0.021875
0 0.914844 0.328125 0.023438 0.009375
0 0.912500 0.339844 0.021875 0.007812
0 0.912500 0.353125 0.018750 0.009375
0 0.914844 0.361719 0.020313 0.007812
0 0.912500 0.371094 0.025000 0.007812
0 0.912500 0.377344 0.021875 0.004687
0 0.912500 0.384375 0.018750 0.006250
0 0.911719 0.392969 0.020313 0.007812
0 0.911719 0.400000 0.023438 0.009375
0 0.909375 0.409375 0.025000 0.009375
0 0.909375 0.439063 0.021875 0.012500
0 0.909375 0.450000 0.021875 0.009375
0 0.950000 0.477344 0.012500 0.017188
0 0.934375 0.475000 0.009375 0.015625
0 0.918750 0.478125 0.015625 0.018750
0 0.956250 0.342969 0.009375 0.020313
0 0.967969 0.340625 0.010937 0.018750
0 0.979688 0.339844 0.009375 0.023438
0 0.987500 0.340625 0.012500 0.021875
0 0.950000 0.389844 0.012500 0.010937
0 0.986719 0.418750 0.007812 0.015625
0 0.978125 0.418750 0.006250 0.015625
0 0.960938 0.418750 0.009375 0.015625
0 0.950000 0.496875 0.012500 0.012500
0 0.284375 0.550000 0.021875 0.021875
0 0.421094 0.709375 0.026562 0.018750
0 0.321875 0.743750 0.025000 0.015625
0 0.025000 0.821875 0.028125 0.015625
0 0.065625 0.817969 0.021875 0.014063
0 0.078125 0.835938 0.028125 0.012500
0 0.056250 0.859375 0.025000 0.012500
0 0.331250 0.335938 0.018750 0.018750
