0 0.710337 0.812500 0.045673 0.024038
0 0.787260 0.576923 0.040865 0.024038
0 0.521635 0.753606 0.024038 0.040865
0 0.614183 0.757212 0.021635 0.033654
0 0.021635 0.834135 0.033654 0.019231
0 0.302885 0.725962 0.028846 0.033654
0 0.382212 0.737981 0.024038 0.033654
0 0.520433 0.881010 0.026442 0.036058
0 0.513221 0.912260 0.021635 0.031250
0 0.147837 0.762019 0.026442 0.024038
0 0.009615 0.391827 0.014423 0.028846
0 0.093750 0.421875 0.024038 0.031250
0 0.080529 0.240385 0.026442 0.028846
0 0.218750 0.293269 0.024038 0.024038
0 0.193510 0.304087 0.026442 0.031250
0 0.515625 0.236779 0.040865 0.031250
0 0.538462 0.234375 0.033654 0.031250
0 0.959135 0.163462 0.043269 0.019231
0 0.453125 0.414663 0.021635 0.031250
0 0.320913 0.443510 0.026442 0.031250
0 0.254808 0.454327 0.019231 0.033654
0 0.231971 0.429087 0.021635 0.040865
0 0.349760 0.877404 0.026442 0.043269
0 0.584135 0.747596 0.019231 0.038462
0 0.757212 0.786058 0.019231 0.033654
0 0.198317 0.280048 0.021635 0.026442
0 0.015625 0.923077 0.026442 0.014423
0 0.012019 0.987981 0.019231 0.014423
