0 0.290625 0.137500 0.031250 0.015625
0 0.214844 0.162500 0.029687 0.012500
0 0.439063 0.165625 0.025000 0.021875
0 0.540625 0.137500 0.034375 0.009375
0 0.500000 0.181250 0.028125 0.018750
0 0.665625 0.146875 0.031250 0.018750
0 0.908594 0.190625 0.035937 0.021875
0 0.112500 0.185938 0.012500 0.018750
0 0.123438 0.187500 0.012500 0.015625
0 0.139063 0.187500 0.012500 0.021875
0 0.153125 0.185938 0.012500 0.021875
0 0.467969 0.205469 0.014063 0.017188
0 0.353125 0.264844 0.018750 0.020313
0 0.365625 0.268750 0.015625 0.021875
0 0.380469 0.271875 0.020313 0.015625
0 0.412500 0.271094 0.018750 0.020313
0 0.425000 0.271875 0.018750 0.018750
0 0.454688 0.260937 0.021875 0.021875
0 0.475000 0.259375 0.018750 0.015625
0 0.483594 0.278125 0.026562 0.025000
0 0.528125 0.262500 0.021875 0.018750
0 0.528125 0.278125 0.021875 0.015625
0 0.496094 0.321094 0.020313 0.017188
0 0.393750 0.314844 0.025000 0.020313
0 0.376563 0.314844 0.015625 0.020313
0 0.339062 0.312500 0.021875 0.021875
0 0.311719 0.309375 0.014063 0.018750
0 0.296094 0.307812 0.014063 0.015625
0 0.223438 0.285938 0.025000 0.015625
0 0.218750 0.305469 0.021875 0.020313
0 0.174219 0.302344 0.020313 0.023438
0 0.162500 0.303125 0.021875 0.025000
0 0.148438 0.300000 0.021875 0.021875
0 0.068750 0.280469 0.034375 0.017188
0 0.796875 0.299219 0.025000 0.017188
0 0.840625 0.300000 0.018750 0.021875
0 0.850000 0.300000 0.018750 0.021875
0 0.865625 0.303125 0.015625 0.018750
0 0.878125 0.303125 0.012500 0.021875
0 0.890625 0.304688 0.018750 0.021875
0 0.764844 0.462500 0.020313 0.012500
0 0.798438 0.501563 0.018750 0.021875
0 0.987500 0.530469 0.021875 0.010937
0 0.411719 0.746094 0.023438 0.010937
0 0.434375 0.746875 0.025000 0.012500
0 0.490625 0.758594 0.028125 0.010937
0 0.492969 0.748437 0.023438 0.006250
0 0.486719 0.784375 0.023438 0.009375
0 0.411719 0.767969 0.026562 0.014063
0 0.360938 0.752344 0.025000 0.010937
0 0.356250 0.760938 0.025000 0.012500
0 0.356250 0.771875 0.025000 0.009375
0 0.379688 0.787500 0.021875 0.018750
0 0.350000 0.795312 0.028125 0.006250
0 0.259375 0.815625 0.034375 0.015625
0 0.407813 0.790625 0.031250 0.009375
0 0.886719 0.780469 0.023438 0.010937
0 0.862500 0.778125 0.021875 0.012500
0 0.859375 0.786719 0.021875 0.007812
0 0.881250 0.790625 0.025000 0.006250
0 0.885938 0.796875 0.025000 0.009375
0 0.825000 0.927344 0.028125 0.010937
0 0.871875 0.937500 0.028125 0.012500
0 0.799219 0.933594 0.026562 0.014063
0 0.793750 0.949219 0.025000 0.010937
0 0.814844 0.959375 0.023438 0.009375
0 0.878125 0.962500 0.025000 0.012500
0 0.745313 0.912500 0.028125 0.009375
0 0.739844 0.928125 0.023438 0.009375
0 0.742969 0.939844 0.020313 0.007812
0 0.415625 0.827344 0.028125 0.010937
0 0.381250 0.887500 0.028125 0.012500
0 0.459375 0.903125 0.031250 0.012500
0 0.511719 0.906250 0.023438 0.012500
0 0.434375 0.918750 0.025000 0.015625
0 0.457813 0.928125 0.034375 0.012500
0 0.434375 0.934375 0.025000 0.009375
0 0.381250 0.917188 0.025000 0.015625
0 0.374219 0.932813 0.023438 0.009375
0 0.377344 0.940625 0.026562 0.006250
