0 0.299279 0.925481 0.036058 0.019231
0 0.192308 0.893029 0.038462 0.016827
0 0.317308 0.811298 0.033654 0.021635
0 0.257212 0.674279 0.033654 0.016827
0 0.371394 0.689904 0.040865 0.019231
0 0.373798 0.671875 0.036058 0.021635
0 0.406250 0.584135 0.038462 0.019231
0 0.393029 0.631010 0.036058 0.021635
0 0.155048 0.319712 0.021635 0.024038
0 0.177885 0.349760 0.033654 0.016827
0 0.218750 0.288462 0.024038 0.024038
0 0.205529 0.300481 0.026442 0.024038
0 0.515625 0.024038 0.021635 0.028846
0 0.397837 0.014423 0.021635 0.024038
0 0.346154 0.010817 0.019231 0.016827
0 0.326923 0.021635 0.019231 0.028846
0 0.991587 0.551683 0.016827 0.016827
0 0.957933 0.498798 0.040865 0.016827
