0 0.096094 0.008594 0.023438 0.007812
0 0.094531 0.022656 0.023438 0.007812
0 0.095312 0.035937 0.025000 0.009375
0 0.092969 0.048438 0.023438 0.015625
0 0.094531 0.073438 0.020313 0.006250
0 0.089844 0.082812 0.017188 0.009375
0 0.182031 0.071875 0.010937 0.018750
0 0.196094 0.073438 0.007812 0.018750
0 0.219531 0.070312 0.014063 0.025000
0 0.232813 0.073438 0.012500 0.028125
0 0.246875 0.073438 0.018750 0.025000
0 0.550781 0.034375 0.023438 0.009375
0 0.549219 0.046094 0.023438 0.004687
0 0.546094 0.054688 0.026562 0.009375
0 0.546094 0.064062 0.026562 0.015625
0 0.539844 0.085938 0.020313 0.012500
0 0.537500 0.103906 0.021875 0.007812
0 0.532031 0.115625 0.017188 0.006250
0 0.531250 0.126562 0.031250 0.015625
0 0.627344 0.029687 0.017188 0.009375
0 0.630469 0.039062 0.020313 0.012500
0 0.626563 0.047656 0.025000 0.010937
0 0.623437 0.059375 0.021875 0.009375
0 0.610156 0.090625 0.020313 0.006250
0 0.607031 0.109375 0.029687 0.006250
0 0.606250 0.120313 0.021875 0.009375
0 0.603906 0.131250 0.023438 0.009375
0 0.510938 0.357031 0.015625 0.007812
0 0.508594 0.360938 0.023438 0.006250
0 0.503906 0.421875 0.020313 0.009375
0 0.570312 0.368750 0.021875 0.009375
0 0.591406 0.382031 0.023438 0.010937
0 0.568750 0.387500 0.018750 0.012500
0 0.568750 0.400781 0.015625 0.010937
0 0.592187 0.389062 0.021875 0.012500
0 0.594531 0.401562 0.023438 0.012500
0 0.587500 0.421875 0.021875 0.012500
0 0.560156 0.427344 0.020313 0.014063
0 0.921875 0.422656 0.018750 0.010937
0 0.920312 0.432031 0.021875 0.010937
0 0.986719 0.380469 0.020313 0.007812
0 0.983594 0.388281 0.026562 0.004687
0 0.983594 0.402344 0.026562 0.014063
0 0.983594 0.414844 0.020313 0.007812
0 0.985156 0.424219 0.020313 0.007812
0 0.985156 0.432031 0.017188 0.007812
0 0.090625 0.428125 0.021875 0.009375
0 0.122656 0.427344 0.023438 0.010937
0 0.298438 0.439063 0.025000 0.009375
0 0.325000 0.438281 0.018750 0.014063
0 0.357812 0.446094 0.025000 0.017188
0 0.080469 0.489063 0.010937 0.021875
0 0.092188 0.492188 0.009375 0.028125
0 0.103906 0.495312 0.010937 0.025000
0 0.114062 0.496094 0.006250 0.023438
0 0.122656 0.495312 0.007812 0.028125
0 0.133594 0.499219 0.007812 0.026562
0 0.151562 0.489844 0.015625 0.020313
0 0.332813 0.869531 0.009375 0.017188
0 0.356250 0.799219 0.012500 0.020313
0 0.357031 0.868750 0.014063 0.018750
0 0.370312 0.870313 0.012500 0.018750
0 0.390625 0.869531 0.012500 0.020313
0 0.409375 0.867969 0.012500 0.020313
0 0.254688 0.830469 0.025000 0.007812
0 0.548438 0.228125 0.009375 0.021875
0 0.003906 0.422656 0.004687 0.007812
