0 0.029687 0.298438 0.021875 0.012500
0 0.078125 0.335156 0.028125 0.010937
0 0.059375 0.348438 0.028125 0.012500
0 0.193750 0.450781 0.018750 0.020313
0 0.575000 0.377344 0.025000 0.014063
0 0.721875 0.374219 0.021875 0.010937
0 0.767188 0.344531 0.106250 0.026562
0 0.652344 0.519531 0.029687 0.017188
0 0.648438 0.550781 0.028125 0.014063
0 0.654687 0.587500 0.031250 0.015625
0 0.650000 0.667969 0.018750 0.020313
0 0.612500 0.668750 0.012500 0.018750
0 0.602344 0.674219 0.014063 0.017188
0 0.586719 0.675781 0.014063 0.020313
0 0.572656 0.673438 0.014063 0.018750
0 0.535937 0.676562 0.018750 0.021875
0 0.445312 0.675781 0.012500 0.023438
0 0.294531 0.875781 0.029687 0.017188
0 0.529687 0.869531 0.015625 0.023438
0 0.557031 0.869531 0.014063 0.020313
0 0.592187 0.872656 0.015625 0.020313
0 0.605469 0.868750 0.014063 0.018750
0 0.633594 0.877344 0.017188 0.032813
0 0.675781 0.934375 0.023438 0.012500
0 0.678906 0.950000 0.023438 0.015625
0 0.613281 0.941406 0.017188 0.023438
0 0.689844 0.988281 0.026562 0.014063
0 0.991406 0.372656 0.017188 0.014063
0 0.971094 0.494531 0.020313 0.007812
0 0.970313 0.503125 0.021875 0.009375
0 0.970313 0.513281 0.025000 0.007812
0 0.969531 0.520312 0.020313 0.006250
0 0.967969 0.529687 0.020313 0.009375
0 0.967969 0.581250 0.020313 0.009375
0 0.966406 0.592187 0.020313 0.009375
0 0.974219 0.446094 0.023438 0.007812
0 0.973437 0.454688 0.025000 0.009375
0 0.972656 0.464844 0.023438 0.010937
0 0.972656 0.475781 0.023438 0.007812
0 0.618750 0.965625 0.015625 0.012500
0 0.600781 0.989844 0.010937 0.014063
0 0.589844 0.987500 0.010937 0.012500
