0 0.043750 0.206250 0.021875 0.015625
0 0.333594 0.020313 0.010937 0.021875
0 0.709375 0.156250 0.015625 0.018750
0 0.735938 0.158594 0.021875 0.020313
0 0.706250 0.881250 0.018750 0.025000
0 0.433594 0.875000 0.023438 0.015625
0 0.456250 0.902344 0.025000 0.014063
0 0.462500 0.915625 0.025000 0.009375
0 0.465625 0.928125 0.028125 0.009375
0 0.473438 0.943750 0.031250 0.012500
0 0.477344 0.952344 0.026562 0.010937
0 0.506250 0.953125 0.021875 0.015625
0 0.518750 0.975000 0.025000 0.012500
0 0.478125 0.964063 0.025000 0.009375
0 0.489063 0.971875 0.021875 0.012500
0 0.493750 0.984375 0.025000 0.012500
0 0.500000 0.996094 0.021875 0.007812
0 0.392969 0.992969 0.023438 0.010937
