0 0.146094 0.346875 0.035937 0.015625
0 0.002344 0.890625 0.001563 0.025000
0 0.011719 0.896094 0.010937 0.020313
0 0.025000 0.893750 0.006250 0.015625
0 0.034375 0.896875 0.012500 0.021875
0 0.059375 0.892969 0.015625 0.020313
0 0.071094 0.890625 0.014063 0.021875
0 0.081250 0.890625 0.018750 0.021875
0 0.096094 0.890625 0.007812 0.021875
0 0.104688 0.892188 0.009375 0.025000
0 0.112500 0.890625 0.006250 0.021875
0 0.121875 0.893750 0.012500 0.025000
0 0.132812 0.892969 0.009375 0.020313
0 0.142969 0.896875 0.014063 0.025000
0 0.154688 0.896094 0.009375 0.020313
0 0.193750 0.903125 0.021875 0.021875
0 0.215625 0.907813 0.018750 0.021875
0 0.232813 0.909375 0.018750 0.021875
0 0.260937 0.908594 0.025000 0.020313
0 0.028125 0.943750 0.015625 0.021875
0 0.040625 0.946094 0.015625 0.020313
0 0.056250 0.943750 0.012500 0.021875
0 0.068750 0.946094 0.006250 0.020313
0 0.080469 0.943750 0.010937 0.025000
0 0.096875 0.925000 0.015625 0.018750
0 0.109375 0.929688 0.012500 0.018750
0 0.127344 0.928125 0.014063 0.012500
0 0.129688 0.946094 0.012500 0.023438
0 0.153125 0.943750 0.012500 0.025000
0 0.193750 0.934375 0.018750 0.015625
0 0.225000 0.931250 0.021875 0.015625
0 0.249219 0.934375 0.023438 0.012500
0 0.189844 0.950000 0.010937 0.018750
0 0.207813 0.948438 0.015625 0.021875
0 0.225000 0.950000 0.009375 0.018750
0 0.234375 0.950000 0.012500 0.018750
0 0.246094 0.950000 0.010937 0.021875
0 0.256250 0.953125 0.015625 0.018750
0 0.267188 0.955469 0.009375 0.017188
0 0.276562 0.954688 0.009375 0.018750
0 0.284375 0.955469 0.015625 0.020313
0 0.301563 0.958594 0.015625 0.023438
0 0.318750 0.958594 0.009375 0.017188
0 0.337500 0.958594 0.012500 0.020313
0 0.348438 0.959375 0.009375 0.021875
0 0.356250 0.959375 0.009375 0.021875
0 0.178125 0.992188 0.009375 0.015625
0 0.174219 0.975000 0.010937 0.012500
0 0.184375 0.980469 0.006250 0.014063
0 0.196875 0.978125 0.015625 0.021875
0 0.207813 0.981250 0.009375 0.012500
0 0.221094 0.980469 0.010937 0.017188
0 0.231250 0.981250 0.012500 0.018750
0 0.243750 0.981250 0.015625 0.018750
0 0.254688 0.978125 0.012500 0.025000
0 0.267969 0.981250 0.017188 0.018750
0 0.271875 0.971875 0.000000 0.003125
0 0.280469 0.979688 0.014063 0.021875
0 0.293750 0.981250 0.012500 0.018750
0 0.304688 0.984375 0.012500 0.021875
0 0.317969 0.986719 0.010937 0.020313
0 0.330469 0.985938 0.017188 0.015625
0 0.343750 0.987500 0.015625 0.021875
0 0.871875 0.856250 0.025000 0.009375
0 0.870313 0.862500 0.021875 0.006250
0 0.868750 0.876563 0.021875 0.009375
0 0.864844 0.898438 0.023438 0.009375
0 0.867969 0.907813 0.023438 0.006250
0 0.867969 0.917188 0.026562 0.009375
0 0.865625 0.932813 0.021875 0.009375
0 0.928125 0.956250 0.018750 0.018750
0 0.875000 0.987500 0.025000 0.009375
0 0.903125 0.989844 0.021875 0.014063
0 0.892969 0.900000 0.026562 0.006250
0 0.924219 0.992188 0.017188 0.012500
0 0.953125 0.984375 0.021875 0.018750
0 0.961719 0.881250 0.020313 0.009375
0 0.958594 0.905469 0.020313 0.014063
0 0.959375 0.921875 0.025000 0.015625
0 0.958594 0.934375 0.023438 0.009375
0 0.932813 0.871875 0.021875 0.009375
0 0.934375 0.881250 0.018750 0.009375
0 0.932813 0.890625 0.021875 0.006250
0 0.932813 0.900000 0.015625 0.009375
0 0.933594 0.908594 0.023438 0.010937
0 0.934375 0.918750 0.025000 0.009375
0 0.932813 0.925000 0.015625 0.012500
0 0.928125 0.934375 0.025000 0.012500
0 0.987500 0.870313 0.021875 0.012500
0 0.992969 0.887500 0.014063 0.009375
0 0.954688 0.854688 0.015625 0.015625
0 0.853906 0.973437 0.026562 0.012500
0 0.850000 0.985156 0.028125 0.014063
0 0.848437 0.993750 0.028125 0.009375
0 0.927344 0.976562 0.017188 0.018750
