0 0.334135 0.632212 0.014423 0.028846
0 0.349760 0.632212 0.016827 0.028846
0 0.365385 0.632212 0.014423 0.028846
0 0.382212 0.632212 0.014423 0.028846
0 0.460337 0.573317 0.036058 0.021635
0 0.460337 0.537260 0.036058 0.016827
0 0.460337 0.521635 0.036058 0.014423
0 0.460337 0.506010 0.040865 0.016827
0 0.473558 0.443510 0.038462 0.016827
0 0.379808 0.521635 0.033654 0.014423
0 0.378606 0.507212 0.036058 0.014423
0 0.381010 0.490385 0.031250 0.014423
0 0.381010 0.475962 0.036058 0.014423
0 0.381010 0.459135 0.036058 0.014423
0 0.381010 0.444712 0.031250 0.014423
0 0.406250 0.139423 0.038462 0.014423
0 0.412260 0.068510 0.031250 0.016827
0 0.222356 0.567308 0.016827 0.028846
0 0.240385 0.569712 0.014423 0.028846
0 0.256010 0.569712 0.016827 0.028846
0 0.271635 0.569712 0.014423 0.028846
0 0.287260 0.568510 0.016827 0.026442
0 0.115385 0.554087 0.014423 0.026442
0 0.132212 0.554087 0.014423 0.021635
0 0.147837 0.556490 0.016827 0.021635
0 0.189904 0.319712 0.019231 0.033654
0 0.207933 0.319712 0.016827 0.033654
0 0.224760 0.319712 0.016827 0.033654
0 0.240385 0.319712 0.014423 0.033654
0 0.271635 0.320913 0.019231 0.040865
0 0.288462 0.320913 0.019231 0.040865
0 0.022837 0.302885 0.016827 0.028846
0 0.038462 0.314904 0.019231 0.028846
0 0.099760 0.317308 0.016827 0.028846
0 0.116587 0.318510 0.016827 0.031250
0 0.143029 0.318510 0.016827 0.031250
0 0.337740 0.569712 0.016827 0.024038
0 0.975962 0.955529 0.038462 0.016827
0 0.925481 0.989183 0.038462 0.016827
0 0.959135 0.991587 0.038462 0.012019
