0 0.067969 0.478125 0.010937 0.021875
0 0.121875 0.478125 0.015625 0.012500
0 0.139063 0.450000 0.021875 0.015625
0 0.160938 0.496875 0.012500 0.006250
0 0.210938 0.367969 0.018750 0.020313
0 0.231250 0.339844 0.009375 0.017188
0 0.206250 0.398438 0.009375 0.015625
0 0.203125 0.431250 0.012500 0.015625
0 0.187500 0.459375 0.009375 0.018750
0 0.201563 0.456250 0.006250 0.015625
0 0.328125 0.264844 0.012500 0.023438
0 0.349219 0.268750 0.010937 0.025000
0 0.359375 0.270313 0.009375 0.018750
0 0.374219 0.268750 0.004687 0.021875
0 0.384375 0.268750 0.009375 0.015625
0 0.402344 0.270313 0.007812 0.021875
0 0.412500 0.271094 0.009375 0.020313
0 0.446875 0.333594 0.021875 0.004687
0 0.449219 0.346875 0.017188 0.009375
0 0.453125 0.389844 0.025000 0.010937
0 0.367188 0.321875 0.015625 0.009375
0 0.364844 0.335938 0.017188 0.006250
0 0.365625 0.346094 0.015625 0.007812
0 0.342969 0.359375 0.020313 0.015625
0 0.371875 0.377344 0.028125 0.010937
0 0.306250 0.337500 0.021875 0.006250
0 0.305469 0.364063 0.023438 0.009375
0 0.302344 0.378125 0.023438 0.009375
0 0.302344 0.396094 0.017188 0.010937
0 0.298438 0.415625 0.025000 0.009375
0 0.335938 0.434375 0.015625 0.015625
0 0.753125 0.340625 0.025000 0.009375
0 0.809375 0.196875 0.015625 0.015625
0 0.843750 0.193750 0.028125 0.012500
0 0.883594 0.158594 0.014063 0.010937
0 0.925000 0.083594 0.009375 0.014063
0 0.881250 0.196875 0.009375 0.015625
0 0.817969 0.234375 0.029687 0.006250
0 0.867188 0.246875 0.018750 0.009375
0 0.603125 0.215625 0.025000 0.009375
0 0.493750 0.165625 0.006250 0.015625
0 0.505469 0.168750 0.007812 0.012500
0 0.518750 0.168750 0.006250 0.012500
0 0.523438 0.170313 0.006250 0.015625
0 0.527344 0.171094 0.007812 0.017188
0 0.540625 0.161719 0.012500 0.010937
0 0.561719 0.165625 0.010937 0.015625
0 0.839063 0.396094 0.015625 0.010937
0 0.824219 0.421094 0.023438 0.007812
0 0.400000 0.465625 0.018750 0.009375
0 0.353125 0.474219 0.025000 0.007812
0 0.396094 0.511719 0.026562 0.007812
0 0.317969 0.500000 0.020313 0.006250
0 0.293750 0.481250 0.021875 0.006250
0 0.287500 0.503125 0.015625 0.009375
0 0.296094 0.518750 0.023438 0.009375
0 0.231250 0.492188 0.021875 0.009375
0 0.239063 0.510938 0.018750 0.009375
0 0.162500 0.384375 0.018750 0.009375
0 0.158594 0.418750 0.010937 0.012500
0 0.250000 0.530469 0.025000 0.010937
0 0.217188 0.524219 0.025000 0.007812
0 0.162500 0.542969 0.025000 0.007812
0 0.099219 0.518750 0.020313 0.009375
0 0.057813 0.542969 0.025000 0.007812
0 0.081250 0.558594 0.025000 0.007812
0 0.012500 0.551562 0.015625 0.006250
0 0.006250 0.567969 0.009375 0.007812
0 0.209375 0.577344 0.009375 0.017188
0 0.212500 0.596875 0.009375 0.012500
0 0.210938 0.626563 0.012500 0.015625
0 0.211719 0.643750 0.014063 0.021875
0 0.209375 0.671094 0.015625 0.014063
0 0.127344 0.589844 0.014063 0.010937
0 0.118750 0.603125 0.009375 0.009375
0 0.112500 0.612500 0.006250 0.012500
0 0.340625 0.621094 0.009375 0.010937
0 0.358594 0.621094 0.014063 0.010937
0 0.396094 0.617969 0.010937 0.014063
0 0.409375 0.618750 0.015625 0.015625
0 0.267969 0.631250 0.010937 0.012500
0 0.978125 0.431250 0.015625 0.006250
0 0.525000 0.808594 0.006250 0.020313
0 0.549219 0.807813 0.014063 0.015625
0 0.581250 0.803125 0.012500 0.018750
0 0.603125 0.796875 0.012500 0.018750
0 0.621875 0.792969 0.009375 0.014063
0 0.631250 0.798438 0.006250 0.025000
0 0.646875 0.792969 0.006250 0.023438
0 0.664844 0.809375 0.010937 0.021875
0 0.573438 0.843750 0.009375 0.012500
0 0.593750 0.840625 0.006250 0.015625
0 0.605469 0.839063 0.007812 0.015625
0 0.618750 0.839063 0.009375 0.012500
0 0.631250 0.837500 0.006250 0.009375
0 0.727344 0.782813 0.017188 0.009375
0 0.728125 0.792969 0.015625 0.007812
0 0.729688 0.807813 0.021875 0.012500
0 0.724219 0.842969 0.023438 0.010937
0 0.783594 0.850000 0.017188 0.012500
0 0.746094 0.902344 0.010937 0.023438
0 0.721094 0.883594 0.014063 0.017188
0 0.700000 0.881250 0.009375 0.009375
0 0.236719 0.832031 0.026562 0.020313
0 0.293750 0.985938 0.018750 0.015625
0 0.790625 0.706250 0.021875 0.009375
0 0.092188 0.665625 0.025000 0.012500
0 0.078906 0.425781 0.029687 0.014063
