0 0.192188 0.336719 0.031250 0.017188
0 0.234375 0.406250 0.025000 0.018750
0 0.246875 0.417187 0.021875 0.021875
0 0.173437 0.851562 0.028125 0.031250
0 0.225781 0.835156 0.029687 0.026562
0 0.243750 0.796875 0.028125 0.015625
0 0.247656 0.828125 0.026562 0.021875
0 0.260937 0.820312 0.025000 0.018750
0 0.268750 0.810937 0.028125 0.018750
0 0.296094 0.786719 0.026562 0.010937
0 0.300000 0.775000 0.031250 0.012500
0 0.307812 0.765625 0.028125 0.012500
0 0.307031 0.753125 0.023438 0.009375
0 0.314844 0.733594 0.026562 0.010937
0 0.310156 0.720313 0.020313 0.015625
0 0.514062 0.653125 0.028125 0.015625
0 0.290625 0.716406 0.021875 0.014063
0 0.298438 0.699219 0.021875 0.020313
0 0.285938 0.689063 0.015625 0.018750
0 0.261719 0.681250 0.014063 0.021875
0 0.245312 0.672656 0.018750 0.020313
0 0.234375 0.673438 0.018750 0.021875
0 0.218750 0.675000 0.018750 0.018750
0 0.202344 0.675781 0.017188 0.017188
0 0.188281 0.675000 0.017188 0.018750
0 0.172656 0.678906 0.020313 0.017188
0 0.160156 0.686719 0.020313 0.020313
0 0.089063 0.735938 0.034375 0.012500
0 0.078906 0.743750 0.023438 0.009375
0 0.071875 0.757031 0.034375 0.010937
0 0.064844 0.777344 0.032813 0.010937
0 0.275000 0.681250 0.012500 0.025000
0 0.311719 0.741406 0.029687 0.010937
0 0.225781 0.726562 0.023438 0.021875
0 0.208594 0.727344 0.017188 0.020313
0 0.182812 0.735156 0.012500 0.020313
0 0.171094 0.739844 0.014063 0.020313
0 0.159375 0.743750 0.021875 0.021875
0 0.148438 0.752344 0.021875 0.020313
0 0.139844 0.771094 0.032813 0.017188
0 0.161719 0.796875 0.017188 0.025000
0 0.176563 0.796094 0.015625 0.023438
0 0.191406 0.793750 0.014063 0.021875
0 0.204687 0.790625 0.015625 0.018750
0 0.214844 0.783594 0.020313 0.020313
0 0.224219 0.776563 0.023438 0.015625
0 0.232813 0.768750 0.025000 0.015625
0 0.237500 0.760156 0.028125 0.017188
0 0.060937 0.789844 0.031250 0.010937
0 0.064844 0.800781 0.026562 0.010937
