0 0.632212 0.403846 0.028846 0.024038
0 0.574519 0.478365 0.028846 0.028846
0 0.284856 0.679087 0.026442 0.026442
0 0.985577 0.575721 0.024038 0.026442
0 0.965144 0.582933 0.026442 0.021635
0 0.951923 0.596154 0.028846 0.024038
0 0.932692 0.605769 0.028846 0.024038
0 0.919471 0.621394 0.031250 0.026442
0 0.906250 0.637019 0.033654 0.028846
0 0.884615 0.650240 0.033654 0.031250
0 0.871394 0.663462 0.031250 0.028846
0 0.856971 0.674279 0.031250 0.026442
0 0.838942 0.683894 0.028846 0.026442
0 0.822115 0.700721 0.028846 0.026442
0 0.811298 0.710337 0.031250 0.026442
0 0.789663 0.722356 0.026442 0.021635
0 0.774038 0.737981 0.038462 0.028846
0 0.758413 0.752404 0.026442 0.024038
0 0.740385 0.763221 0.028846 0.026442
0 0.725962 0.776442 0.033654 0.028846
0 0.707933 0.788462 0.026442 0.024038
0 0.698317 0.802885 0.036058 0.028846
0 0.638221 0.856971 0.036058 0.031250
0 0.759615 0.926683 0.019231 0.026442
0 0.783654 0.912260 0.019231 0.031250
0 0.792067 0.948317 0.021635 0.026442
0 0.957933 0.766827 0.026442 0.028846
0 0.973558 0.757212 0.024038 0.024038
0 0.990385 0.745192 0.019231 0.024038
0 0.951923 0.817308 0.024038 0.028846
0 0.969952 0.800481 0.021635 0.028846
0 0.987981 0.790865 0.019231 0.024038
