0 0.554087 0.966346 0.021635 0.038462
0 0.832933 0.352163 0.016827 0.036058
0 0.802885 0.225962 0.028846 0.019231
0 0.473558 0.662260 0.038462 0.021635
0 0.414663 0.704327 0.021635 0.033654
0 0.049279 0.620192 0.016827 0.028846
0 0.021635 0.614183 0.024038 0.031250
0 0.478365 0.322115 0.019231 0.028846
0 0.168269 0.191106 0.024038 0.016827
0 0.139423 0.131010 0.019231 0.026442
0 0.068510 0.182692 0.026442 0.014423
0 0.099760 0.181490 0.031250 0.016827
0 0.061298 0.944712 0.021635 0.028846
0 0.146635 0.106971 0.014423 0.026442
