0 0.566406 0.085938 0.014063 0.028125
0 0.579688 0.085938 0.012500 0.021875
0 0.593750 0.089844 0.015625 0.023438
0 0.537500 0.125781 0.015625 0.026562
0 0.562500 0.123438 0.012500 0.025000
0 0.577344 0.125000 0.017188 0.025000
0 0.594531 0.127344 0.017188 0.023438
0 0.444531 0.242188 0.020313 0.028125
0 0.403125 0.228906 0.018750 0.026562
0 0.376563 0.225781 0.015625 0.023438
0 0.413281 0.292969 0.020313 0.026562
0 0.397656 0.294531 0.020313 0.023438
0 0.382031 0.286719 0.017188 0.023438
0 0.367969 0.309375 0.023438 0.028125
0 0.380469 0.320312 0.017188 0.021875
0 0.451562 0.287500 0.021875 0.025000
0 0.444531 0.310937 0.026562 0.015625
0 0.458594 0.319531 0.029687 0.014063
0 0.460156 0.331250 0.032813 0.012500
0 0.352344 0.316406 0.026562 0.010937
0 0.355469 0.325000 0.029687 0.012500
0 0.354687 0.335156 0.034375 0.010937
0 0.356250 0.342969 0.031250 0.010937
0 0.354687 0.356250 0.028125 0.012500
0 0.351562 0.369531 0.025000 0.010937
0 0.351562 0.380469 0.028125 0.017188
0 0.353125 0.392188 0.025000 0.015625
0 0.349219 0.402344 0.023438 0.017188
0 0.347656 0.414062 0.029687 0.012500
0 0.349219 0.425000 0.029687 0.018750
0 0.407813 0.385937 0.031250 0.018750
0 0.350781 0.457031 0.029687 0.023438
0 0.346094 0.468750 0.026562 0.018750
0 0.346875 0.480469 0.025000 0.023438
0 0.346875 0.502344 0.028125 0.017188
0 0.412500 0.480469 0.025000 0.023438
0 0.438281 0.479687 0.017188 0.021875
0 0.448437 0.464844 0.021875 0.023438
0 0.447656 0.433594 0.032813 0.023438
0 0.450000 0.410938 0.028125 0.018750
0 0.451562 0.400781 0.031250 0.020313
0 0.565625 0.420312 0.028125 0.012500
0 0.571875 0.429688 0.028125 0.012500
0 0.573438 0.437500 0.034375 0.012500
0 0.578125 0.449219 0.028125 0.010937
0 0.582812 0.460156 0.025000 0.010937
0 0.588281 0.468750 0.026562 0.012500
0 0.650000 0.533594 0.028125 0.014063
0 0.558594 0.539062 0.029687 0.015625
0 0.698438 0.599219 0.021875 0.023438
0 0.297656 0.329688 0.026562 0.009375
0 0.292187 0.387500 0.021875 0.012500
0 0.289844 0.426563 0.026562 0.012500
0 0.289062 0.435156 0.025000 0.010937
0 0.287500 0.446875 0.028125 0.009375
0 0.287500 0.466406 0.028125 0.007812
0 0.236719 0.375781 0.029687 0.014063
0 0.236719 0.386719 0.026562 0.010937
0 0.231250 0.414844 0.021875 0.010937
0 0.229687 0.426563 0.028125 0.012500
0 0.127344 0.320312 0.029687 0.012500
0 0.125000 0.334375 0.031250 0.012500
0 0.121094 0.348438 0.029687 0.012500
0 0.120313 0.359375 0.028125 0.012500
0 0.115625 0.367188 0.034375 0.012500
0 0.117188 0.377344 0.028125 0.010937
0 0.119531 0.388281 0.026562 0.010937
0 0.117188 0.399219 0.028125 0.007812
0 0.120313 0.407813 0.028125 0.009375
0 0.115625 0.427344 0.031250 0.014063
0 0.110937 0.446875 0.031250 0.009375
0 0.066406 0.304688 0.032813 0.012500
0 0.064062 0.313281 0.031250 0.010937
0 0.066406 0.325000 0.032813 0.012500
0 0.063281 0.332813 0.029687 0.012500
0 0.064062 0.346875 0.031250 0.012500
0 0.060156 0.353906 0.029687 0.010937
0 0.060937 0.366406 0.031250 0.010937
0 0.060156 0.377344 0.026562 0.014063
0 0.057031 0.395313 0.026562 0.012500
0 0.989062 0.370312 0.021875 0.018750
