0 0.100000 0.146875 0.028125 0.015625
0 0.234375 0.107813 0.028125 0.018750
0 0.473438 0.096094 0.031250 0.017188
0 0.651563 0.040625 0.025000 0.015625
0 0.564844 0.073438 0.026562 0.018750
0 0.753125 0.393750 0.021875 0.028125
0 0.714844 0.350000 0.020313 0.015625
0 0.650000 0.262500 0.021875 0.025000
0 0.567187 0.120313 0.021875 0.025000
0 0.728125 0.275000 0.015625 0.025000
0 0.624219 0.200000 0.020313 0.025000
0 0.030469 0.075000 0.017188 0.025000
0 0.046094 0.068750 0.017188 0.025000
0 0.056250 0.062500 0.015625 0.025000
0 0.071875 0.057813 0.018750 0.025000
0 0.125000 0.059375 0.021875 0.025000
0 0.145313 0.056250 0.018750 0.025000
0 0.154688 0.048438 0.021875 0.025000
0 0.109375 0.034375 0.018750 0.021875
0 0.124219 0.025000 0.017188 0.025000
0 0.136719 0.020313 0.023438 0.025000
