0 0.108594 0.155469 0.035937 0.020313
0 0.211719 0.157812 0.023438 0.012500
0 0.233594 0.187500 0.026562 0.012500
0 0.312500 0.207031 0.028125 0.014063
0 0.252344 0.312500 0.014063 0.021875
0 0.275781 0.314063 0.017188 0.025000
0 0.340625 0.315625 0.015625 0.021875
0 0.364844 0.317969 0.017188 0.020313
0 0.442969 0.325000 0.020313 0.025000
0 0.480469 0.327344 0.017188 0.023438
0 0.525781 0.328125 0.017188 0.021875
0 0.573438 0.332031 0.015625 0.023438
0 0.593750 0.291406 0.018750 0.010937
0 0.596875 0.306250 0.018750 0.012500
0 0.666406 0.299219 0.029687 0.017188
0 0.557031 0.702344 0.020313 0.026562
0 0.592969 0.702344 0.010937 0.023438
0 0.603906 0.704688 0.014063 0.021875
0 0.620313 0.708594 0.012500 0.020313
0 0.563281 0.753906 0.017188 0.026562
0 0.577344 0.752344 0.010937 0.020313
0 0.599219 0.754687 0.010937 0.021875
0 0.612500 0.750781 0.015625 0.026562
0 0.646094 0.752344 0.010937 0.023438
0 0.660156 0.754687 0.017188 0.025000
0 0.213281 0.675781 0.026562 0.010937
0 0.213281 0.687500 0.026562 0.009375
0 0.215625 0.699219 0.021875 0.010937
0 0.210156 0.709375 0.023438 0.009375
0 0.141406 0.711719 0.029687 0.010937
0 0.146875 0.728906 0.025000 0.010937
0 0.144531 0.742188 0.023438 0.009375
0 0.142969 0.756250 0.026562 0.012500
