0 0.048438 0.483594 0.025000 0.007812
0 0.100000 0.486719 0.021875 0.010937
0 0.450781 0.507031 0.026562 0.010937
0 0.375000 0.521875 0.021875 0.009375
0 0.628906 0.517188 0.026562 0.012500
0 0.830469 0.520312 0.029687 0.015625
0 0.085938 0.606250 0.018750 0.018750
0 0.160938 0.608594 0.018750 0.017188
0 0.225781 0.610156 0.014063 0.017188
0 0.242969 0.616406 0.010937 0.014063
0 0.424219 0.624219 0.014063 0.020313
0 0.832812 0.683594 0.025000 0.010937
0 0.839844 0.705469 0.014063 0.010937
0 0.832031 0.712500 0.023438 0.012500
0 0.831250 0.816406 0.012500 0.017188
0 0.800000 0.817187 0.012500 0.018750
0 0.790625 0.825000 0.012500 0.018750
0 0.774219 0.823438 0.014063 0.018750
0 0.763281 0.821875 0.010937 0.015625
0 0.731250 0.824219 0.015625 0.017188
0 0.646875 0.824219 0.009375 0.014063
0 0.575000 0.991406 0.028125 0.017188
0 0.567187 0.996875 0.018750 0.006250
0 0.792969 0.995313 0.010937 0.009375
0 0.781250 0.996875 0.015625 0.006250
0 0.727344 0.994531 0.014063 0.010937
0 0.715625 0.994531 0.012500 0.010937
