0 0.514844 0.273438 0.029687 0.012500
0 0.787500 0.287500 0.028125 0.015625
0 0.950000 0.299219 0.021875 0.010937
0 0.502344 0.411719 0.020313 0.020313
0 0.543750 0.414844 0.015625 0.020313
0 0.558594 0.415625 0.014063 0.018750
0 0.571094 0.417969 0.017188 0.020313
0 0.584375 0.417969 0.015625 0.023438
0 0.599219 0.417969 0.023438 0.023438
0 0.467969 0.583594 0.026562 0.014063
0 0.504687 0.618750 0.015625 0.021875
0 0.259375 0.293750 0.028125 0.012500
0 0.154688 0.312500 0.009375 0.018750
0 0.127344 0.318750 0.017188 0.025000
0 0.012500 0.311719 0.015625 0.026562
0 0.033594 0.350000 0.020313 0.015625
0 0.037500 0.374219 0.018750 0.023438
0 0.050000 0.380469 0.018750 0.023438
0 0.065625 0.384375 0.021875 0.021875
0 0.100000 0.380469 0.018750 0.017188
0 0.111719 0.381250 0.020313 0.021875
0 0.142969 0.368750 0.020313 0.021875
0 0.159375 0.371875 0.021875 0.018750
0 0.203125 0.371875 0.021875 0.021875
0 0.221875 0.371875 0.021875 0.021875
0 0.218750 0.390625 0.025000 0.015625
0 0.078125 0.431250 0.021875 0.018750
0 0.096875 0.431250 0.021875 0.015625
0 0.187500 0.433594 0.025000 0.020313
0 0.170313 0.431250 0.015625 0.015625
0 0.059375 0.424219 0.015625 0.014063
0 0.017188 0.425000 0.021875 0.018750
0 0.671875 0.646094 0.028125 0.014063
0 0.704688 0.650000 0.025000 0.015625
0 0.559375 0.689844 0.009375 0.020313
0 0.574219 0.909375 0.023438 0.009375
0 0.573438 0.918750 0.028125 0.009375
0 0.596875 0.909375 0.025000 0.012500
0 0.596875 0.921094 0.021875 0.007812
0 0.596875 0.930469 0.025000 0.007812
0 0.943750 0.889844 0.025000 0.014063
0 0.943750 0.900000 0.021875 0.009375
0 0.940625 0.903125 0.018750 0.009375
0 0.940625 0.909375 0.021875 0.012500
0 0.933594 0.925000 0.020313 0.009375
0 0.928125 0.933594 0.021875 0.010937
0 0.927344 0.943750 0.026562 0.012500
0 0.990625 0.931250 0.018750 0.012500
0 0.990625 0.942969 0.018750 0.010937
0 0.987500 0.950000 0.021875 0.012500
0 0.981250 0.964844 0.025000 0.010937
0 0.981250 0.971875 0.021875 0.009375
0 0.975000 0.984375 0.028125 0.012500
0 0.125000 0.878125 0.021875 0.009375
0 0.100000 0.875000 0.025000 0.009375
0 0.096875 0.903125 0.025000 0.009375
0 0.187500 0.878125 0.025000 0.009375
0 0.186719 0.890625 0.032813 0.009375
0 0.123438 0.914844 0.025000 0.010937
0 0.179688 0.914844 0.025000 0.014063
0 0.179688 0.927344 0.021875 0.007812
0 0.042188 0.881250 0.021875 0.012500
0 0.039844 0.892188 0.023438 0.009375
0 0.039844 0.902344 0.023438 0.010937
0 0.040625 0.912500 0.025000 0.009375
0 0.108594 0.959375 0.026562 0.015625
0 0.896875 0.439063 0.012500 0.025000
0 0.911719 0.440625 0.017188 0.021875
0 0.993750 0.442188 0.012500 0.018750
