0 0.834135 0.485577 0.033654 0.028846
0 0.379808 0.929087 0.019231 0.031250
0 0.335337 0.929087 0.021635 0.031250
0 0.474760 0.230769 0.021635 0.024038
0 0.475962 0.012019 0.024038 0.019231
0 0.007212 0.521635 0.009615 0.038462
0 0.074519 0.443510 0.024038 0.031250
0 0.146635 0.442308 0.019231 0.028846
0 0.131010 0.439904 0.021635 0.033654
0 0.179087 0.366587 0.040865 0.016827
0 0.129808 0.362981 0.038462 0.019231
0 0.082933 0.361779 0.040865 0.016827
0 0.240385 0.335337 0.019231 0.026442
0 0.168269 0.408654 0.024038 0.028846
0 0.224760 0.334135 0.021635 0.028846
0 0.195913 0.335337 0.021635 0.031250
0 0.225962 0.402644 0.019231 0.040865
0 0.209135 0.408654 0.019231 0.033654
0 0.054087 0.397837 0.021635 0.031250
0 0.073317 0.397837 0.021635 0.031250
0 0.097356 0.407452 0.021635 0.031250
0 0.116587 0.402644 0.016827 0.021635
0 0.131010 0.407452 0.016827 0.031250
0 0.146635 0.409856 0.019231 0.031250
0 0.191106 0.407452 0.021635 0.031250
