0 0.013221 0.163462 0.021635 0.033654
0 0.734375 0.225962 0.031250 0.019231
0 0.819712 0.383413 0.033654 0.016827
0 0.929087 0.381010 0.036058 0.021635
0 0.622596 0.679087 0.024038 0.016827
0 0.647837 0.740385 0.026442 0.019231
0 0.679087 0.799279 0.031250 0.016827
0 0.710337 0.852163 0.031250 0.016827
0 0.736779 0.900240 0.031250 0.016827
0 0.808894 0.756010 0.040865 0.016827
0 0.834135 0.804087 0.033654 0.016827
0 0.854567 0.849760 0.040865 0.016827
0 0.879808 0.896635 0.028846 0.019231
0 0.920673 0.753606 0.038462 0.016827
0 0.957933 0.802885 0.031250 0.019231
0 0.974760 0.855769 0.036058 0.024038
0 0.991587 0.515625 0.016827 0.021635
