0 0.020313 0.219531 0.031250 0.014063
0 0.250781 0.181250 0.032813 0.012500
0 0.664062 0.237500 0.031250 0.015625
0 0.902344 0.228125 0.026562 0.009375
0 0.173437 0.324219 0.015625 0.020313
0 0.187500 0.325781 0.015625 0.020313
0 0.207813 0.347656 0.025000 0.014063
0 0.267969 0.330469 0.017188 0.020313
0 0.292969 0.332031 0.017188 0.020313
0 0.565625 0.343750 0.021875 0.021875
0 0.589844 0.347656 0.017188 0.026562
0 0.860156 0.367969 0.014063 0.020313
0 0.942969 0.368750 0.017188 0.021875
0 0.408594 0.396094 0.026562 0.010937
0 0.470313 0.406250 0.018750 0.009375
0 0.490625 0.401562 0.018750 0.009375
0 0.543750 0.421875 0.028125 0.012500
0 0.471094 0.417969 0.026562 0.010937
0 0.411719 0.430469 0.026562 0.010937
0 0.278906 0.669531 0.014063 0.020313
0 0.217969 0.762500 0.023438 0.012500
0 0.211719 0.770312 0.023438 0.009375
0 0.208594 0.782031 0.023438 0.010937
0 0.228125 0.799219 0.025000 0.014063
0 0.201563 0.805469 0.018750 0.010937
0 0.196094 0.814063 0.023438 0.015625
0 0.261719 0.809375 0.023438 0.015625
0 0.257812 0.817969 0.025000 0.014063
0 0.276562 0.831250 0.018750 0.009375
0 0.331250 0.839063 0.028125 0.012500
0 0.252344 0.835156 0.023438 0.014063
0 0.241406 0.853125 0.032813 0.012500
0 0.160938 0.925781 0.012500 0.020313
0 0.228125 0.940625 0.015625 0.018750
0 0.259375 0.938281 0.012500 0.017188
0 0.525781 0.993750 0.020313 0.012500
