0 0.718750 0.551683 0.038462 0.012019
0 0.891827 0.522837 0.038462 0.016827
0 0.733173 0.606971 0.043269 0.021635
0 0.734375 0.620192 0.040865 0.019231
0 0.760817 0.533654 0.040865 0.014423
0 0.725962 0.585337 0.048077 0.016827
0 0.763221 0.572115 0.040865 0.014423
0 0.867788 0.713942 0.033654 0.014423
0 0.920673 0.793269 0.038462 0.014423
0 0.820913 0.781250 0.021635 0.038462
0 0.817308 0.929087 0.028846 0.031250
0 0.763221 0.548077 0.040865 0.014423
0 0.950721 0.417067 0.036058 0.016827
0 0.752404 0.711538 0.038462 0.014423
0 0.709135 0.474760 0.033654 0.016827
0 0.710337 0.459135 0.036058 0.014423
