0 0.662500 0.246875 0.031250 0.009375
0 0.784375 0.278125 0.028125 0.012500
0 0.537500 0.346875 0.009375 0.025000
0 0.761719 0.234375 0.014063 0.018750
0 0.875000 0.228125 0.021875 0.018750
0 0.890625 0.206250 0.018750 0.018750
0 0.937500 0.184375 0.018750 0.025000
0 0.892188 0.325000 0.018750 0.009375
0 0.901563 0.390625 0.018750 0.009375
0 0.912500 0.400000 0.018750 0.009375
0 0.918750 0.427344 0.028125 0.014063
0 0.903125 0.503125 0.025000 0.009375
0 0.900000 0.525000 0.025000 0.015625
0 0.886719 0.568750 0.023438 0.015625
0 0.881250 0.595313 0.021875 0.012500
0 0.896875 0.339062 0.025000 0.009375
0 0.609375 0.025000 0.025000 0.015625
0 0.609375 0.037500 0.025000 0.009375
0 0.568750 0.384375 0.028125 0.012500
0 0.571094 0.406250 0.020313 0.012500
0 0.568750 0.418750 0.025000 0.009375
0 0.565625 0.449219 0.021875 0.010937
0 0.564063 0.478125 0.021875 0.009375
0 0.560937 0.655469 0.025000 0.010937
0 0.986719 0.542969 0.023438 0.010937
0 0.984375 0.577344 0.025000 0.010937
0 0.950000 0.870313 0.018750 0.012500
0 0.940625 0.878125 0.018750 0.015625
0 0.975000 0.796094 0.025000 0.017188
0 0.514844 0.785937 0.035937 0.009375
0 0.447656 0.925000 0.026562 0.015625
0 0.469531 0.911719 0.026562 0.017188
0 0.446875 0.939063 0.025000 0.015625
0 0.762500 0.987500 0.021875 0.015625
0 0.861719 0.949219 0.020313 0.017188
0 0.783594 0.971875 0.023438 0.018750
0 0.971094 0.940625 0.023438 0.018750
0 0.339062 0.270313 0.018750 0.021875
0 0.478125 0.085156 0.031250 0.010937
0 0.657031 0.289844 0.020313 0.020313
0 0.735938 0.296094 0.015625 0.014063
0 0.751563 0.298438 0.015625 0.018750
0 0.989062 0.553125 0.021875 0.012500
0 0.989062 0.489844 0.018750 0.010937
0 0.990625 0.480469 0.018750 0.010937
0 0.993750 0.391406 0.012500 0.010937
0 0.511719 0.773438 0.035937 0.012500
0 0.370312 0.933594 0.021875 0.020313
0 0.362500 0.923438 0.028125 0.018750
0 0.339062 0.903906 0.021875 0.017188
0 0.325000 0.871094 0.015625 0.017188
0 0.476562 0.900781 0.018750 0.014063
0 0.501563 0.880469 0.031250 0.020313
0 0.515625 0.878125 0.018750 0.012500
0 0.528906 0.853125 0.026562 0.018750
0 0.515625 0.750781 0.025000 0.010937
0 0.520312 0.761719 0.021875 0.010937
0 0.327344 0.775000 0.014063 0.012500
0 0.947656 0.968750 0.020313 0.012500
0 0.992188 0.929688 0.015625 0.015625
