0 0.703125 0.643750 0.025000 0.009375
0 0.704688 0.654687 0.025000 0.006250
0 0.742188 0.696875 0.018750 0.009375
0 0.742188 0.705469 0.021875 0.010937
0 0.714844 0.704688 0.023438 0.015625
0 0.742969 0.721875 0.020313 0.006250
0 0.718750 0.730469 0.025000 0.010937
0 0.721094 0.742969 0.026562 0.010937
0 0.724219 0.752344 0.029687 0.014063
0 0.825000 0.687500 0.025000 0.012500
0 0.733594 0.808594 0.026562 0.014063
0 0.812500 0.812500 0.025000 0.015625
0 0.778125 0.855469 0.018750 0.026562
0 0.845313 0.862500 0.025000 0.012500
0 0.861719 0.618750 0.032813 0.009375
