0 0.210156 0.407031 0.014063 0.020313
0 0.235156 0.406250 0.014063 0.018750
0 0.517188 0.418750 0.015625 0.021875
0 0.543750 0.421094 0.015625 0.023438
0 0.808594 0.435937 0.017188 0.021875
0 0.966406 0.439844 0.014063 0.020313
0 0.969531 0.308594 0.026562 0.010937
0 0.128125 0.402344 0.012500 0.026562
0 0.114062 0.400000 0.015625 0.021875
0 0.357812 0.502344 0.025000 0.010937
0 0.358594 0.514844 0.026562 0.010937
0 0.424219 0.492969 0.023438 0.014063
0 0.421875 0.482031 0.025000 0.010937
0 0.428125 0.457031 0.018750 0.010937
0 0.221094 0.748437 0.014063 0.021875
0 0.160938 0.842187 0.018750 0.009375
0 0.159375 0.849219 0.018750 0.007812
0 0.154688 0.853906 0.018750 0.007812
0 0.155469 0.860938 0.020313 0.009375
0 0.145313 0.884375 0.025000 0.012500
0 0.140625 0.892969 0.025000 0.014063
0 0.210156 0.891406 0.023438 0.010937
0 0.205469 0.898438 0.023438 0.012500
0 0.222656 0.911719 0.023438 0.014063
0 0.196875 0.913281 0.025000 0.010937
0 0.195312 0.921875 0.021875 0.009375
0 0.185938 0.932031 0.031250 0.014063
0 0.153906 0.990625 0.026562 0.012500
0 0.542188 0.992969 0.018750 0.014063
0 0.561719 0.990625 0.023438 0.018750
0 0.608594 0.995313 0.023438 0.009375
