0 0.578125 0.291406 0.037500 0.017188
0 0.011719 0.862500 0.010937 0.025000
0 0.003125 0.865625 0.003125 0.028125
0 0.005469 0.866406 0.007812 0.020313
0 0.092188 0.895312 0.012500 0.028125
0 0.108594 0.892188 0.014063 0.018750
0 0.121875 0.893750 0.012500 0.018750
0 0.132812 0.893750 0.012500 0.021875
0 0.152344 0.892188 0.014063 0.021875
0 0.164844 0.889844 0.010937 0.023438
0 0.176563 0.888281 0.012500 0.020313
0 0.189844 0.889844 0.010937 0.020313
0 0.200781 0.889844 0.014063 0.020313
0 0.210938 0.890625 0.012500 0.021875
0 0.224219 0.889844 0.014063 0.020313
0 0.239844 0.892969 0.014063 0.017188
0 0.257031 0.898438 0.014063 0.021875
0 0.297656 0.906250 0.014063 0.021875
0 0.318750 0.907031 0.021875 0.023438
0 0.344531 0.907031 0.023438 0.023438
0 0.371094 0.909375 0.023438 0.025000
0 0.128906 0.928125 0.010937 0.018750
0 0.141406 0.932031 0.010937 0.017188
0 0.198437 0.929688 0.012500 0.018750
0 0.210938 0.932031 0.009375 0.020313
0 0.230469 0.931250 0.014063 0.018750
0 0.128125 0.946875 0.012500 0.018750
0 0.139844 0.949219 0.010937 0.017188
0 0.151562 0.949219 0.012500 0.017188
0 0.163281 0.948438 0.014063 0.021875
0 0.175781 0.947656 0.010937 0.020313
0 0.209375 0.950781 0.012500 0.020313
0 0.229687 0.952344 0.009375 0.017188
0 0.242188 0.950781 0.012500 0.020313
0 0.253125 0.949219 0.012500 0.020313
0 0.298438 0.935156 0.015625 0.017188
0 0.332031 0.935156 0.020313 0.017188
0 0.357031 0.935937 0.023438 0.018750
0 0.296875 0.953125 0.009375 0.018750
0 0.306250 0.953125 0.009375 0.015625
0 0.316406 0.952344 0.010937 0.017188
0 0.329688 0.954688 0.012500 0.015625
0 0.345313 0.954688 0.009375 0.018750
0 0.358594 0.956250 0.010937 0.018750
0 0.368750 0.955469 0.012500 0.017188
0 0.379688 0.957031 0.009375 0.020313
0 0.398438 0.957812 0.012500 0.021875
0 0.408594 0.959375 0.010937 0.018750
0 0.417187 0.960938 0.009375 0.018750
0 0.428125 0.959375 0.012500 0.018750
0 0.437500 0.960156 0.009375 0.020313
0 0.447656 0.960938 0.014063 0.025000
0 0.457813 0.960156 0.012500 0.020313
0 0.467187 0.962500 0.009375 0.021875
0 0.478125 0.962500 0.009375 0.025000
0 0.489844 0.962500 0.010937 0.021875
0 0.308594 0.985156 0.010937 0.020313
0 0.299219 0.984375 0.007812 0.021875
0 0.287500 0.983594 0.015625 0.023438
0 0.318750 0.984375 0.009375 0.018750
0 0.328125 0.982812 0.009375 0.021875
0 0.336719 0.984375 0.010937 0.018750
0 0.347656 0.985156 0.014063 0.017188
0 0.360156 0.987500 0.007812 0.018750
0 0.369531 0.987500 0.014063 0.018750
0 0.382812 0.988281 0.009375 0.017188
0 0.392188 0.990625 0.009375 0.018750
0 0.403125 0.991406 0.012500 0.017188
0 0.414062 0.991406 0.009375 0.017188
0 0.424219 0.990625 0.014063 0.018750
0 0.433594 0.990625 0.010937 0.018750
0 0.442969 0.990625 0.010937 0.018750
0 0.455469 0.991406 0.010937 0.017188
0 0.467969 0.990625 0.010937 0.018750
