0 0.109375 0.392188 0.018750 0.021875
0 0.228125 0.078125 0.031250 0.015625
0 0.839844 0.106250 0.017188 0.021875
0 0.858594 0.106250 0.010937 0.021875
0 0.871875 0.106250 0.012500 0.021875
0 0.892188 0.112500 0.015625 0.021875
0 0.903125 0.112500 0.012500 0.021875
0 0.925000 0.112500 0.018750 0.021875
0 0.946875 0.112500 0.012500 0.021875
0 0.959375 0.112500 0.012500 0.021875
0 0.981250 0.117969 0.012500 0.020313
0 0.803125 0.145313 0.012500 0.021875
0 0.815625 0.146094 0.012500 0.020313
0 0.831250 0.146875 0.012500 0.021875
0 0.845313 0.148438 0.009375 0.021875
0 0.856250 0.146875 0.012500 0.021875
0 0.887500 0.149219 0.012500 0.026562
0 0.900000 0.150000 0.012500 0.025000
0 0.934375 0.152344 0.009375 0.023438
0 0.934375 0.439844 0.009375 0.020313
0 0.918750 0.439063 0.015625 0.028125
0 0.893750 0.434375 0.015625 0.025000
0 0.883594 0.436719 0.010937 0.026562
0 0.837500 0.434375 0.012500 0.021875
0 0.792188 0.446094 0.021875 0.010937
0 0.790625 0.453125 0.021875 0.012500
0 0.787500 0.485938 0.025000 0.012500
0 0.785937 0.514844 0.025000 0.014063
0 0.840625 0.509375 0.021875 0.015625
0 0.893750 0.478125 0.012500 0.021875
0 0.903125 0.481250 0.012500 0.025000
0 0.915625 0.481250 0.012500 0.021875
0 0.909375 0.574219 0.009375 0.017188
0 0.896875 0.568750 0.006250 0.015625
0 0.885938 0.568750 0.012500 0.018750
0 0.853125 0.565625 0.009375 0.018750
0 0.756250 0.564844 0.015625 0.014063
0 0.662500 0.557813 0.012500 0.021875
0 0.650000 0.556250 0.015625 0.025000
0 0.596094 0.553125 0.014063 0.018750
0 0.606250 0.553125 0.015625 0.021875
0 0.618750 0.596094 0.015625 0.020313
0 0.736719 0.603125 0.014063 0.021875
0 0.767969 0.605469 0.014063 0.026562
0 0.824219 0.606250 0.017188 0.021875
0 0.878125 0.612500 0.015625 0.021875
0 0.892969 0.612500 0.010937 0.021875
0 0.909375 0.614062 0.015625 0.025000
0 0.931250 0.611719 0.018750 0.023438
0 0.780469 0.604688 0.014063 0.025000
0 0.536719 0.662500 0.023438 0.012500
0 0.537500 0.674219 0.021875 0.010937
0 0.587500 0.690625 0.021875 0.009375
0 0.527344 0.746875 0.026562 0.009375
0 0.524219 0.776563 0.026562 0.012500
0 0.524219 0.793750 0.026562 0.009375
0 0.523438 0.809375 0.028125 0.009375
0 0.579688 0.800000 0.025000 0.009375
0 0.577344 0.809375 0.020313 0.006250
0 0.573438 0.825000 0.025000 0.009375
0 0.573438 0.839063 0.028125 0.009375
0 0.509375 0.953125 0.012500 0.021875
0 0.405469 0.954688 0.017188 0.018750
0 0.425000 0.981250 0.018750 0.009375
0 0.274219 0.961719 0.017188 0.026562
0 0.034375 0.934375 0.012500 0.025000
0 0.206250 0.395313 0.018750 0.021875
0 0.591406 0.642969 0.026562 0.010937
0 0.591406 0.650781 0.026562 0.007812
0 0.576562 0.762500 0.028125 0.012500
0 0.843750 0.606250 0.018750 0.021875
0 0.306250 0.957031 0.012500 0.020313
0 0.523438 0.825781 0.018750 0.010937
0 0.523438 0.833594 0.025000 0.007812
