0 0.047656 0.089063 0.020313 0.021875
0 0.129688 0.085156 0.015625 0.014063
0 0.193750 0.091406 0.015625 0.020313
0 0.408594 0.107031 0.020313 0.026562
0 0.767969 0.021875 0.035937 0.018750
0 0.825781 0.037500 0.032813 0.015625
0 0.939844 0.032813 0.023438 0.012500
0 0.661719 0.015625 0.029687 0.015625
0 0.840625 0.200781 0.028125 0.014063
0 0.838281 0.312500 0.014063 0.025000
0 0.803906 0.311719 0.017188 0.023438
0 0.778906 0.315625 0.020313 0.018750
0 0.764062 0.319531 0.015625 0.020313
0 0.730469 0.321094 0.020313 0.023438
0 0.647656 0.319531 0.017188 0.026562
0 0.662500 0.364844 0.015625 0.020313
0 0.712500 0.500781 0.015625 0.020313
0 0.749219 0.502344 0.020313 0.029687
0 0.783594 0.504687 0.020313 0.025000
0 0.797656 0.501563 0.014063 0.025000
0 0.820312 0.510156 0.015625 0.029687
0 0.859375 0.532031 0.015625 0.020313
0 0.861719 0.563281 0.017188 0.010937
0 0.866406 0.581250 0.023438 0.015625
0 0.879687 0.617188 0.018750 0.015625
0 0.852344 0.633594 0.029687 0.014063
0 0.502344 0.508594 0.026562 0.014063
0 0.555469 0.626563 0.017188 0.021875
0 0.066406 0.864062 0.023438 0.021875
0 0.050781 0.881250 0.026562 0.015625
0 0.139844 0.807031 0.023438 0.010937
0 0.206250 0.835156 0.025000 0.014063
0 0.452344 0.915625 0.017188 0.021875
0 0.501563 0.928906 0.018750 0.023438
0 0.378906 0.986719 0.020313 0.020313
0 0.616406 0.989844 0.020313 0.020313
0 0.785937 0.614844 0.031250 0.017188
0 0.579688 0.771875 0.021875 0.012500
