0 0.058594 0.651563 0.020313 0.025000
0 0.315625 0.300000 0.021875 0.015625
0 0.562500 0.687500 0.015625 0.015625
0 0.589063 0.726562 0.028125 0.018750
0 0.379688 0.878906 0.025000 0.017188
0 0.459375 0.840625 0.034375 0.021875
0 0.502344 0.847656 0.029687 0.017188
0 0.036719 0.990625 0.029687 0.015625
0 0.750000 0.782031 0.028125 0.014063
0 0.917188 0.729688 0.025000 0.018750
0 0.895312 0.952344 0.018750 0.020313
0 0.908594 0.954688 0.017188 0.018750
0 0.924219 0.953125 0.020313 0.025000
0 0.926562 0.931250 0.018750 0.021875
0 0.942187 0.934375 0.015625 0.021875
0 0.967969 0.883594 0.020313 0.026562
0 0.991406 0.884375 0.017188 0.025000
0 0.758594 0.328906 0.017188 0.020313
0 0.737500 0.328906 0.012500 0.020313
0 0.722656 0.328906 0.014063 0.017188
0 0.710938 0.331250 0.012500 0.018750
0 0.702344 0.332031 0.014063 0.020313
0 0.684375 0.343750 0.012500 0.018750
0 0.681250 0.369531 0.012500 0.014063
0 0.677344 0.389844 0.014063 0.014063
0 0.678125 0.411719 0.012500 0.014063
0 0.775781 0.326562 0.017188 0.018750
0 0.789062 0.324219 0.012500 0.020313
0 0.803125 0.325781 0.012500 0.020313
0 0.814063 0.325781 0.009375 0.023438
0 0.823438 0.326562 0.012500 0.018750
0 0.835156 0.328906 0.010937 0.023438
0 0.975781 0.350781 0.010937 0.014063
0 0.955469 0.352344 0.014063 0.023438
0 0.938281 0.354687 0.014063 0.021875
0 0.925781 0.353906 0.014063 0.023438
0 0.913281 0.353906 0.010937 0.023438
0 0.901563 0.352344 0.012500 0.023438
0 0.931250 0.400781 0.015625 0.023438
0 0.942187 0.401562 0.009375 0.018750
0 0.952344 0.403125 0.010937 0.018750
0 0.960938 0.402344 0.009375 0.023438
0 0.972656 0.403906 0.007812 0.023438
0 0.744531 0.365625 0.023438 0.009375
0 0.810937 0.457813 0.015625 0.018750
0 0.786719 0.454688 0.017188 0.018750
0 0.745313 0.456250 0.012500 0.018750
0 0.897656 0.440625 0.020313 0.012500
0 0.892188 0.461719 0.018750 0.010937
0 0.893750 0.469531 0.018750 0.014063
0 0.892969 0.481250 0.020313 0.012500
0 0.862500 0.462500 0.025000 0.012500
0 0.860938 0.474219 0.021875 0.010937
0 0.857031 0.500781 0.020313 0.010937
0 0.850000 0.516406 0.018750 0.010937
0 0.850000 0.548438 0.018750 0.009375
0 0.839844 0.589844 0.023438 0.014063
0 0.794531 0.489844 0.010937 0.017188
0 0.782031 0.490625 0.010937 0.018750
0 0.760156 0.496875 0.010937 0.018750
0 0.742188 0.500000 0.012500 0.015625
0 0.731250 0.500000 0.009375 0.015625
0 0.723437 0.484375 0.012500 0.018750
0 0.709375 0.484375 0.009375 0.015625
0 0.719531 0.500781 0.010937 0.017188
0 0.685937 0.517969 0.015625 0.029687
0 0.709375 0.531250 0.009375 0.018750
0 0.721875 0.528906 0.012500 0.017188
0 0.736719 0.531250 0.014063 0.015625
0 0.757812 0.533594 0.015625 0.020313
0 0.768750 0.533594 0.012500 0.020313
0 0.778125 0.534375 0.012500 0.021875
0 0.789062 0.538281 0.009375 0.017188
0 0.800000 0.538281 0.009375 0.020313
0 0.810937 0.539844 0.009375 0.017188
0 0.680469 0.559375 0.026562 0.009375
0 0.682813 0.568750 0.021875 0.009375
0 0.681250 0.577344 0.021875 0.010937
0 0.681250 0.591406 0.021875 0.010937
0 0.682813 0.600781 0.021875 0.007812
0 0.678906 0.616406 0.023438 0.010937
0 0.678125 0.629687 0.018750 0.009375
0 0.678906 0.639062 0.023438 0.012500
0 0.715625 0.574219 0.009375 0.017188
0 0.725781 0.574219 0.007812 0.017188
0 0.735156 0.575000 0.007812 0.015625
0 0.746094 0.574219 0.007812 0.017188
0 0.757812 0.575000 0.009375 0.018750
0 0.767188 0.575781 0.009375 0.017188
0 0.782813 0.586719 0.018750 0.014063
0 0.787500 0.599219 0.018750 0.010937
0 0.786719 0.607812 0.017188 0.012500
0 0.801562 0.614062 0.015625 0.018750
0 0.786719 0.650000 0.014063 0.015625
0 0.773438 0.649219 0.009375 0.017188
0 0.764062 0.649219 0.012500 0.017188
0 0.752344 0.650781 0.007812 0.017188
0 0.742188 0.650781 0.009375 0.017188
0 0.731250 0.650781 0.009375 0.020313
0 0.678906 0.661719 0.023438 0.010937
0 0.675000 0.676562 0.025000 0.012500
0 0.677344 0.697656 0.020313 0.010937
0 0.686719 0.708594 0.010937 0.014063
0 0.703125 0.707812 0.009375 0.012500
0 0.739062 0.706250 0.009375 0.018750
0 0.751563 0.707812 0.015625 0.025000
0 0.761719 0.702344 0.010937 0.023438
0 0.774219 0.701562 0.010937 0.018750
0 0.782813 0.703125 0.012500 0.025000
0 0.793750 0.697656 0.009375 0.020313
0 0.802344 0.698438 0.010937 0.018750
0 0.810937 0.702344 0.015625 0.023438
0 0.825000 0.702344 0.012500 0.023438
0 0.838281 0.609375 0.020313 0.009375
0 0.836719 0.625000 0.017188 0.006250
0 0.835156 0.633594 0.020313 0.010937
0 0.835938 0.646875 0.025000 0.015625
0 0.833594 0.658594 0.020313 0.007812
0 0.832031 0.666406 0.023438 0.010937
0 0.876563 0.651563 0.025000 0.021875
0 0.877344 0.640625 0.020313 0.015625
