0 0.123438 0.696094 0.028125 0.023438
0 0.709375 0.738281 0.028125 0.007812
0 0.871094 0.783594 0.029687 0.020313
0 0.939844 0.751563 0.035937 0.018750
0 0.018750 0.900000 0.025000 0.015625
0 0.396875 0.782031 0.012500 0.020313
0 0.411719 0.782031 0.014063 0.020313
0 0.422656 0.782813 0.014063 0.021875
0 0.436719 0.785156 0.014063 0.023438
0 0.450781 0.785937 0.010937 0.021875
0 0.463281 0.786719 0.014063 0.017188
0 0.476562 0.787500 0.012500 0.015625
0 0.487500 0.790625 0.015625 0.015625
0 0.496875 0.792188 0.012500 0.021875
0 0.525000 0.789062 0.021875 0.018750
0 0.514062 0.805469 0.021875 0.010937
0 0.588281 0.847656 0.026562 0.010937
0 0.343750 0.792188 0.031250 0.012500
0 0.340625 0.810937 0.031250 0.012500
0 0.342187 0.821875 0.031250 0.009375
0 0.341406 0.831250 0.026562 0.006250
0 0.344531 0.838281 0.029687 0.010937
0 0.344531 0.849219 0.026562 0.007812
0 0.342187 0.856250 0.025000 0.012500
0 0.342969 0.866406 0.023438 0.007812
0 0.344531 0.885938 0.026562 0.012500
0 0.378125 0.836719 0.012500 0.020313
0 0.391406 0.835156 0.014063 0.017188
0 0.405469 0.835938 0.014063 0.018750
0 0.421094 0.837500 0.014063 0.018750
0 0.432031 0.841406 0.014063 0.020313
0 0.446875 0.810156 0.021875 0.010937
0 0.447656 0.822656 0.026562 0.007812
0 0.443750 0.876563 0.012500 0.021875
0 0.456250 0.878125 0.012500 0.018750
0 0.467969 0.879687 0.014063 0.018750
0 0.480469 0.879687 0.014063 0.018750
0 0.457031 0.892969 0.010937 0.010937
0 0.469531 0.890625 0.020313 0.012500
0 0.342969 0.942969 0.026562 0.010937
0 0.341406 0.952344 0.023438 0.010937
