0 0.306250 0.125781 0.025000 0.017188
0 0.305469 0.105469 0.023438 0.014063
0 0.301563 0.092969 0.021875 0.010937
0 0.261719 0.182812 0.026562 0.021875
0 0.261719 0.200781 0.026562 0.014063
0 0.193750 0.777344 0.034375 0.020313
0 0.939844 0.696875 0.014063 0.025000
0 0.794531 0.702344 0.026562 0.020313
0 0.794531 0.716406 0.029687 0.017188
0 0.796875 0.725781 0.021875 0.017188
0 0.841406 0.759375 0.017188 0.021875
0 0.865625 0.739844 0.015625 0.020313
0 0.889062 0.739844 0.015625 0.023438
0 0.902344 0.739062 0.014063 0.021875
0 0.916406 0.740625 0.014063 0.021875
0 0.793750 0.746094 0.025000 0.020313
0 0.865625 0.760156 0.012500 0.020313
0 0.853125 0.810937 0.012500 0.021875
0 0.877344 0.811719 0.014063 0.023438
0 0.891406 0.810937 0.014063 0.021875
0 0.917188 0.810156 0.018750 0.023438
0 0.552344 0.803906 0.026562 0.014063
