0 0.117188 0.127344 0.028125 0.020313
0 0.089063 0.286719 0.034375 0.020313
0 0.137500 0.380469 0.021875 0.026562
0 0.090625 0.509375 0.025000 0.021875
0 0.200000 0.543750 0.018750 0.031250
0 0.730469 0.740625 0.023438 0.015625
0 0.784375 0.784375 0.028125 0.028125
0 0.625000 0.700000 0.034375 0.021875
0 0.302344 0.950000 0.020313 0.025000
0 0.994531 0.735938 0.010937 0.015625
0 0.992969 0.767188 0.014063 0.018750
0 0.992188 0.786719 0.015625 0.020313
0 0.991406 0.813281 0.017188 0.023438
0 0.996094 0.945312 0.007812 0.025000
0 0.989062 0.994531 0.021875 0.010937
