0 0.745313 0.024219 0.021875 0.029687
0 0.889844 0.084375 0.014063 0.021875
0 0.905469 0.082812 0.014063 0.021875
0 0.947656 0.078906 0.014063 0.023438
0 0.963281 0.074219 0.014063 0.023438
0 0.746875 0.087500 0.012500 0.021875
0 0.783594 0.164844 0.020313 0.023438
0 0.885156 0.547656 0.017188 0.017188
0 0.657813 0.050000 0.021875 0.021875
0 0.664062 0.012500 0.025000 0.015625
0 0.603906 0.014844 0.023438 0.010937
0 0.557031 0.019531 0.029687 0.010937
0 0.539062 0.008594 0.031250 0.010937
0 0.514844 0.026562 0.026562 0.012500
0 0.429688 0.003125 0.031250 0.003125
0 0.617188 0.130469 0.025000 0.014063
0 0.353125 0.189062 0.028125 0.043750
0 0.325781 0.188281 0.029687 0.045312
0 0.570312 0.402344 0.015625 0.023438
0 0.537500 0.445312 0.015625 0.021875
0 0.446875 0.750781 0.018750 0.020313
0 0.406250 0.792969 0.012500 0.020313
0 0.392969 0.790625 0.010937 0.018750
0 0.366406 0.790625 0.017188 0.021875
0 0.146094 0.468750 0.023438 0.009375
