0 0.129808 0.088942 0.028846 0.024038
0 0.161058 0.092548 0.024038 0.021635
0 0.182692 0.092548 0.019231 0.021635
0 0.204327 0.092548 0.024038 0.021635
0 0.227163 0.092548 0.021635 0.021635
0 0.250000 0.093750 0.024038 0.024038
0 0.495192 0.268029 0.028846 0.026442
0 0.483173 0.086538 0.024038 0.019231
0 0.596154 0.240385 0.024038 0.019231
0 0.635817 0.033654 0.021635 0.024038
0 0.635817 0.092548 0.021635 0.026442
0 0.635817 0.123798 0.021635 0.021635
0 0.633413 0.162260 0.021635 0.026442
0 0.631010 0.191106 0.021635 0.021635
0 0.667067 0.175481 0.021635 0.024038
0 0.703125 0.367788 0.026442 0.014423
0 0.700721 0.381010 0.031250 0.012019
0 0.701923 0.397837 0.028846 0.012019
0 0.700721 0.411058 0.031250 0.014423
0 0.699519 0.424279 0.033654 0.012019
0 0.699519 0.437500 0.033654 0.014423
0 0.699519 0.450721 0.033654 0.012019
0 0.699519 0.463942 0.033654 0.014423
0 0.694712 0.478365 0.033654 0.014423
0 0.692308 0.493990 0.028846 0.016827
0 0.695913 0.508413 0.031250 0.012019
0 0.692308 0.520433 0.028846 0.012019
0 0.692308 0.532452 0.028846 0.012019
0 0.693510 0.549279 0.036058 0.012019
0 0.826923 0.069712 0.028846 0.014423
0 0.825721 0.082933 0.031250 0.012019
0 0.825721 0.094952 0.031250 0.012019
0 0.826923 0.108173 0.033654 0.014423
0 0.818510 0.140625 0.031250 0.012019
0 0.818510 0.152644 0.031250 0.012019
0 0.818510 0.165865 0.031250 0.014423
0 0.813702 0.225962 0.040865 0.014423
0 0.813702 0.248798 0.036058 0.012019
0 0.811298 0.271635 0.040865 0.014423
0 0.478365 0.734375 0.033654 0.012019
0 0.480769 0.750000 0.033654 0.009615
0 0.479567 0.763221 0.036058 0.012019
0 0.118990 0.937500 0.021635 0.024038
0 0.152644 0.936298 0.021635 0.021635
0 0.175481 0.938702 0.019231 0.021635
0 0.194712 0.938702 0.019231 0.021635
0 0.213942 0.938702 0.019231 0.021635
0 0.258413 0.941106 0.021635 0.021635
0 0.293269 0.941106 0.014423 0.021635
0 0.308894 0.941106 0.016827 0.021635
0 0.340144 0.945913 0.016827 0.021635
0 0.358173 0.947115 0.019231 0.024038
0 0.657452 0.941106 0.026442 0.026442
0 0.674279 0.969952 0.021635 0.021635
0 0.753606 0.788462 0.021635 0.024038
0 0.818510 0.694712 0.021635 0.024038
0 0.878606 0.739183 0.021635 0.021635
