0 0.353125 0.009375 0.018750 0.015625
0 0.371875 0.010156 0.018750 0.017188
0 0.387500 0.009375 0.015625 0.015625
0 0.356250 0.053125 0.018750 0.025000
0 0.298438 0.042969 0.021875 0.010937
0 0.473438 0.143750 0.025000 0.021875
0 0.506250 0.159375 0.018750 0.015625
0 0.515625 0.165625 0.021875 0.025000
0 0.205469 0.134375 0.020313 0.025000
0 0.218750 0.136719 0.015625 0.023438
0 0.232813 0.142969 0.028125 0.020313
0 0.267969 0.158594 0.017188 0.017188
0 0.603125 0.328125 0.031250 0.025000
0 0.587500 0.353125 0.025000 0.021875
0 0.790625 0.290625 0.034375 0.015625
0 0.715625 0.256250 0.034375 0.018750
0 0.598437 0.428125 0.025000 0.025000
0 0.581250 0.446875 0.018750 0.009375
0 0.456250 0.443750 0.025000 0.015625
0 0.362500 0.411719 0.018750 0.026562
0 0.332813 0.409375 0.015625 0.021875
0 0.318750 0.411719 0.012500 0.023438
0 0.267969 0.399219 0.010937 0.020313
0 0.228125 0.471875 0.018750 0.021875
0 0.212500 0.475000 0.021875 0.021875
0 0.037500 0.395313 0.021875 0.025000
0 0.353125 0.481250 0.018750 0.018750
0 0.367969 0.489844 0.020313 0.020313
0 0.443750 0.492188 0.025000 0.025000
0 0.517969 0.487500 0.026562 0.025000
0 0.456250 0.670312 0.021875 0.025000
0 0.439844 0.673438 0.014063 0.025000
0 0.364844 0.703125 0.020313 0.025000
0 0.331250 0.717969 0.021875 0.020313
0 0.318750 0.720313 0.018750 0.021875
0 0.224219 0.750000 0.026562 0.025000
0 0.146094 0.756250 0.020313 0.025000
0 0.131250 0.756250 0.021875 0.018750
0 0.075000 0.800000 0.031250 0.018750
0 0.032813 0.805469 0.031250 0.014063
0 0.328125 0.881250 0.015625 0.028125
0 0.371875 0.890625 0.018750 0.025000
0 0.453125 0.909375 0.015625 0.025000
0 0.433594 0.918750 0.023438 0.025000
0 0.995313 0.470313 0.009375 0.021875
0 0.918750 0.640625 0.015625 0.021875
0 0.936719 0.631250 0.020313 0.021875
0 0.931250 0.657813 0.018750 0.025000
0 0.970313 0.684375 0.018750 0.025000
0 0.859375 0.661719 0.025000 0.023438
0 0.809375 0.709375 0.034375 0.028125
0 0.762500 0.743750 0.031250 0.012500
0 0.753125 0.787500 0.028125 0.015625
0 0.768750 0.817969 0.037500 0.023438
0 0.896094 0.793750 0.026562 0.025000
0 0.803125 0.877344 0.025000 0.020313
0 0.890625 0.867969 0.015625 0.023438
0 0.903125 0.868750 0.018750 0.025000
0 0.984375 0.835938 0.015625 0.025000
0 0.690625 0.261719 0.021875 0.014063
