0 0.071094 0.192188 0.026562 0.012500
0 0.071875 0.202344 0.028125 0.017188
0 0.163281 0.205469 0.014063 0.014063
0 0.079687 0.311719 0.018750 0.020313
0 0.198437 0.241406 0.018750 0.020313
0 0.217188 0.242969 0.015625 0.014063
0 0.196875 0.260156 0.012500 0.014063
0 0.300781 0.242969 0.014063 0.026562
0 0.130469 0.550000 0.014063 0.018750
0 0.128906 0.585938 0.017188 0.021875
0 0.141406 0.585156 0.014063 0.017188
0 0.173437 0.606250 0.015625 0.018750
0 0.153125 0.605469 0.012500 0.017188
0 0.142187 0.605469 0.009375 0.017188
0 0.130469 0.604688 0.010937 0.015625
0 0.204687 0.641406 0.012500 0.017188
0 0.174219 0.641406 0.014063 0.017188
0 0.153906 0.640625 0.014063 0.021875
0 0.128125 0.659375 0.012500 0.018750
0 0.142969 0.657813 0.010937 0.015625
0 0.175000 0.658594 0.012500 0.014063
0 0.186719 0.658594 0.010937 0.014063
0 0.196094 0.657813 0.010937 0.012500
0 0.228125 0.696875 0.012500 0.015625
0 0.195312 0.696094 0.012500 0.014063
0 0.184375 0.695312 0.012500 0.015625
0 0.172656 0.695312 0.010937 0.018750
0 0.144531 0.695312 0.010937 0.015625
0 0.132031 0.696094 0.010937 0.017188
0 0.153125 0.713281 0.012500 0.017188
0 0.167969 0.713281 0.010937 0.017188
0 0.208594 0.714063 0.017188 0.021875
0 0.145313 0.750781 0.012500 0.014063
0 0.148438 0.876563 0.018750 0.018750
0 0.285156 0.900781 0.014063 0.017188
0 0.536719 0.675000 0.020313 0.018750
