0 0.378125 0.061719 0.015625 0.023438
0 0.012500 0.062500 0.021875 0.040625
0 0.895312 0.238281 0.021875 0.026562
0 0.093750 0.567969 0.015625 0.020313
0 0.057031 0.606250 0.014063 0.018750
0 0.044531 0.605469 0.014063 0.020313
0 0.030469 0.604688 0.014063 0.018750
0 0.018750 0.605469 0.015625 0.020313
0 0.033594 0.625781 0.017188 0.023438
0 0.177344 0.293750 0.014063 0.018750
0 0.682813 0.146094 0.015625 0.017188
0 0.703906 0.142969 0.010937 0.017188
0 0.738281 0.141406 0.010937 0.020313
0 0.727344 0.178906 0.014063 0.017188
0 0.750000 0.177344 0.012500 0.020313
0 0.760938 0.176563 0.012500 0.018750
0 0.771875 0.178125 0.012500 0.021875
0 0.784375 0.174219 0.009375 0.017188
0 0.877344 0.177344 0.020313 0.010937
0 0.882031 0.120313 0.017188 0.009375
0 0.881250 0.131250 0.021875 0.009375
0 0.931250 0.189844 0.021875 0.010937
0 0.875000 0.218750 0.012500 0.015625
