0 0.009375 0.331250 0.015625 0.009375
0 0.008594 0.346875 0.014063 0.015625
0 0.007812 0.359375 0.012500 0.009375
0 0.006250 0.382812 0.009375 0.012500
0 0.085156 0.376563 0.014063 0.021875
0 0.098437 0.381250 0.018750 0.018750
0 0.125781 0.378125 0.014063 0.021875
0 0.138281 0.381250 0.010937 0.021875
0 0.150781 0.386719 0.014063 0.023438
0 0.495312 0.082031 0.021875 0.014063
0 0.492188 0.099219 0.018750 0.010937
0 0.557031 0.080469 0.026562 0.014063
0 0.557031 0.100781 0.020313 0.014063
0 0.585938 0.094531 0.031250 0.014063
0 0.643750 0.068750 0.025000 0.012500
0 0.896094 0.074219 0.023438 0.014063
0 0.893750 0.090625 0.025000 0.012500
0 0.896875 0.102344 0.025000 0.014063
0 0.955469 0.096094 0.023438 0.014063
0 0.982812 0.089063 0.028125 0.015625
0 0.953125 0.114062 0.028125 0.012500
0 0.976562 0.127344 0.025000 0.014063
0 0.978906 0.352344 0.010937 0.023438
0 0.990625 0.351562 0.015625 0.018750
0 0.462500 0.346875 0.025000 0.009375
0 0.460938 0.357812 0.025000 0.009375
0 0.459375 0.367188 0.028125 0.009375
0 0.455469 0.376563 0.026562 0.009375
0 0.447656 0.396875 0.023438 0.009375
0 0.447656 0.407031 0.023438 0.010937
0 0.442188 0.425781 0.021875 0.010937
0 0.439844 0.436719 0.026562 0.010937
0 0.540625 0.342187 0.028125 0.009375
0 0.540625 0.353125 0.028125 0.009375
0 0.535156 0.360938 0.026562 0.009375
0 0.532813 0.369531 0.028125 0.010937
0 0.521875 0.400000 0.028125 0.015625
0 0.518750 0.420312 0.025000 0.012500
0 0.516406 0.432031 0.026562 0.010937
0 0.514062 0.439063 0.028125 0.012500
0 0.454688 0.539062 0.018750 0.018750
0 0.921094 0.684375 0.026562 0.015625
0 0.896094 0.684375 0.020313 0.012500
0 0.892969 0.694531 0.029687 0.014063
0 0.886719 0.711719 0.026562 0.010937
0 0.885938 0.721094 0.025000 0.010937
0 0.888281 0.732031 0.023438 0.010937
0 0.830469 0.721875 0.026562 0.012500
0 0.826562 0.732031 0.028125 0.010937
0 0.828125 0.746875 0.031250 0.015625
0 0.417969 0.661719 0.026562 0.014063
0 0.415625 0.669531 0.025000 0.010937
0 0.414062 0.725000 0.028125 0.012500
0 0.477344 0.675781 0.032813 0.010937
0 0.502344 0.684375 0.029687 0.009375
0 0.501563 0.693750 0.028125 0.009375
0 0.503906 0.705469 0.029687 0.010937
0 0.502344 0.722656 0.029687 0.014063
0 0.475000 0.692969 0.021875 0.010937
0 0.475000 0.702344 0.025000 0.010937
0 0.473438 0.729688 0.031250 0.015625
0 0.704688 0.804688 0.028125 0.015625
0 0.266406 0.742969 0.032813 0.020313
0 0.232813 0.743750 0.025000 0.015625
0 0.204687 0.741406 0.025000 0.017188
0 0.035937 0.729688 0.031250 0.015625
0 0.011719 0.728125 0.020313 0.012500
0 0.029687 0.790625 0.018750 0.028125
0 0.041406 0.796094 0.020313 0.023438
