0 0.642188 0.152344 0.025000 0.017188
0 0.674219 0.212500 0.014063 0.021875
0 0.685156 0.217188 0.014063 0.018750
0 0.901563 0.414844 0.021875 0.014063
0 0.535937 0.539062 0.018750 0.012500
0 0.534375 0.529687 0.021875 0.009375
0 0.535156 0.519531 0.020313 0.014063
0 0.539062 0.509375 0.018750 0.006250
0 0.541406 0.501563 0.023438 0.009375
0 0.546875 0.492969 0.025000 0.014063
0 0.552344 0.482812 0.026562 0.012500
0 0.607812 0.449219 0.018750 0.020313
0 0.615625 0.439844 0.015625 0.017188
0 0.625000 0.438281 0.015625 0.020313
0 0.639844 0.436719 0.020313 0.023438
0 0.650781 0.435156 0.014063 0.017188
0 0.662500 0.433594 0.015625 0.020313
0 0.674219 0.433594 0.010937 0.020313
0 0.686719 0.435156 0.014063 0.017188
0 0.700000 0.439844 0.009375 0.017188
0 0.710938 0.440625 0.012500 0.015625
0 0.721875 0.446094 0.012500 0.020313
0 0.732031 0.454688 0.017188 0.015625
0 0.739062 0.460938 0.021875 0.015625
0 0.742188 0.472656 0.021875 0.010937
0 0.743750 0.482031 0.025000 0.010937
0 0.742969 0.492969 0.026562 0.010937
0 0.739844 0.500781 0.023438 0.010937
0 0.739844 0.511719 0.023438 0.010937
0 0.733594 0.516406 0.020313 0.007812
0 0.728125 0.526563 0.021875 0.009375
0 0.715625 0.540625 0.025000 0.012500
0 0.704688 0.546875 0.021875 0.015625
0 0.687500 0.559375 0.025000 0.015625
0 0.667188 0.566406 0.028125 0.020313
0 0.598437 0.515625 0.025000 0.015625
0 0.599219 0.504687 0.017188 0.021875
0 0.606250 0.496875 0.015625 0.018750
0 0.612500 0.489844 0.015625 0.020313
0 0.621875 0.487500 0.012500 0.015625
0 0.631250 0.482812 0.015625 0.018750
0 0.642188 0.478906 0.009375 0.017188
0 0.653906 0.477344 0.010937 0.017188
0 0.665625 0.477344 0.015625 0.017188
0 0.684375 0.500000 0.018750 0.015625
0 0.678125 0.507031 0.015625 0.017188
0 0.671875 0.514062 0.015625 0.015625
0 0.664844 0.517969 0.017188 0.017188
0 0.656250 0.524219 0.012500 0.017188
0 0.649219 0.531250 0.010937 0.015625
0 0.635938 0.535937 0.009375 0.018750
0 0.628125 0.535156 0.009375 0.014063
0 0.614062 0.537500 0.012500 0.015625
0 0.763281 0.770312 0.023438 0.012500
0 0.644531 0.807031 0.010937 0.020313
0 0.623437 0.808594 0.015625 0.017188
0 0.691406 0.814063 0.020313 0.015625
0 0.653906 0.849219 0.014063 0.017188
0 0.222656 0.562500 0.017188 0.021875
