0 0.959135 0.774038 0.019231 0.033654
0 0.889423 0.480769 0.038462 0.024038
0 0.866587 0.600962 0.036058 0.019231
0 0.902644 0.600962 0.045673 0.019231
0 0.308894 0.718750 0.040865 0.024038
0 0.444712 0.808894 0.028846 0.021635
0 0.436298 0.778846 0.026442 0.024038
0 0.459135 0.889423 0.028846 0.024038
0 0.219952 0.787260 0.031250 0.021635
0 0.276442 0.734375 0.028846 0.021635
0 0.193510 0.830529 0.031250 0.026442
0 0.163462 0.929087 0.038462 0.031250
0 0.370192 0.953125 0.028846 0.021635
0 0.530048 0.474760 0.026442 0.021635
0 0.489183 0.506010 0.026442 0.021635
0 0.466346 0.515625 0.024038 0.021635
0 0.224760 0.436298 0.026442 0.021635
0 0.081731 0.269231 0.033654 0.019231
0 0.063702 0.256010 0.040865 0.021635
0 0.021635 0.177885 0.033654 0.024038
0 0.058894 0.224760 0.031250 0.021635
0 0.441106 0.036058 0.026442 0.028846
0 0.388221 0.010817 0.021635 0.016827
0 0.793269 0.990385 0.038462 0.019231
