0 0.337500 0.877344 0.025000 0.014063
0 0.340625 0.890625 0.025000 0.015625
0 0.339844 0.901563 0.023438 0.009375
0 0.339844 0.917969 0.023438 0.014063
0 0.340625 0.931250 0.021875 0.015625
0 0.381250 0.933594 0.018750 0.020313
0 0.405469 0.915625 0.017188 0.018750
0 0.475000 0.871875 0.012500 0.025000
0 0.430469 0.915625 0.017188 0.021875
0 0.440625 0.915625 0.009375 0.021875
0 0.455469 0.918750 0.014063 0.025000
0 0.407813 0.932813 0.015625 0.021875
0 0.395313 0.985938 0.021875 0.018750
0 0.415625 0.981250 0.018750 0.021875
0 0.431250 0.981250 0.015625 0.021875
0 0.453125 0.984375 0.015625 0.015625
