0 0.280469 0.013281 0.017188 0.020313
0 0.264062 0.008594 0.012500 0.014063
0 0.250000 0.008594 0.015625 0.014063
0 0.212500 0.010937 0.015625 0.018750
0 0.219531 0.059375 0.017188 0.018750
0 0.235937 0.060937 0.015625 0.021875
0 0.261719 0.063281 0.017188 0.023438
0 0.275000 0.058594 0.015625 0.020313
0 0.310937 0.060156 0.015625 0.023438
0 0.328906 0.063281 0.020313 0.023438
0 0.031250 0.407031 0.015625 0.026562
0 0.101562 0.427344 0.034375 0.014063
0 0.104688 0.512500 0.028125 0.015625
0 0.678906 0.262500 0.029687 0.015625
0 0.706250 0.295312 0.028125 0.018750
0 0.739844 0.296875 0.029687 0.015625
0 0.704688 0.652344 0.028125 0.014063
0 0.700000 0.664844 0.031250 0.014063
0 0.702344 0.676562 0.032813 0.015625
0 0.700000 0.694531 0.025000 0.010937
0 0.696875 0.714844 0.025000 0.010937
0 0.697656 0.729688 0.029687 0.012500
0 0.792969 0.714063 0.014063 0.021875
0 0.807813 0.715625 0.012500 0.021875
0 0.832812 0.716406 0.012500 0.020313
0 0.846094 0.716406 0.010937 0.020313
0 0.860938 0.718750 0.012500 0.021875
