0 0.520312 0.185938 0.025000 0.018750
0 0.350000 0.881250 0.025000 0.021875
0 0.475000 0.958594 0.043750 0.042188
0 0.906250 0.881250 0.015625 0.021875
0 0.892188 0.881250 0.015625 0.025000
0 0.878125 0.878125 0.012500 0.021875
0 0.862500 0.878125 0.015625 0.028125
0 0.853125 0.881250 0.018750 0.028125
0 0.840625 0.883594 0.015625 0.026562
0 0.821875 0.886719 0.025000 0.029687
0 0.796094 0.887500 0.020313 0.031250
0 0.781250 0.887500 0.018750 0.028125
0 0.765625 0.890625 0.018750 0.028125
0 0.753125 0.896094 0.021875 0.032813
0 0.743750 0.902344 0.018750 0.026562
0 0.727344 0.939844 0.014063 0.023438
0 0.728125 0.964844 0.015625 0.020313
0 0.728125 0.992188 0.018750 0.015625
0 0.812500 0.937500 0.021875 0.009375
0 0.808594 0.912500 0.020313 0.009375
0 0.880469 0.925000 0.020313 0.009375
0 0.854688 0.925000 0.021875 0.009375
0 0.828125 0.924219 0.025000 0.014063
0 0.882812 0.941406 0.021875 0.014063
0 0.727344 0.904687 0.017188 0.025000
0 0.992969 0.917969 0.014063 0.017188
0 0.903906 0.925000 0.026562 0.012500
0 0.901563 0.942187 0.018750 0.018750
