0 0.116587 0.305288 0.016827 0.019231
0 0.134615 0.306490 0.019231 0.021635
0 0.247596 0.313702 0.019231 0.021635
0 0.281250 0.314904 0.019231 0.024038
0 0.659856 0.331731 0.016827 0.024038
0 0.694712 0.335337 0.019231 0.021635
0 0.447115 0.401442 0.028846 0.014423
0 0.444712 0.445913 0.028846 0.012019
0 0.444712 0.463942 0.028846 0.014423
0 0.560096 0.408654 0.028846 0.014423
0 0.531250 0.417067 0.028846 0.012019
0 0.266827 0.772837 0.019231 0.021635
0 0.186298 0.899038 0.026442 0.014423
0 0.182692 0.912260 0.024038 0.012019
0 0.163462 0.955529 0.024038 0.012019
0 0.159856 0.966346 0.026442 0.014423
0 0.251202 0.962740 0.026442 0.012019
0 0.243990 0.974760 0.031250 0.016827
0 0.268029 0.990385 0.026442 0.014423
