0 0.506250 0.096875 0.021875 0.021875
0 0.671875 0.129688 0.009375 0.021875
0 0.680469 0.127344 0.010937 0.017188
0 0.690625 0.129688 0.012500 0.018750
0 0.096875 0.017188 0.015625 0.018750
0 0.071875 0.014844 0.009375 0.017188
0 0.058594 0.012500 0.010937 0.018750
0 0.046094 0.015625 0.010937 0.018750
0 0.075000 0.059375 0.018750 0.021875
0 0.096875 0.056250 0.015625 0.018750
0 0.131250 0.058594 0.018750 0.023438
0 0.121875 0.078125 0.015625 0.018750
0 0.109375 0.076563 0.009375 0.018750
0 0.096875 0.078125 0.012500 0.015625
0 0.062500 0.076563 0.015625 0.018750
0 0.046875 0.077344 0.021875 0.020313
0 0.158594 0.121875 0.017188 0.025000
0 0.123438 0.120313 0.012500 0.018750
0 0.134375 0.140625 0.015625 0.021875
0 0.111719 0.120313 0.010937 0.015625
0 0.099219 0.121094 0.014063 0.020313
0 0.050000 0.123438 0.015625 0.021875
0 0.053125 0.145313 0.018750 0.018750
0 0.073438 0.140625 0.012500 0.018750
0 0.081250 0.140625 0.015625 0.015625
0 0.090625 0.140625 0.009375 0.021875
0 0.064844 0.184375 0.014063 0.021875
0 0.065625 0.328125 0.012500 0.021875
