0 0.210938 0.722656 0.028125 0.010937
0 0.250781 0.757031 0.026562 0.010937
0 0.525781 0.734375 0.026562 0.012500
0 0.647656 0.752344 0.029687 0.014063
0 0.728906 0.772656 0.032813 0.017188
0 0.815625 0.775000 0.028125 0.012500
0 0.898438 0.821094 0.015625 0.020313
0 0.886719 0.819531 0.014063 0.020313
0 0.871875 0.818750 0.015625 0.018750
0 0.857031 0.816406 0.014063 0.020313
0 0.900781 0.902344 0.026562 0.026562
0 0.911719 0.944531 0.017188 0.020313
0 0.891406 0.940625 0.017188 0.018750
0 0.975781 0.948438 0.023438 0.018750
0 0.828906 0.921094 0.029687 0.014063
0 0.771875 0.932813 0.025000 0.015625
0 0.325781 0.834375 0.029687 0.015625
0 0.253906 0.825781 0.026562 0.010937
0 0.257812 0.839844 0.025000 0.010937
0 0.235156 0.865625 0.017188 0.025000
0 0.182812 0.864844 0.015625 0.023438
0 0.142187 0.860156 0.018750 0.020313
0 0.101562 0.856250 0.018750 0.021875
0 0.022656 0.853906 0.017188 0.020313
