0 0.006250 0.034375 0.009375 0.012500
0 0.065625 0.007031 0.025000 0.010937
0 0.078125 0.037500 0.025000 0.012500
0 0.017969 0.064844 0.026562 0.014063
0 0.520312 0.381250 0.021875 0.012500
0 0.539844 0.405469 0.020313 0.010937
0 0.542969 0.415625 0.023438 0.009375
0 0.543750 0.424219 0.025000 0.007812
0 0.555469 0.439844 0.020313 0.010937
0 0.581250 0.450000 0.021875 0.012500
0 0.565625 0.462500 0.025000 0.009375
0 0.571875 0.474219 0.021875 0.010937
0 0.593750 0.465625 0.025000 0.009375
0 0.481250 0.481250 0.021875 0.009375
0 0.505469 0.489063 0.023438 0.012500
0 0.508594 0.532813 0.020313 0.012500
0 0.511719 0.542188 0.023438 0.009375
0 0.534375 0.593750 0.021875 0.012500
0 0.596875 0.521094 0.021875 0.007812
0 0.596094 0.512500 0.029687 0.012500
0 0.602344 0.531250 0.020313 0.009375
0 0.610938 0.543750 0.018750 0.009375
0 0.615625 0.554688 0.028125 0.015625
0 0.756250 0.831250 0.015625 0.015625
0 0.781250 0.884375 0.015625 0.021875
0 0.785937 0.796875 0.021875 0.009375
0 0.792969 0.805469 0.023438 0.010937
0 0.798438 0.815625 0.021875 0.009375
0 0.975000 0.732812 0.018750 0.025000
0 0.769531 0.860156 0.026562 0.029687
