0 0.864183 0.846154 0.031250 0.019231
0 0.848558 0.854567 0.028846 0.021635
0 0.818510 0.865385 0.031250 0.024038
0 0.754808 0.933894 0.033654 0.021635
0 0.640625 0.981971 0.040865 0.036058
0 0.611779 0.986779 0.036058 0.026442
0 0.085337 0.747596 0.031250 0.024038
0 0.085337 0.729567 0.031250 0.021635
0 0.176683 0.668269 0.026442 0.024038
0 0.198317 0.645433 0.040865 0.026442
0 0.316106 0.616587 0.031250 0.021635
0 0.469952 0.600962 0.031250 0.028846
0 0.435096 0.637019 0.024038 0.024038
0 0.425481 0.512019 0.028846 0.024038
0 0.442308 0.502404 0.024038 0.019231
0 0.429087 0.479567 0.026442 0.021635
0 0.474760 0.397837 0.036058 0.026442
0 0.631010 0.491587 0.040865 0.026442
0 0.873798 0.114183 0.021635 0.026442
0 0.854567 0.121394 0.021635 0.021635
0 0.818510 0.146635 0.026442 0.028846
0 0.762019 0.173077 0.024038 0.028846
0 0.741587 0.216346 0.026442 0.024038
0 0.756010 0.230769 0.026442 0.024038
0 0.757212 0.253606 0.033654 0.021635
0 0.799279 0.300481 0.031250 0.019231
0 0.801683 0.316106 0.026442 0.016827
0 0.819712 0.325721 0.028846 0.021635
0 0.490385 0.038462 0.028846 0.014423
0 0.491587 0.054087 0.031250 0.016827
0 0.491587 0.085337 0.036058 0.016827
0 0.365385 0.021635 0.038462 0.019231
0 0.350962 0.085337 0.038462 0.016827
0 0.343750 0.115385 0.038462 0.014423
0 0.989183 0.129808 0.021635 0.019231
