0 0.771094 0.246875 0.023438 0.025000
0 0.735938 0.250000 0.021875 0.025000
0 0.710938 0.292969 0.018750 0.023438
0 0.762500 0.290625 0.021875 0.028125
0 0.787500 0.292187 0.015625 0.025000
0 0.792969 0.350000 0.020313 0.018750
0 0.773438 0.349219 0.018750 0.020313
0 0.693750 0.512500 0.028125 0.015625
0 0.503125 0.548438 0.034375 0.018750
0 0.679688 0.662500 0.031250 0.021875
0 0.250000 0.573438 0.037500 0.012500
0 0.379688 0.552344 0.031250 0.017188
0 0.334375 0.689063 0.034375 0.018750
0 0.037500 0.584375 0.034375 0.018750
0 0.010156 0.721094 0.017188 0.010937
0 0.804688 0.307031 0.018750 0.020313
0 0.050000 0.218750 0.025000 0.015625
0 0.149219 0.156250 0.026562 0.021875
