0 0.070913 0.480769 0.031250 0.038462
0 0.180288 0.486779 0.043269 0.026442
0 0.288462 0.574519 0.028846 0.038462
0 0.192308 0.306490 0.028846 0.031250
0 0.257212 0.257212 0.043269 0.019231
0 0.116587 0.194712 0.040865 0.019231
0 0.131010 0.177885 0.040865 0.019231
0 0.288462 0.144231 0.038462 0.024038
0 0.264423 0.193510 0.038462 0.016827
0 0.263221 0.175481 0.040865 0.024038
0 0.187500 0.082933 0.038462 0.021635
0 0.286058 0.037260 0.038462 0.031250
0 0.397837 0.042067 0.031250 0.021635
0 0.775240 0.131010 0.040865 0.021635
0 0.763221 0.146635 0.040865 0.024038
0 0.719952 0.225962 0.031250 0.024038
0 0.734375 0.240385 0.031250 0.024038
0 0.794471 0.331731 0.040865 0.024038
0 0.282452 0.008413 0.040865 0.012019
0 0.334135 0.466346 0.028846 0.024038
0 0.415865 0.018029 0.028846 0.016827
