0 0.671875 0.142969 0.018750 0.026562
0 0.821875 0.058594 0.012500 0.023438
0 0.833594 0.117969 0.014063 0.020313
0 0.846094 0.118750 0.010937 0.025000
0 0.846875 0.218750 0.015625 0.025000
0 0.964063 0.156250 0.012500 0.021875
0 0.918750 0.215625 0.012500 0.021875
0 0.932813 0.212500 0.012500 0.021875
0 0.931250 0.232813 0.012500 0.018750
0 0.146094 0.511719 0.017188 0.023438
0 0.325000 0.812500 0.015625 0.025000
0 0.006250 0.834375 0.009375 0.015625
0 0.034375 0.825000 0.018750 0.018750
0 0.043750 0.804688 0.015625 0.018750
0 0.062500 0.796875 0.018750 0.021875
0 0.103125 0.784375 0.018750 0.021875
0 0.153125 0.768750 0.015625 0.025000
0 0.032813 0.874219 0.015625 0.017188
0 0.071094 0.846875 0.023438 0.009375
0 0.089063 0.853125 0.021875 0.009375
0 0.843750 0.675000 0.025000 0.018750
0 0.903125 0.781250 0.021875 0.015625
0 0.975000 0.776563 0.025000 0.015625
0 0.184375 0.814063 0.021875 0.025000
0 0.240625 0.787500 0.025000 0.021875
