0 0.502344 0.656250 0.014063 0.021875
0 0.479687 0.654687 0.015625 0.018750
0 0.012500 0.092188 0.012500 0.018750
0 0.025000 0.332813 0.015625 0.018750
0 0.259375 0.337500 0.025000 0.012500
0 0.262500 0.353125 0.018750 0.009375
0 0.259375 0.367969 0.025000 0.010937
0 0.262500 0.412500 0.025000 0.015625
0 0.283594 0.425000 0.014063 0.021875
0 0.309375 0.364063 0.012500 0.018750
0 0.321875 0.364844 0.009375 0.017188
0 0.330469 0.365625 0.010937 0.021875
0 0.342969 0.364844 0.010937 0.017188
0 0.353125 0.364063 0.009375 0.015625
0 0.364063 0.365625 0.009375 0.018750
0 0.375000 0.367188 0.009375 0.015625
0 0.381250 0.365625 0.009375 0.015625
0 0.393750 0.365625 0.009375 0.021875
0 0.403125 0.364844 0.009375 0.020313
0 0.321875 0.381250 0.009375 0.015625
0 0.350000 0.381250 0.009375 0.015625
0 0.361719 0.384375 0.010937 0.018750
0 0.387500 0.327344 0.012500 0.017188
0 0.403125 0.328125 0.009375 0.018750
0 0.414844 0.327344 0.010937 0.017188
0 0.680469 0.312500 0.014063 0.021875
0 0.540625 0.273438 0.009375 0.021875
0 0.221875 0.321875 0.025000 0.009375
0 0.621094 0.093750 0.007812 0.018750
0 0.600000 0.109375 0.012500 0.018750
0 0.589063 0.092188 0.012500 0.018750
0 0.578125 0.089063 0.009375 0.021875
0 0.565625 0.090625 0.009375 0.018750
0 0.525000 0.092188 0.015625 0.018750
0 0.527344 0.109375 0.010937 0.015625
0 0.546875 0.109375 0.015625 0.018750
0 0.537500 0.146875 0.012500 0.018750
0 0.158594 0.078125 0.020313 0.009375
0 0.160938 0.089063 0.021875 0.006250
0 0.158594 0.102344 0.020313 0.007812
0 0.159375 0.109375 0.025000 0.009375
0 0.158594 0.118750 0.020313 0.006250
0 0.158594 0.125000 0.020313 0.006250
0 0.158594 0.134375 0.023438 0.006250
0 0.159375 0.142969 0.025000 0.007812
0 0.158594 0.150000 0.020313 0.006250
0 0.158594 0.158594 0.020313 0.004687
0 0.159375 0.167969 0.025000 0.007812
0 0.162500 0.196875 0.021875 0.009375
0 0.158594 0.212500 0.023438 0.009375
0 0.208594 0.205469 0.026562 0.010937
0 0.206250 0.218750 0.021875 0.009375
0 0.203125 0.228125 0.021875 0.006250
0 0.209375 0.190625 0.021875 0.009375
0 0.208594 0.181250 0.020313 0.006250
0 0.567969 0.006250 0.014063 0.009375
0 0.546094 0.005469 0.014063 0.007812
0 0.534375 0.005469 0.009375 0.007812
0 0.525000 0.006250 0.009375 0.009375
0 0.596875 0.039844 0.012500 0.017188
0 0.565625 0.037500 0.009375 0.018750
0 0.546094 0.037500 0.014063 0.018750
0 0.521875 0.058594 0.015625 0.020313
0 0.535937 0.054688 0.009375 0.015625
0 0.567187 0.054688 0.009375 0.015625
0 0.576562 0.054688 0.006250 0.015625
0 0.586719 0.055469 0.010937 0.017188
0 0.928125 0.075000 0.015625 0.018750
