0 0.011719 0.637500 0.020313 0.021875
0 0.231250 0.622656 0.028125 0.014063
0 0.664844 0.646875 0.026562 0.015625
0 0.378125 0.733594 0.021875 0.020313
0 0.024219 0.694531 0.020313 0.017188
0 0.036719 0.692187 0.023438 0.018750
0 0.082031 0.696094 0.017188 0.017188
0 0.098437 0.695312 0.021875 0.018750
0 0.009375 0.711719 0.015625 0.020313
0 0.051562 0.712500 0.021875 0.018750
0 0.096875 0.712500 0.025000 0.018750
0 0.051562 0.754687 0.018750 0.018750
0 0.064844 0.755469 0.020313 0.017188
0 0.082031 0.755469 0.017188 0.014063
0 0.103125 0.755469 0.015625 0.017188
0 0.420312 0.735938 0.018750 0.021875
0 0.431250 0.736719 0.018750 0.023438
0 0.443750 0.738281 0.018750 0.020313
0 0.458594 0.737500 0.020313 0.021875
0 0.471875 0.739062 0.021875 0.021875
0 0.774219 0.768750 0.014063 0.021875
0 0.789844 0.770312 0.014063 0.021875
0 0.872656 0.775781 0.014063 0.023438
0 0.897656 0.775000 0.014063 0.021875
0 0.347656 0.912500 0.026562 0.015625
0 0.382031 0.949219 0.017188 0.017188
