0 0.971094 0.075781 0.014063 0.017188
0 0.957031 0.056250 0.020313 0.028125
0 0.861719 0.053906 0.017188 0.026562
0 0.849219 0.044531 0.010937 0.026562
0 0.803125 0.031250 0.021875 0.025000
0 0.720313 0.064062 0.015625 0.018750
0 0.709375 0.065625 0.021875 0.025000
0 0.587500 0.017188 0.028125 0.021875
0 0.620313 0.075000 0.021875 0.025000
0 0.484375 0.187500 0.018750 0.025000
0 0.512500 0.228125 0.025000 0.018750
0 0.501563 0.258594 0.025000 0.017188
0 0.457813 0.309375 0.031250 0.018750
0 0.292969 0.096094 0.023438 0.023438
0 0.273438 0.105469 0.028125 0.020313
0 0.210156 0.079687 0.023438 0.025000
0 0.164844 0.067187 0.023438 0.025000
0 0.388281 0.212500 0.029687 0.015625
0 0.378906 0.223438 0.023438 0.009375
0 0.384375 0.234375 0.031250 0.018750
0 0.347656 0.283594 0.032813 0.020313
0 0.485156 0.445312 0.026562 0.021875
0 0.345313 0.486719 0.025000 0.014063
0 0.807031 0.334375 0.029687 0.012500
0 0.801562 0.396094 0.031250 0.014063
0 0.792188 0.444531 0.031250 0.014063
0 0.781250 0.432031 0.025000 0.017188
0 0.789844 0.552344 0.035937 0.017188
0 0.937500 0.545312 0.015625 0.021875
0 0.824219 0.592187 0.023438 0.018750
0 0.822656 0.612500 0.023438 0.018750
0 0.939844 0.596094 0.029687 0.020313
0 0.967969 0.598437 0.026562 0.012500
0 0.560937 0.540625 0.025000 0.021875
0 0.548438 0.547656 0.025000 0.026562
0 0.537500 0.560156 0.031250 0.026562
0 0.521875 0.566406 0.021875 0.023438
0 0.478906 0.606250 0.023438 0.015625
0 0.461719 0.609375 0.020313 0.021875
0 0.339844 0.377344 0.029687 0.017188
0 0.062500 0.328125 0.021875 0.025000
0 0.029687 0.332813 0.025000 0.028125
0 0.380469 0.337500 0.023438 0.028125
0 0.086719 0.392969 0.023438 0.014063
0 0.032813 0.475781 0.015625 0.023438
0 0.219531 0.837500 0.026562 0.012500
0 0.160156 0.739844 0.023438 0.014063
0 0.091406 0.744531 0.017188 0.020313
0 0.132812 0.852344 0.025000 0.014063
0 0.747656 0.864844 0.026562 0.017188
0 0.738281 0.885938 0.029687 0.015625
0 0.913281 0.877344 0.035937 0.014063
0 0.858594 0.989062 0.017188 0.021875
0 0.349219 0.980469 0.026562 0.007812
0 0.349219 0.992969 0.023438 0.010937
0 0.256250 0.932031 0.015625 0.023438
0 0.169531 0.904687 0.014063 0.018750
0 0.509375 0.462500 0.025000 0.015625
