0 0.435096 0.078125 0.038462 0.021635
0 0.493990 0.140625 0.021635 0.026442
0 0.776442 0.188702 0.048077 0.021635
0 0.830529 0.191106 0.040865 0.016827
0 0.611779 0.626202 0.036058 0.016827
0 0.606971 0.643029 0.036058 0.016827
0 0.647837 0.632212 0.031250 0.014423
0 0.647837 0.645433 0.031250 0.012019
0 0.651442 0.661058 0.038462 0.019231
0 0.399038 0.858173 0.038462 0.019231
0 0.397837 0.887019 0.031250 0.014423
0 0.400240 0.902644 0.036058 0.016827
0 0.501202 0.894231 0.040865 0.014423
0 0.493990 0.924279 0.036058 0.016827
0 0.545673 0.885817 0.038462 0.016827
0 0.533654 0.948317 0.038462 0.016827
0 0.635817 0.902644 0.050481 0.021635
0 0.637019 0.949519 0.033654 0.019231
