0 0.116406 0.026562 0.023438 0.012500
0 0.221875 0.004687 0.021875 0.006250
0 0.160156 0.128125 0.026562 0.015625
0 0.153906 0.207813 0.032813 0.015625
0 0.070312 0.184375 0.028125 0.015625
0 0.671094 0.364063 0.010937 0.021875
0 0.605469 0.400000 0.026562 0.012500
0 0.342969 0.538281 0.029687 0.014063
0 0.378125 0.553906 0.034375 0.017188
0 0.419531 0.546875 0.035937 0.015625
0 0.214844 0.527344 0.020313 0.023438
0 0.223438 0.545312 0.021875 0.021875
0 0.349219 0.588281 0.020313 0.026562
0 0.101562 0.662500 0.028125 0.018750
0 0.467969 0.728125 0.026562 0.018750
0 0.470313 0.740625 0.028125 0.015625
0 0.543750 0.802344 0.021875 0.020313
0 0.541406 0.832812 0.023438 0.021875
0 0.826562 0.851562 0.031250 0.021875
0 0.098437 0.710156 0.028125 0.023438
