0 0.082933 0.350962 0.031250 0.019231
0 0.080529 0.378606 0.031250 0.012019
0 0.082933 0.395433 0.026442 0.016827
0 0.080529 0.436298 0.026442 0.012019
0 0.078125 0.455529 0.021635 0.012019
0 0.082933 0.467548 0.031250 0.021635
0 0.085337 0.870192 0.021635 0.028846
0 0.774038 0.724760 0.033654 0.016827
0 0.775240 0.740385 0.036058 0.014423
0 0.789663 0.913462 0.021635 0.024038
0 0.914663 0.743990 0.016827 0.026442
0 0.965144 0.800481 0.016827 0.024038
0 0.965144 0.828125 0.016827 0.021635
0 0.993990 0.802885 0.012019 0.028846
