0 0.527344 0.071094 0.026562 0.023438
0 0.518750 0.015625 0.025000 0.018750
0 0.677344 0.081250 0.023438 0.018750
0 0.556250 0.092188 0.021875 0.025000
0 0.574219 0.100000 0.023438 0.025000
0 0.585938 0.109375 0.025000 0.025000
0 0.933594 0.171875 0.020313 0.018750
0 0.928125 0.207813 0.025000 0.015625
0 0.915625 0.228125 0.021875 0.018750
0 0.549219 0.249219 0.023438 0.023438
0 0.565625 0.259375 0.018750 0.021875
0 0.600000 0.271094 0.028125 0.017188
0 0.609375 0.282813 0.028125 0.015625
0 0.610938 0.306250 0.031250 0.018750
0 0.639844 0.436719 0.017188 0.020313
0 0.596875 0.434375 0.018750 0.025000
0 0.562500 0.431250 0.018750 0.025000
0 0.596094 0.456250 0.026562 0.015625
0 0.656250 0.481250 0.015625 0.025000
0 0.668750 0.480469 0.015625 0.023438
0 0.296875 0.437500 0.015625 0.025000
0 0.434375 0.652344 0.025000 0.020313
0 0.453125 0.667969 0.025000 0.017188
0 0.558594 0.712500 0.023438 0.018750
0 0.264844 0.600000 0.032813 0.015625
0 0.665625 0.911719 0.028125 0.023438
0 0.392188 0.884375 0.015625 0.025000
0 0.304688 0.867188 0.015625 0.025000
0 0.250000 0.865625 0.018750 0.021875
0 0.225000 0.862500 0.015625 0.018750
0 0.212500 0.862500 0.012500 0.015625
0 0.160938 0.840625 0.015625 0.025000
0 0.146875 0.836719 0.015625 0.023438
0 0.129688 0.839844 0.015625 0.026562
0 0.085938 0.839063 0.015625 0.025000
0 0.071094 0.836719 0.007812 0.023438
0 0.043750 0.840625 0.015625 0.021875
0 0.062500 0.965625 0.015625 0.028125
0 0.050000 0.965625 0.015625 0.021875
0 0.089844 0.971875 0.014063 0.018750
0 0.178125 0.962500 0.018750 0.025000
0 0.162500 0.971875 0.015625 0.018750
0 0.346875 0.948438 0.015625 0.021875
0 0.331250 0.940625 0.015625 0.025000
0 0.414844 0.970313 0.017188 0.018750
0 0.424219 0.978125 0.017188 0.018750
0 0.450000 0.980469 0.018750 0.020313
0 0.515625 0.990625 0.021875 0.018750
0 0.706250 0.602344 0.021875 0.023438
0 0.013281 0.912500 0.023438 0.015625
0 0.179688 0.476562 0.018750 0.028125
