0 0.055469 0.409375 0.029687 0.021875
0 0.553125 0.630469 0.028125 0.014063
0 0.250000 0.535937 0.018750 0.021875
0 0.199219 0.568750 0.029687 0.018750
0 0.165625 0.580469 0.028125 0.010937
0 0.185938 0.625000 0.021875 0.021875
0 0.192188 0.643750 0.018750 0.021875
0 0.196875 0.662500 0.025000 0.018750
0 0.187500 0.753125 0.018750 0.021875
0 0.162500 0.753125 0.025000 0.025000
0 0.137500 0.759375 0.021875 0.021875
0 0.115625 0.762500 0.021875 0.021875
0 0.083594 0.770312 0.017188 0.025000
0 0.050781 0.697656 0.026562 0.014063
0 0.130469 0.595313 0.017188 0.021875
0 0.106250 0.599219 0.018750 0.017188
0 0.107813 0.556250 0.018750 0.018750
0 0.092188 0.512500 0.018750 0.025000
0 0.059375 0.518750 0.018750 0.021875
0 0.085938 0.556250 0.015625 0.021875
0 0.074219 0.562500 0.017188 0.025000
0 0.052344 0.565625 0.017188 0.021875
0 0.040625 0.568750 0.015625 0.021875
0 0.028125 0.571875 0.018750 0.021875
0 0.025000 0.614844 0.021875 0.023438
0 0.046875 0.612500 0.018750 0.021875
0 0.048438 0.520312 0.015625 0.025000
0 0.034375 0.521875 0.018750 0.018750
0 0.100000 0.903125 0.021875 0.025000
0 0.476562 0.642969 0.021875 0.017188
0 0.010937 0.523438 0.018750 0.021875
