0 0.919531 0.193750 0.017188 0.015625
0 0.895312 0.301563 0.025000 0.009375
0 0.808594 0.325000 0.023438 0.012500
0 0.678125 0.316406 0.031250 0.010937
0 0.536719 0.280469 0.026562 0.017188
0 0.714063 0.479687 0.021875 0.028125
0 0.844531 0.796875 0.017188 0.021875
0 0.773438 0.811719 0.018750 0.020313
0 0.846094 0.840625 0.017188 0.018750
0 0.878125 0.854688 0.018750 0.018750
0 0.829688 0.861719 0.015625 0.020313
0 0.817969 0.865625 0.014063 0.021875
0 0.808594 0.867969 0.014063 0.023438
0 0.797656 0.870313 0.014063 0.021875
0 0.783594 0.873437 0.014063 0.021875
0 0.842187 0.905469 0.015625 0.017188
0 0.822656 0.910156 0.010937 0.017188
0 0.810937 0.914844 0.009375 0.014063
0 0.840625 0.960938 0.025000 0.012500
0 0.869531 0.965625 0.029687 0.012500
0 0.877344 0.973437 0.023438 0.012500
0 0.789844 0.970313 0.026562 0.012500
0 0.796094 0.989844 0.023438 0.010937
0 0.765625 0.975781 0.028125 0.010937
0 0.765625 0.985938 0.028125 0.009375
0 0.638281 0.974219 0.035937 0.017188
