0 0.618750 0.010937 0.021875 0.012500
0 0.535156 0.009375 0.020313 0.015625
0 0.580469 0.108594 0.023438 0.014063
0 0.573438 0.191406 0.025000 0.014063
0 0.487500 0.166406 0.028125 0.010937
0 0.060937 0.011719 0.028125 0.017188
0 0.047656 0.032813 0.029687 0.015625
0 0.935156 0.305469 0.032813 0.014063
0 0.841406 0.534375 0.035937 0.021875
0 0.796875 0.538281 0.037500 0.017188
0 0.764844 0.522656 0.029687 0.014063
0 0.770312 0.573438 0.018750 0.021875
0 0.634375 0.511719 0.015625 0.017188
0 0.642969 0.528906 0.020313 0.017188
0 0.350000 0.571094 0.034375 0.020313
0 0.228125 0.607812 0.025000 0.015625
0 0.520312 0.645312 0.028125 0.018750
0 0.375000 0.739062 0.021875 0.018750
0 0.407031 0.743750 0.023438 0.018750
0 0.963281 0.817187 0.026562 0.025000
0 0.887500 0.714063 0.025000 0.015625
0 0.518750 0.695312 0.021875 0.025000
