0 0.302885 0.377404 0.028846 0.028846
0 0.352163 0.395433 0.031250 0.026442
0 0.368990 0.405048 0.031250 0.021635
0 0.926683 0.256010 0.026442 0.021635
0 0.623798 0.550481 0.040865 0.028846
0 0.733173 0.593750 0.038462 0.024038
0 0.493990 0.644231 0.040865 0.024038
0 0.474760 0.680288 0.040865 0.024038
0 0.441106 0.865385 0.026442 0.043269
0 0.365385 0.872596 0.028846 0.038462
0 0.283654 0.810096 0.043269 0.024038
0 0.147837 0.771635 0.026442 0.033654
0 0.100962 0.765625 0.019231 0.031250
0 0.085337 0.766827 0.021635 0.033654
0 0.150240 0.877404 0.021635 0.024038
0 0.131010 0.862981 0.021635 0.024038
0 0.009615 0.753606 0.014423 0.026442
0 0.062500 0.235577 0.019231 0.028846
0 0.138221 0.245192 0.021635 0.024038
