0 0.242788 0.275240 0.033654 0.012019
0 0.395433 0.213942 0.026442 0.014423
0 0.676683 0.112981 0.021635 0.028846
0 0.939904 0.122596 0.019231 0.024038
0 0.584135 0.460337 0.019231 0.026442
0 0.741587 0.426683 0.021635 0.021635
0 0.799279 0.399038 0.031250 0.024038
0 0.882212 0.403846 0.028846 0.024038
0 0.911058 0.407452 0.028846 0.021635
0 0.943510 0.448317 0.026442 0.016827
0 0.961538 0.538462 0.028846 0.019231
0 0.951923 0.552885 0.038462 0.024038
0 0.906250 0.605769 0.024038 0.024038
0 0.882212 0.634615 0.024038 0.019231
0 0.875000 0.647837 0.024038 0.021635
0 0.866587 0.757212 0.026442 0.014423
0 0.866587 0.769231 0.026442 0.014423
0 0.867788 0.849760 0.028846 0.016827
0 0.860577 0.875000 0.028846 0.009615
0 0.736779 0.899038 0.031250 0.014423
0 0.740385 0.868990 0.033654 0.016827
0 0.756010 0.816106 0.031250 0.016827
0 0.775240 0.693510 0.026442 0.016827
0 0.770433 0.658654 0.021635 0.014423
0 0.757212 0.647837 0.028846 0.016827
0 0.747596 0.584135 0.038462 0.014423
0 0.617788 0.512019 0.033654 0.014423
0 0.772837 0.490385 0.031250 0.019231
0 0.471154 0.474760 0.033654 0.016827
0 0.573317 0.537260 0.021635 0.021635
0 0.461538 0.528846 0.019231 0.024038
0 0.396635 0.530048 0.019231 0.021635
0 0.317308 0.597356 0.024038 0.026442
0 0.352163 0.645433 0.031250 0.016827
0 0.353365 0.679087 0.033654 0.016827
0 0.349760 0.717548 0.031250 0.012019
0 0.349760 0.757212 0.031250 0.014423
0 0.349760 0.975962 0.031250 0.019231
0 0.056490 0.506010 0.021635 0.026442
0 0.075721 0.506010 0.021635 0.026442
0 0.542067 0.538462 0.026442 0.024038
0 0.832933 0.123798 0.021635 0.026442
