0 0.008413 0.111779 0.012019 0.026442
0 0.025240 0.132212 0.021635 0.033654
0 0.171875 0.139423 0.021635 0.038462
0 0.192308 0.164663 0.019231 0.026442
0 0.265625 0.153846 0.021635 0.028846
0 0.408654 0.129808 0.019231 0.028846
0 0.766827 0.296875 0.043269 0.026442
0 0.248798 0.453125 0.026442 0.031250
0 0.328125 0.463942 0.026442 0.024038
0 0.480769 0.478365 0.019231 0.028846
0 0.552885 0.481971 0.019231 0.036058
0 0.572115 0.491587 0.019231 0.031250
0 0.681490 0.548077 0.045673 0.019231
0 0.725962 0.514423 0.024038 0.038462
0 0.298077 0.611779 0.024038 0.031250
0 0.276442 0.635817 0.019231 0.031250
0 0.454327 0.628606 0.019231 0.031250
0 0.473558 0.618990 0.019231 0.026442
0 0.143029 0.890625 0.021635 0.031250
0 0.376202 0.948317 0.045673 0.021635
0 0.421875 0.905048 0.021635 0.036058
0 0.443510 0.908654 0.021635 0.033654
0 0.532452 0.907452 0.021635 0.026442
0 0.153846 0.966346 0.038462 0.019231
0 0.194712 0.969952 0.043269 0.016827
