0 0.847356 0.600962 0.031250 0.038462
0 0.850962 0.641827 0.024038 0.033654
0 0.793269 0.650240 0.024038 0.040865
0 0.770433 0.663462 0.021635 0.033654
0 0.752404 0.640625 0.019231 0.031250
0 0.818510 0.207933 0.040865 0.021635
0 0.777644 0.240385 0.040865 0.019231
0 0.709135 0.231971 0.038462 0.021635
0 0.983173 0.457933 0.024038 0.031250
0 0.962740 0.457933 0.021635 0.031250
0 0.319712 0.408654 0.038462 0.014423
0 0.318510 0.423077 0.040865 0.014423
0 0.306490 0.448317 0.040865 0.021635
0 0.206731 0.445913 0.043269 0.021635
0 0.022837 0.960337 0.040865 0.026442
0 0.088942 0.941106 0.024038 0.031250
0 0.971154 0.420673 0.033654 0.014423
