0 0.015625 0.050000 0.015625 0.015625
0 0.012500 0.075781 0.012500 0.026562
0 0.060156 0.151562 0.026562 0.018750
0 0.284375 0.027344 0.037500 0.014063
0 0.786719 0.054688 0.032813 0.018750
0 0.262500 0.053125 0.015625 0.018750
0 0.278125 0.052344 0.012500 0.020313
0 0.291406 0.054688 0.014063 0.021875
0 0.307031 0.054688 0.014063 0.018750
0 0.443750 0.071875 0.012500 0.018750
0 0.478906 0.068750 0.017188 0.021875
0 0.589844 0.075781 0.014063 0.023438
0 0.615625 0.072656 0.015625 0.020313
0 0.293750 0.110937 0.025000 0.018750
0 0.506250 0.132812 0.018750 0.018750
0 0.515625 0.136719 0.015625 0.020313
0 0.531250 0.140625 0.015625 0.018750
0 0.560156 0.139063 0.017188 0.015625
0 0.576562 0.140625 0.015625 0.015625
0 0.603125 0.127344 0.018750 0.020313
0 0.620313 0.125781 0.018750 0.020313
0 0.675000 0.128125 0.018750 0.021875
0 0.674219 0.146094 0.020313 0.017188
0 0.632031 0.147656 0.020313 0.020313
0 0.645312 0.187500 0.018750 0.015625
0 0.627344 0.185156 0.017188 0.017188
0 0.564063 0.171094 0.021875 0.020313
0 0.543750 0.182812 0.018750 0.015625
0 0.525000 0.178906 0.015625 0.014063
0 0.487500 0.177344 0.021875 0.014063
0 0.460156 0.175000 0.020313 0.018750
0 0.444531 0.174219 0.014063 0.017188
0 0.370312 0.171094 0.025000 0.017188
0 0.340625 0.168750 0.018750 0.018750
0 0.328906 0.167969 0.017188 0.017188
0 0.314844 0.166406 0.017188 0.017188
0 0.296094 0.165625 0.020313 0.018750
0 0.244531 0.164062 0.023438 0.021875
0 0.908594 0.327344 0.026562 0.014063
0 0.939844 0.364844 0.014063 0.023438
0 0.942187 0.164844 0.025000 0.020313
0 0.983594 0.165625 0.020313 0.021875
0 0.993750 0.165625 0.012500 0.018750
0 0.819531 0.717187 0.026562 0.012500
0 0.642188 0.610156 0.021875 0.007812
0 0.638281 0.619531 0.029687 0.014063
0 0.635938 0.645312 0.021875 0.009375
0 0.636719 0.654687 0.023438 0.009375
0 0.560156 0.607031 0.026562 0.010937
0 0.583594 0.607812 0.023438 0.012500
0 0.559375 0.631250 0.021875 0.009375
0 0.557031 0.641406 0.023438 0.010937
0 0.580469 0.642969 0.023438 0.010937
0 0.557031 0.650781 0.026562 0.010937
0 0.507031 0.610938 0.029687 0.012500
0 0.502344 0.621875 0.023438 0.009375
0 0.503125 0.630469 0.025000 0.007812
0 0.500781 0.640625 0.023438 0.009375
0 0.501563 0.655469 0.028125 0.007812
0 0.528906 0.747656 0.029687 0.007812
0 0.566406 0.686719 0.032813 0.010937
0 0.409375 0.677344 0.025000 0.010937
0 0.527344 0.758594 0.023438 0.007812
0 0.526563 0.773438 0.021875 0.009375
0 0.523438 0.782813 0.021875 0.006250
0 0.522656 0.792188 0.023438 0.009375
0 0.522656 0.801562 0.026562 0.009375
0 0.607812 0.760938 0.031250 0.009375
0 0.660156 0.764844 0.023438 0.010937
0 0.659375 0.747656 0.021875 0.007812
0 0.583594 0.775000 0.023438 0.009375
0 0.606250 0.786719 0.031250 0.010937
0 0.582812 0.794531 0.018750 0.010937
0 0.070312 0.656250 0.028125 0.012500
0 0.963281 0.784375 0.029687 0.012500
0 0.939844 0.790625 0.026562 0.015625
0 0.937500 0.807031 0.025000 0.010937
0 0.959375 0.818750 0.025000 0.009375
0 0.887500 0.771094 0.025000 0.010937
0 0.885156 0.787500 0.023438 0.009375
0 0.887500 0.796875 0.025000 0.009375
