0 0.550000 0.762500 0.034375 0.015625
0 0.631250 0.903125 0.034375 0.012500
0 0.631250 0.917188 0.034375 0.012500
0 0.692969 0.759375 0.032813 0.012500
0 0.696875 0.770312 0.028125 0.009375
0 0.692969 0.781250 0.032813 0.012500
0 0.693750 0.806250 0.028125 0.015625
0 0.693750 0.818750 0.028125 0.009375
0 0.693750 0.828125 0.028125 0.009375
0 0.693750 0.837500 0.028125 0.009375
0 0.696875 0.846875 0.028125 0.009375
0 0.696875 0.856250 0.028125 0.009375
0 0.696875 0.868750 0.034375 0.009375
0 0.978125 0.562500 0.034375 0.018750
0 0.729688 0.353906 0.018750 0.029687
