0 0.053906 0.125781 0.020313 0.029687
0 0.023438 0.145313 0.034375 0.009375
0 0.278906 0.010937 0.010937 0.018750
0 0.292187 0.014844 0.012500 0.026562
0 0.339844 0.017969 0.020313 0.026562
0 0.352344 0.014844 0.014063 0.026562
0 0.504687 0.012500 0.028125 0.012500
0 0.482031 0.199219 0.026562 0.017188
0 0.484375 0.262500 0.031250 0.015625
0 0.475000 0.305469 0.025000 0.014063
0 0.442969 0.324219 0.014063 0.023438
0 0.471094 0.377344 0.026562 0.014063
0 0.463281 0.432031 0.029687 0.010937
0 0.470313 0.446094 0.028125 0.014063
0 0.447656 0.469531 0.023438 0.017188
0 0.436719 0.474219 0.020313 0.020313
0 0.314844 0.401562 0.017188 0.021875
0 0.301563 0.398438 0.018750 0.021875
0 0.364844 0.484375 0.017188 0.018750
0 0.357031 0.490625 0.020313 0.021875
0 0.286719 0.479687 0.014063 0.021875
0 0.219531 0.482031 0.014063 0.023438
0 0.205469 0.477344 0.020313 0.023438
0 0.010937 0.462500 0.015625 0.021875
0 0.395313 0.694531 0.015625 0.023438
0 0.555469 0.703906 0.010937 0.017188
0 0.332031 0.737500 0.026562 0.012500
0 0.358594 0.736719 0.026562 0.010937
