0 0.939844 0.492188 0.023438 0.031250
0 0.871875 0.540625 0.028125 0.025000
0 0.812500 0.535156 0.028125 0.029687
0 0.357812 0.917188 0.021875 0.021875
0 0.275000 0.927344 0.018750 0.032813
0 0.232813 0.929688 0.018750 0.021875
0 0.216406 0.925000 0.017188 0.028125
0 0.128125 0.935937 0.018750 0.015625
0 0.115625 0.931250 0.018750 0.018750
0 0.079687 0.914062 0.012500 0.021875
0 0.050781 0.903125 0.020313 0.021875
0 0.015625 0.891406 0.018750 0.020313
0 0.012500 0.991406 0.015625 0.017188
0 0.017188 0.993750 0.018750 0.012500
0 0.082812 0.991406 0.012500 0.017188
0 0.144531 0.996094 0.023438 0.007812
0 0.407813 0.953906 0.021875 0.014063
0 0.392969 0.973437 0.023438 0.009375
0 0.672656 0.932813 0.014063 0.021875
0 0.630469 0.949219 0.023438 0.017188
0 0.713281 0.928125 0.014063 0.018750
0 0.762500 0.925000 0.015625 0.025000
0 0.778125 0.925000 0.015625 0.018750
0 0.795312 0.928125 0.015625 0.025000
0 0.851562 0.955469 0.012500 0.020313
0 0.863281 0.958594 0.017188 0.023438
0 0.890625 0.964063 0.018750 0.028125
0 0.952344 0.962500 0.017188 0.028125
