0 0.318510 0.099760 0.021635 0.026442
0 0.336538 0.100962 0.019231 0.019231
0 0.336538 0.125000 0.014423 0.024038
0 0.352163 0.129808 0.016827 0.019231
0 0.389423 0.129808 0.024038 0.019231
0 0.352163 0.177885 0.016827 0.019231
0 0.372596 0.179087 0.024038 0.021635
0 0.389423 0.179087 0.024038 0.021635
0 0.436298 0.177885 0.021635 0.019231
0 0.318510 0.210337 0.016827 0.021635
0 0.337740 0.210337 0.016827 0.021635
0 0.356971 0.210337 0.021635 0.021635
0 0.394231 0.207933 0.014423 0.021635
0 0.408654 0.209135 0.014423 0.019231
0 0.331731 0.270433 0.019231 0.021635
0 0.348558 0.270433 0.014423 0.021635
0 0.376202 0.265625 0.016827 0.021635
0 0.389423 0.263221 0.024038 0.021635
0 0.409856 0.264423 0.016827 0.024038
0 0.426683 0.268029 0.016827 0.026442
0 0.472356 0.269231 0.016827 0.019231
0 0.442308 0.289663 0.019231 0.021635
0 0.395433 0.287260 0.016827 0.021635
0 0.364183 0.287260 0.016827 0.021635
0 0.335337 0.294471 0.016827 0.021635
0 0.332933 0.350962 0.016827 0.024038
0 0.349760 0.350962 0.016827 0.024038
0 0.334135 0.429087 0.019231 0.021635
0 0.349760 0.539663 0.021635 0.021635
0 0.118990 0.617788 0.016827 0.019231
0 0.139423 0.617788 0.024038 0.019231
0 0.159856 0.621394 0.016827 0.021635
0 0.007212 0.677885 0.009615 0.024038
0 0.019231 0.679087 0.014423 0.021635
0 0.034856 0.679087 0.016827 0.021635
0 0.051683 0.679087 0.016827 0.021635
0 0.066106 0.679087 0.016827 0.021635
0 0.081731 0.679087 0.014423 0.021635
0 0.096154 0.679087 0.014423 0.021635
0 0.111779 0.679087 0.016827 0.021635
0 0.127404 0.679087 0.014423 0.021635
0 0.143029 0.679087 0.016827 0.021635
0 0.020433 0.710337 0.016827 0.021635
0 0.064904 0.710337 0.019231 0.021635
0 0.084135 0.710337 0.019231 0.021635
0 0.941106 0.241587 0.021635 0.021635
0 0.323317 0.042067 0.016827 0.021635
