0 0.052885 0.068510 0.038462 0.012019
0 0.048077 0.085337 0.038462 0.012019
0 0.051683 0.112981 0.031250 0.014423
0 0.038462 0.131010 0.028846 0.012019
0 0.037260 0.145433 0.026442 0.012019
0 0.163462 0.091346 0.038462 0.009615
0 0.127404 0.111779 0.028846 0.012019
0 0.159856 0.127404 0.031250 0.014423
0 0.123798 0.131010 0.021635 0.012019
0 0.538462 0.100962 0.033654 0.014423
0 0.534856 0.120192 0.026442 0.009615
0 0.537260 0.131010 0.026442 0.012019
0 0.612981 0.125000 0.028846 0.009615
0 0.605769 0.146635 0.024038 0.009615
0 0.633413 0.163462 0.021635 0.014423
0 0.647837 0.116587 0.026442 0.016827
0 0.710337 0.132212 0.031250 0.019231
0 0.727163 0.116587 0.021635 0.016827
0 0.715144 0.164663 0.021635 0.016827
0 0.882212 0.054087 0.033654 0.016827
0 0.085337 0.426683 0.031250 0.012019
0 0.094952 0.436298 0.031250 0.007212
0 0.082933 0.445913 0.026442 0.012019
0 0.078125 0.459135 0.031250 0.014423
0 0.069712 0.502404 0.033654 0.014423
0 0.055288 0.522837 0.028846 0.012019
0 0.051683 0.538462 0.026442 0.014423
0 0.632212 0.443510 0.014423 0.021635
0 0.647837 0.443510 0.016827 0.021635
0 0.896635 0.240385 0.019231 0.019231
0 0.920673 0.425481 0.024038 0.024038
0 0.877404 0.450721 0.019231 0.021635
0 0.973558 0.331731 0.028846 0.014423
0 0.966346 0.365385 0.024038 0.014423
0 0.962740 0.381010 0.021635 0.012019
0 0.975962 0.317308 0.024038 0.014423
0 0.852163 0.632212 0.016827 0.019231
0 0.849760 0.661058 0.016827 0.019231
0 0.849760 0.691106 0.016827 0.021635
0 0.850962 0.723558 0.014423 0.024038
0 0.888221 0.772837 0.021635 0.021635
0 0.834135 0.816106 0.019231 0.026442
0 0.835337 0.848558 0.016827 0.019231
0 0.832933 0.875000 0.016827 0.024038
0 0.723558 0.990385 0.028846 0.014423
0 0.569712 0.853365 0.028846 0.014423
0 0.538462 0.850962 0.024038 0.014423
0 0.532452 0.865385 0.031250 0.014423
0 0.522837 0.889423 0.031250 0.009615
0 0.522837 0.902644 0.031250 0.007212
0 0.455529 0.899038 0.031250 0.014423
0 0.449519 0.912260 0.024038 0.012019
0 0.445913 0.933894 0.040865 0.007212
0 0.037260 0.849760 0.036058 0.012019
0 0.038462 0.865385 0.033654 0.009615
0 0.038462 0.877404 0.033654 0.014423
0 0.038462 0.897837 0.033654 0.012019
0 0.013221 0.912260 0.021635 0.012019
0 0.013221 0.864183 0.021635 0.016827
0 0.010817 0.877404 0.016827 0.014423
0 0.965144 0.459135 0.026442 0.014423
0 0.891827 0.304087 0.019231 0.026442
