0 0.675000 0.036719 0.015625 0.020313
0 0.714063 0.037500 0.015625 0.025000
0 0.831250 0.042969 0.012500 0.023438
0 0.914844 0.050000 0.014063 0.025000
0 0.865625 0.118750 0.012500 0.018750
0 0.852344 0.107813 0.014063 0.021875
0 0.706250 0.104688 0.015625 0.028125
0 0.693750 0.105469 0.018750 0.023438
0 0.628125 0.093750 0.015625 0.025000
0 0.612500 0.105469 0.015625 0.020313
0 0.477344 0.183594 0.017188 0.023438
0 0.475000 0.206250 0.018750 0.021875
0 0.506250 0.243750 0.018750 0.025000
0 0.468750 0.277344 0.015625 0.023438
0 0.462500 0.327344 0.018750 0.026562
0 0.777344 0.411719 0.014063 0.023438
0 0.792969 0.409375 0.014063 0.021875
0 0.806250 0.418750 0.015625 0.021875
0 0.856250 0.409375 0.018750 0.021875
0 0.875000 0.415625 0.018750 0.025000
0 0.946875 0.434375 0.028125 0.015625
0 0.652344 0.462500 0.032813 0.015625
0 0.621094 0.462500 0.026562 0.012500
0 0.375000 0.417969 0.031250 0.010937
0 0.336719 0.443750 0.035937 0.015625
0 0.271094 0.440625 0.020313 0.009375
0 0.290625 0.443750 0.025000 0.009375
0 0.253125 0.312500 0.025000 0.012500
0 0.228125 0.309375 0.021875 0.012500
0 0.224219 0.321094 0.032813 0.010937
0 0.218750 0.337500 0.028125 0.009375
0 0.221094 0.349219 0.032813 0.010937
0 0.223438 0.359375 0.031250 0.009375
0 0.164844 0.346875 0.029687 0.009375
0 0.161719 0.358594 0.029687 0.010937
0 0.164844 0.371875 0.029687 0.012500
0 0.677344 0.581250 0.032813 0.015625
0 0.792969 0.562500 0.020313 0.034375
0 0.846875 0.646875 0.028125 0.015625
0 0.979688 0.753125 0.018750 0.025000
0 0.775000 0.731250 0.015625 0.012500
0 0.775000 0.754687 0.018750 0.021875
0 0.771094 0.777344 0.023438 0.023438
0 0.675000 0.600000 0.028125 0.009375
0 0.675000 0.611719 0.028125 0.010937
0 0.674219 0.621875 0.032813 0.012500
0 0.511719 0.625000 0.026562 0.009375
0 0.462500 0.618750 0.028125 0.012500
0 0.667969 0.661719 0.026562 0.007812
0 0.671094 0.674219 0.026562 0.010937
0 0.668750 0.683594 0.028125 0.010937
0 0.936719 0.896094 0.014063 0.020313
0 0.952344 0.896875 0.017188 0.021875
0 0.814063 0.959375 0.037500 0.015625
0 0.812500 0.987500 0.025000 0.012500
0 0.044531 0.428906 0.023438 0.014063
