0 0.068750 0.193750 0.028125 0.015625
0 0.200000 0.200000 0.031250 0.015625
0 0.152344 0.262500 0.023438 0.028125
0 0.248438 0.362500 0.015625 0.018750
0 0.737500 0.653125 0.021875 0.012500
0 0.753125 0.709375 0.021875 0.015625
0 0.756250 0.721875 0.018750 0.015625
0 0.805469 0.723437 0.014063 0.021875
0 0.835938 0.717187 0.018750 0.025000
0 0.928125 0.704688 0.012500 0.015625
0 0.987500 0.696875 0.018750 0.018750
0 0.665625 0.774219 0.025000 0.014063
0 0.948438 0.734375 0.025000 0.015625
0 0.887500 0.753125 0.028125 0.015625
0 0.884375 0.777344 0.025000 0.010937
0 0.846875 0.777344 0.031250 0.010937
0 0.787500 0.789844 0.028125 0.017188
0 0.568750 0.693750 0.028125 0.018750
0 0.262500 0.892969 0.025000 0.010937
0 0.942187 0.650781 0.028125 0.010937
0 0.937500 0.640625 0.028125 0.015625
