0 0.268750 0.050000 0.009375 0.015625
0 0.275781 0.062500 0.010937 0.015625
0 0.213281 0.085156 0.014063 0.017188
0 0.295312 0.053906 0.009375 0.017188
0 0.256250 0.051562 0.012500 0.018750
0 0.309375 0.035156 0.009375 0.014063
0 0.471875 0.135937 0.018750 0.012500
0 0.521875 0.230469 0.018750 0.020313
0 0.592969 0.230469 0.014063 0.017188
0 0.875000 0.663281 0.015625 0.020313
0 0.757812 0.467969 0.018750 0.017188
0 0.739844 0.442188 0.014063 0.015625
0 0.740625 0.415625 0.018750 0.015625
0 0.246094 0.074219 0.014063 0.014063
0 0.305469 0.051562 0.014063 0.015625
