0 0.352163 0.741587 0.040865 0.016827
0 0.362981 0.756010 0.043269 0.021635
0 0.366587 0.824519 0.036058 0.024038
0 0.382212 0.837740 0.033654 0.021635
0 0.396635 0.882212 0.043269 0.019231
0 0.585337 0.741587 0.026442 0.026442
0 0.600962 0.724760 0.038462 0.026442
0 0.604567 0.709135 0.040865 0.024038
0 0.587740 0.600962 0.021635 0.019231
0 0.554087 0.554087 0.036058 0.021635
0 0.424279 0.550481 0.031250 0.028846
0 0.334135 0.599760 0.028846 0.021635
0 0.210337 0.677885 0.045673 0.019231
0 0.177885 0.615385 0.024038 0.028846
0 0.037260 0.632212 0.040865 0.019231
0 0.034856 0.693510 0.021635 0.026442
0 0.131010 0.693510 0.021635 0.026442
0 0.161058 0.704327 0.024038 0.028846
0 0.277644 0.209135 0.021635 0.028846
0 0.332933 0.210337 0.021635 0.031250
0 0.460337 0.225962 0.021635 0.033654
0 0.585337 0.224760 0.021635 0.031250
0 0.653846 0.240385 0.024038 0.038462
0 0.912260 0.325721 0.040865 0.021635
0 0.894231 0.377404 0.043269 0.019231
0 0.881010 0.388221 0.040865 0.021635
0 0.974760 0.490385 0.021635 0.028846
0 0.757212 0.183894 0.048077 0.021635
0 0.376202 0.987981 0.031250 0.014423
0 0.700721 0.182692 0.074519 0.024038
