0 0.887500 0.337500 0.028125 0.012500
0 0.903125 0.423438 0.018750 0.015625
0 0.925000 0.442188 0.025000 0.015625
0 0.596875 0.490625 0.028125 0.021875
0 0.550000 0.512500 0.021875 0.015625
0 0.453125 0.431250 0.034375 0.018750
0 0.078125 0.500000 0.021875 0.015625
0 0.468750 0.736719 0.018750 0.017188
0 0.262500 0.758594 0.021875 0.007812
0 0.258594 0.773438 0.020313 0.009375
0 0.256250 0.781250 0.018750 0.006250
0 0.252344 0.787500 0.017188 0.009375
0 0.249219 0.793750 0.023438 0.012500
0 0.246875 0.804688 0.021875 0.009375
0 0.362500 0.779687 0.012500 0.015625
