0 0.052344 0.081250 0.023438 0.012500
0 0.071094 0.121094 0.017188 0.014063
0 0.089844 0.156250 0.023438 0.009375
0 0.109375 0.193750 0.025000 0.009375
0 0.125000 0.223438 0.025000 0.015625
0 0.171875 0.131250 0.021875 0.015625
0 0.189844 0.162500 0.023438 0.015625
0 0.206250 0.165625 0.018750 0.015625
0 0.217969 0.196094 0.023438 0.014063
0 0.234375 0.225000 0.025000 0.015625
0 0.259375 0.131250 0.021875 0.012500
0 0.285938 0.167969 0.021875 0.010937
0 0.298438 0.200000 0.025000 0.015625
0 0.531250 0.392969 0.025000 0.010937
0 0.775000 0.589844 0.021875 0.014063
0 0.776563 0.600000 0.025000 0.012500
0 0.786719 0.615625 0.023438 0.009375
0 0.817969 0.626563 0.017188 0.012500
0 0.829688 0.642188 0.021875 0.015625
0 0.831250 0.653125 0.021875 0.009375
0 0.799219 0.637500 0.023438 0.015625
0 0.806250 0.652344 0.018750 0.010937
0 0.809375 0.658594 0.018750 0.010937
0 0.831250 0.690625 0.028125 0.012500
0 0.833594 0.700000 0.023438 0.009375
0 0.839063 0.710938 0.021875 0.009375
0 0.845313 0.725000 0.021875 0.012500
0 0.846875 0.733594 0.028125 0.017188
0 0.714844 0.658594 0.023438 0.014063
0 0.737500 0.667969 0.025000 0.014063
0 0.737500 0.712500 0.021875 0.012500
0 0.742188 0.721875 0.025000 0.012500
0 0.768750 0.775000 0.025000 0.009375
