0 0.579688 0.069531 0.034375 0.010937
0 0.760938 0.266406 0.021875 0.010937
0 0.671094 0.307031 0.032813 0.017188
0 0.667969 0.321094 0.035937 0.014063
0 0.927344 0.423438 0.023438 0.031250
0 0.580469 0.649219 0.014063 0.020313
0 0.988281 0.903906 0.017188 0.014063
0 0.923438 0.907813 0.021875 0.018750
0 0.939844 0.940625 0.029687 0.015625
0 0.600781 0.702344 0.010937 0.020313
0 0.589844 0.703906 0.010937 0.017188
0 0.579688 0.705469 0.009375 0.017188
0 0.555469 0.733594 0.014063 0.020313
0 0.577344 0.733594 0.007812 0.017188
0 0.588281 0.735156 0.010937 0.017188
0 0.600781 0.735938 0.010937 0.015625
0 0.475000 0.833594 0.012500 0.017188
0 0.453906 0.819531 0.010937 0.017188
0 0.440625 0.818750 0.009375 0.015625
0 0.421875 0.818750 0.012500 0.018750
0 0.479687 0.869531 0.009375 0.017188
0 0.489063 0.871875 0.009375 0.015625
0 0.476562 0.890625 0.025000 0.012500
0 0.488281 0.896875 0.023438 0.009375
0 0.489063 0.906250 0.025000 0.012500
0 0.450781 0.874219 0.010937 0.017188
0 0.437500 0.876563 0.009375 0.021875
0 0.425000 0.870313 0.012500 0.015625
0 0.412500 0.884375 0.021875 0.018750
0 0.423438 0.900781 0.015625 0.017188
0 0.445312 0.953906 0.021875 0.010937
0 0.484375 0.957812 0.015625 0.015625
0 0.482812 0.964844 0.018750 0.014063
0 0.482812 0.975000 0.018750 0.015625
0 0.480469 0.992969 0.017188 0.014063
0 0.588281 0.991406 0.020313 0.010937
0 0.583594 0.978906 0.026562 0.014063
0 0.400781 0.895312 0.020313 0.009375
0 0.403125 0.903906 0.018750 0.007812
0 0.402344 0.911719 0.017188 0.007812
0 0.403125 0.917188 0.018750 0.009375
0 0.400781 0.928906 0.017188 0.010937
0 0.397656 0.940625 0.020313 0.012500
0 0.398438 0.949219 0.021875 0.010937
0 0.398438 0.960156 0.021875 0.010937
0 0.397656 0.967187 0.020313 0.012500
0 0.396875 0.977344 0.018750 0.010937
0 0.396875 0.987500 0.021875 0.012500
0 0.298438 0.942969 0.021875 0.010937
0 0.299219 0.953125 0.017188 0.009375
0 0.294531 0.976562 0.017188 0.009375
0 0.349219 0.953906 0.020313 0.007812
0 0.343750 0.985156 0.025000 0.007812
0 0.343750 0.994531 0.021875 0.007812
0 0.157812 0.884375 0.021875 0.009375
0 0.157812 0.892188 0.021875 0.009375
0 0.157812 0.902344 0.025000 0.007812
0 0.156250 0.910156 0.025000 0.007812
0 0.155469 0.918750 0.023438 0.006250
0 0.153906 0.927344 0.020313 0.007812
0 0.153125 0.934375 0.021875 0.006250
0 0.150781 0.942187 0.020313 0.009375
0 0.150000 0.958594 0.021875 0.007812
0 0.209375 0.896875 0.021875 0.009375
0 0.208594 0.907031 0.023438 0.010937
0 0.201563 0.920312 0.018750 0.009375
0 0.200781 0.927344 0.017188 0.007812
0 0.199219 0.936719 0.023438 0.007812
0 0.201563 0.946094 0.025000 0.007812
0 0.201563 0.954688 0.018750 0.006250
0 0.201563 0.960938 0.021875 0.006250
0 0.092969 0.950000 0.020313 0.006250
0 0.091406 0.955469 0.020313 0.007812
0 0.089063 0.964063 0.018750 0.006250
0 0.090625 0.970313 0.021875 0.009375
0 0.199219 0.986719 0.020313 0.007812
0 0.202344 0.971094 0.020313 0.007812
