0 0.028125 0.190625 0.018750 0.021875
0 0.016406 0.189844 0.020313 0.023438
0 0.074219 0.192969 0.014063 0.026562
0 0.060937 0.191406 0.012500 0.020313
0 0.047656 0.190625 0.014063 0.018750
0 0.352344 0.157812 0.029687 0.015625
0 0.346875 0.166406 0.025000 0.010937
0 0.344531 0.175781 0.023438 0.014063
0 0.342969 0.183594 0.026562 0.010937
0 0.336719 0.206250 0.020313 0.009375
0 0.335938 0.213281 0.025000 0.010937
0 0.335156 0.221875 0.023438 0.009375
0 0.330469 0.230469 0.023438 0.007812
0 0.326562 0.239844 0.028125 0.010937
0 0.343750 0.333594 0.012500 0.023438
0 0.420312 0.153906 0.025000 0.007812
0 0.420312 0.163281 0.028125 0.007812
0 0.414844 0.171875 0.020313 0.009375
0 0.414062 0.180469 0.025000 0.010937
0 0.402344 0.208594 0.026562 0.007812
0 0.399219 0.225781 0.026562 0.007812
0 0.398438 0.236719 0.021875 0.007812
0 0.396094 0.246875 0.023438 0.009375
0 0.821094 0.167187 0.014063 0.021875
0 0.835156 0.169531 0.010937 0.017188
0 0.770312 0.474219 0.025000 0.010937
0 0.746094 0.472656 0.023438 0.010937
0 0.739844 0.482031 0.026562 0.010937
0 0.736719 0.500781 0.023438 0.007812
0 0.964844 0.442969 0.017188 0.023438
0 0.964844 0.467187 0.010937 0.018750
0 0.958594 0.488281 0.014063 0.020313
