0 0.421094 0.023438 0.023438 0.009375
0 0.420312 0.034375 0.021875 0.009375
0 0.419531 0.044531 0.026562 0.010937
0 0.417187 0.057031 0.021875 0.010937
0 0.416406 0.074219 0.020313 0.007812
0 0.416406 0.084375 0.020313 0.009375
0 0.496094 0.072656 0.017188 0.020313
0 0.466406 0.069531 0.017188 0.020313
0 0.536719 0.072656 0.014063 0.017188
0 0.787500 0.042969 0.021875 0.010937
0 0.786719 0.050781 0.023438 0.007812
0 0.785156 0.060156 0.020313 0.007812
0 0.782813 0.067187 0.025000 0.009375
0 0.776563 0.084375 0.021875 0.009375
0 0.775000 0.092188 0.021875 0.009375
0 0.774219 0.100000 0.020313 0.006250
0 0.771094 0.107813 0.020313 0.009375
0 0.767969 0.116406 0.026562 0.007812
0 0.853906 0.040625 0.023438 0.006250
0 0.852344 0.048438 0.023438 0.009375
0 0.849219 0.055469 0.017188 0.007812
0 0.846875 0.061719 0.021875 0.007812
0 0.837500 0.088281 0.021875 0.010937
0 0.835156 0.104688 0.023438 0.009375
0 0.829688 0.110937 0.021875 0.006250
0 0.752344 0.297656 0.020313 0.010937
0 0.751563 0.306250 0.021875 0.009375
0 0.748437 0.353906 0.025000 0.010937
0 0.804688 0.310156 0.028125 0.007812
0 0.821875 0.318750 0.025000 0.006250
0 0.821094 0.326562 0.023438 0.009375
0 0.800781 0.325781 0.020313 0.007812
0 0.799219 0.333594 0.017188 0.010937
0 0.820312 0.335156 0.025000 0.007812
0 0.821094 0.351562 0.023438 0.009375
0 0.800781 0.357812 0.023438 0.009375
0 0.925781 0.413281 0.029687 0.017188
0 0.636719 0.371875 0.026562 0.009375
0 0.610938 0.371875 0.018750 0.009375
0 0.586719 0.369531 0.020313 0.010937
