0 0.549219 0.050000 0.014063 0.021875
0 0.380469 0.084375 0.020313 0.021875
0 0.562500 0.050000 0.015625 0.018750
0 0.565625 0.146875 0.012500 0.018750
0 0.678125 0.089063 0.015625 0.015625
0 0.634375 0.145313 0.015625 0.018750
0 0.646094 0.142969 0.007812 0.017188
0 0.646875 0.162500 0.015625 0.021875
0 0.925000 0.140625 0.012500 0.021875
0 0.946094 0.161719 0.014063 0.020313
0 0.961719 0.400000 0.014063 0.018750
0 0.881250 0.380469 0.012500 0.020313
0 0.915625 0.550000 0.025000 0.015625
0 0.605469 0.578125 0.020313 0.018750
0 0.621094 0.683594 0.017188 0.010937
0 0.690625 0.681250 0.021875 0.015625
0 0.730469 0.765625 0.023438 0.012500
0 0.825000 0.749219 0.021875 0.014063
0 0.493750 0.867969 0.018750 0.014063
0 0.512500 0.906250 0.015625 0.012500
0 0.531250 0.940625 0.021875 0.012500
0 0.552344 0.978125 0.023438 0.012500
0 0.612500 0.917969 0.025000 0.014063
0 0.628125 0.946875 0.025000 0.015625
0 0.642969 0.974219 0.026562 0.010937
0 0.683594 0.912500 0.023438 0.018750
0 0.706250 0.950000 0.025000 0.012500
0 0.718750 0.978125 0.025000 0.015625
