0 0.517188 0.133594 0.018750 0.023438
0 0.535937 0.135937 0.015625 0.018750
0 0.619531 0.135156 0.017188 0.023438
0 0.518750 0.150781 0.018750 0.014063
0 0.856250 0.564844 0.018750 0.020313
0 0.454688 0.442969 0.012500 0.017188
0 0.449219 0.476562 0.014063 0.021875
0 0.461719 0.478906 0.010937 0.017188
0 0.451562 0.496875 0.012500 0.015625
0 0.462500 0.495312 0.012500 0.015625
0 0.472656 0.496875 0.010937 0.018750
0 0.493750 0.497656 0.009375 0.014063
0 0.471875 0.533594 0.009375 0.017188
0 0.493750 0.532813 0.012500 0.018750
0 0.524219 0.531250 0.017188 0.018750
0 0.504687 0.548438 0.012500 0.018750
0 0.495312 0.547656 0.012500 0.017188
0 0.464844 0.549219 0.014063 0.017188
0 0.450781 0.549219 0.017188 0.020313
0 0.443750 0.573438 0.018750 0.012500
0 0.492969 0.585156 0.017188 0.017188
0 0.504687 0.585156 0.015625 0.020313
0 0.517969 0.586719 0.007812 0.017188
0 0.547656 0.587500 0.010937 0.018750
0 0.557031 0.585156 0.010937 0.023438
0 0.477344 0.639844 0.010937 0.014063
0 0.479687 0.764062 0.012500 0.015625
0 0.353125 0.817969 0.012500 0.017188
0 0.341406 0.817187 0.010937 0.018750
0 0.328906 0.816406 0.010937 0.017188
0 0.344531 0.855469 0.010937 0.020313
0 0.334375 0.854688 0.012500 0.015625
0 0.321875 0.856250 0.009375 0.018750
0 0.311719 0.857812 0.010937 0.015625
0 0.302344 0.855469 0.010937 0.017188
0 0.290625 0.853906 0.009375 0.017188
0 0.281250 0.854688 0.009375 0.015625
0 0.271875 0.856250 0.009375 0.015625
0 0.260937 0.854688 0.009375 0.018750
0 0.253125 0.854688 0.012500 0.018750
0 0.261719 0.873437 0.014063 0.018750
0 0.290625 0.873437 0.012500 0.018750
0 0.302344 0.872656 0.014063 0.017188
0 0.223438 0.915625 0.015625 0.025000
0 0.194531 0.828906 0.032813 0.014063
0 0.195312 0.845313 0.037500 0.012500
0 0.192188 0.860156 0.034375 0.014063
0 0.193750 0.903125 0.034375 0.012500
0 0.149219 0.815625 0.026562 0.012500
0 0.055469 0.835156 0.010937 0.017188
0 0.085938 0.714063 0.021875 0.006250
0 0.086719 0.704688 0.020313 0.006250
0 0.085938 0.689844 0.021875 0.010937
0 0.085938 0.660937 0.018750 0.009375
0 0.085938 0.653906 0.021875 0.007812
0 0.085938 0.645312 0.021875 0.009375
0 0.085156 0.638281 0.023438 0.007812
0 0.086719 0.630469 0.020313 0.007812
0 0.085938 0.622656 0.021875 0.007812
0 0.085156 0.613281 0.020313 0.007812
0 0.083594 0.603125 0.020313 0.009375
0 0.135937 0.675000 0.021875 0.006250
0 0.135156 0.681250 0.020313 0.006250
0 0.135156 0.699219 0.023438 0.007812
0 0.136719 0.712500 0.023438 0.006250
0 0.131250 0.721094 0.021875 0.007812
