0 0.502344 0.140625 0.026562 0.009375
0 0.268750 0.299219 0.021875 0.007812
0 0.156250 0.306250 0.021875 0.009375
0 0.218750 0.415625 0.021875 0.009375
0 0.218750 0.423438 0.025000 0.009375
0 0.271094 0.308594 0.017188 0.007812
0 0.267969 0.315625 0.017188 0.006250
0 0.270313 0.335938 0.021875 0.009375
0 0.268750 0.346094 0.021875 0.007812
0 0.268750 0.353125 0.021875 0.009375
0 0.271094 0.361719 0.023438 0.007812
0 0.273438 0.368750 0.018750 0.006250
0 0.271094 0.377344 0.020313 0.007812
0 0.268750 0.384375 0.021875 0.009375
0 0.428125 0.506250 0.021875 0.059375
0 0.464844 0.823438 0.020313 0.009375
0 0.309375 0.921875 0.021875 0.009375
0 0.011719 0.496875 0.020313 0.015625
