0 0.943750 0.040625 0.021875 0.015625
0 0.889844 0.071875 0.023438 0.015625
0 0.744531 0.110156 0.026562 0.014063
0 0.494531 0.244531 0.023438 0.014063
0 0.339062 0.307812 0.018750 0.018750
0 0.332813 0.291406 0.025000 0.020313
0 0.251563 0.400000 0.025000 0.015625
0 0.245312 0.421875 0.028125 0.021875
0 0.189844 0.456250 0.020313 0.015625
0 0.200000 0.467969 0.018750 0.023438
0 0.109375 0.572656 0.021875 0.020313
0 0.042188 0.602344 0.025000 0.023438
0 0.025000 0.697656 0.021875 0.023438
0 0.101562 0.107031 0.028125 0.007812
0 0.101562 0.116406 0.028125 0.007812
0 0.101562 0.125000 0.025000 0.006250
0 0.106250 0.132031 0.034375 0.010937
0 0.097656 0.150000 0.026562 0.009375
0 0.097656 0.160156 0.029687 0.010937
0 0.096875 0.171094 0.025000 0.010937
0 0.089844 0.201563 0.023438 0.009375
0 0.088281 0.209375 0.029687 0.012500
0 0.089063 0.238281 0.031250 0.010937
0 0.088281 0.248438 0.023438 0.009375
0 0.085938 0.292969 0.021875 0.007812
0 0.085156 0.303125 0.029687 0.009375
0 0.017969 0.343750 0.023438 0.009375
0 0.015625 0.332813 0.025000 0.009375
0 0.017969 0.321094 0.020313 0.010937
0 0.017188 0.312500 0.025000 0.009375
0 0.021094 0.302344 0.020313 0.010937
0 0.086719 0.264844 0.026562 0.007812
