0 0.115385 0.824519 0.024038 0.024038
0 0.533654 0.812500 0.019231 0.024038
0 0.532452 0.838942 0.016827 0.028846
0 0.650240 0.842548 0.016827 0.026442
0 0.771635 0.834135 0.019231 0.028846
0 0.769231 0.859375 0.019231 0.021635
0 0.766827 0.882212 0.024038 0.028846
0 0.878606 0.876202 0.031250 0.016827
0 0.885817 0.849760 0.016827 0.026442
0 0.840144 0.771635 0.040865 0.019231
0 0.902644 0.707933 0.016827 0.031250
0 0.930288 0.468750 0.019231 0.024038
0 0.421875 0.014423 0.021635 0.024038
0 0.022837 0.706731 0.040865 0.024038
