0 0.165625 0.828125 0.012500 0.021875
0 0.196875 0.787500 0.028125 0.015625
0 0.329688 0.778125 0.025000 0.015625
0 0.331250 0.789844 0.021875 0.010937
0 0.329688 0.796875 0.025000 0.012500
0 0.330469 0.817969 0.026562 0.010937
0 0.328125 0.825000 0.028125 0.009375
0 0.329688 0.834375 0.028125 0.009375
0 0.330469 0.843750 0.020313 0.009375
0 0.332813 0.856250 0.025000 0.009375
0 0.331250 0.862500 0.025000 0.009375
0 0.330469 0.871875 0.029687 0.009375
0 0.278125 0.906250 0.021875 0.009375
0 0.275000 0.915625 0.025000 0.009375
0 0.586719 0.601562 0.023438 0.012500
