0 0.588281 0.510938 0.039062 0.028125
0 0.735938 0.789844 0.025000 0.020313
0 0.496875 0.765625 0.025000 0.021875
0 0.444531 0.808594 0.023438 0.017188
0 0.435937 0.818750 0.021875 0.015625
0 0.427344 0.824219 0.023438 0.020313
0 0.417187 0.835938 0.025000 0.021875
0 0.404687 0.842969 0.025000 0.020313
0 0.391406 0.848437 0.023438 0.021875
0 0.382031 0.857031 0.023438 0.020313
0 0.371875 0.866406 0.021875 0.023438
0 0.363281 0.877344 0.026562 0.020313
0 0.351562 0.884375 0.025000 0.021875
0 0.342187 0.892188 0.025000 0.018750
0 0.330469 0.900000 0.026562 0.021875
0 0.317188 0.906250 0.025000 0.021875
0 0.307031 0.914844 0.023438 0.020313
0 0.297656 0.925000 0.023438 0.021875
0 0.286719 0.931250 0.026562 0.021875
0 0.275781 0.939844 0.029687 0.023438
0 0.264062 0.949219 0.025000 0.020313
0 0.255469 0.957031 0.026562 0.020313
0 0.246875 0.964063 0.025000 0.021875
0 0.235156 0.973437 0.023438 0.018750
0 0.225000 0.983594 0.025000 0.017188
0 0.533594 0.852344 0.020313 0.026562
0 0.516406 0.858594 0.020313 0.023438
0 0.509375 0.868750 0.018750 0.021875
0 0.501563 0.879687 0.015625 0.018750
0 0.491406 0.887500 0.017188 0.021875
0 0.482031 0.895312 0.017188 0.025000
0 0.470313 0.904687 0.015625 0.021875
0 0.460156 0.912500 0.017188 0.021875
0 0.449219 0.919531 0.020313 0.023438
0 0.437500 0.928125 0.015625 0.025000
0 0.430469 0.938281 0.017188 0.023438
0 0.420312 0.944531 0.018750 0.023438
0 0.408594 0.951562 0.017188 0.021875
0 0.394531 0.959375 0.023438 0.025000
0 0.549219 0.864844 0.017188 0.023438
0 0.539062 0.875000 0.018750 0.018750
0 0.531250 0.884375 0.018750 0.021875
0 0.520312 0.894531 0.018750 0.023438
0 0.510156 0.907031 0.017188 0.023438
0 0.500781 0.913281 0.017188 0.023438
0 0.491406 0.918750 0.014063 0.021875
0 0.479687 0.926562 0.018750 0.021875
0 0.471875 0.937500 0.018750 0.025000
0 0.459375 0.943750 0.015625 0.021875
0 0.450000 0.950000 0.015625 0.021875
0 0.439063 0.960938 0.018750 0.021875
0 0.426563 0.968750 0.015625 0.021875
0 0.414844 0.975000 0.014063 0.021875
0 0.403906 0.981250 0.017188 0.018750
0 0.395313 0.990625 0.018750 0.018750
