0 0.237981 0.457933 0.028846 0.021635
0 0.180288 0.372596 0.028846 0.024038
0 0.162260 0.361779 0.026442 0.021635
0 0.207933 0.286058 0.031250 0.019231
0 0.219952 0.268029 0.026442 0.021635
0 0.314904 0.265625 0.038462 0.021635
0 0.923077 0.020433 0.019231 0.031250
0 0.912260 0.213942 0.036058 0.019231
0 0.920673 0.234375 0.038462 0.016827
0 0.911058 0.316106 0.038462 0.016827
0 0.905048 0.334135 0.040865 0.014423
0 0.879808 0.366587 0.033654 0.016827
0 0.909856 0.377404 0.040865 0.019231
0 0.985577 0.331731 0.019231 0.028846
0 0.983173 0.366587 0.019231 0.031250
0 0.932692 0.449519 0.028846 0.024038
0 0.913462 0.417067 0.086538 0.045673
