0 0.731971 0.849760 0.021635 0.045673
0 0.697115 0.717548 0.033654 0.036058
0 0.771635 0.747596 0.043269 0.024038
0 0.722356 0.725962 0.026442 0.043269
0 0.793269 0.772837 0.038462 0.021635
0 0.793269 0.802885 0.038462 0.019231
0 0.661058 0.413462 0.038462 0.028846
0 0.706731 0.448317 0.033654 0.021635
0 0.741587 0.465144 0.031250 0.021635
0 0.754808 0.475962 0.033654 0.028846
0 0.912260 0.304087 0.031250 0.036058
0 0.929087 0.177885 0.036058 0.028846
0 0.973558 0.128606 0.038462 0.026442
0 0.974760 0.272837 0.040865 0.026442
0 0.271635 0.069712 0.033654 0.028846
0 0.193510 0.022837 0.040865 0.021635
0 0.439904 0.087740 0.033654 0.021635
0 0.975962 0.174279 0.028846 0.026442
0 0.929087 0.430288 0.026442 0.024038
0 0.911058 0.438702 0.028846 0.026442
0 0.718750 0.290865 0.033654 0.024038
0 0.705529 0.304087 0.031250 0.026442
0 0.683894 0.331731 0.036058 0.028846
0 0.411058 0.832933 0.048077 0.016827
0 0.414663 0.812500 0.045673 0.019231
