0 0.010156 0.116406 0.017188 0.014063
0 0.059375 0.010937 0.028125 0.012500
0 0.078125 0.043750 0.031250 0.018750
0 0.092969 0.078906 0.029687 0.017188
0 0.112500 0.111719 0.031250 0.014063
0 0.142969 0.006250 0.029687 0.009375
0 0.168750 0.044531 0.031250 0.014063
0 0.184375 0.082812 0.031250 0.015625
0 0.655469 0.603125 0.026562 0.012500
0 0.681250 0.613281 0.028125 0.014063
0 0.682031 0.663281 0.026562 0.010937
0 0.686719 0.675000 0.026562 0.012500
0 0.716406 0.735156 0.029687 0.017188
0 0.695312 0.484375 0.021875 0.012500
0 0.709375 0.493750 0.025000 0.015625
0 0.720313 0.513281 0.025000 0.010937
0 0.725000 0.525781 0.031250 0.010937
0 0.728125 0.535937 0.028125 0.009375
0 0.739062 0.553125 0.028125 0.012500
0 0.746875 0.563281 0.021875 0.010937
0 0.747656 0.573438 0.026562 0.009375
0 0.756250 0.582031 0.031250 0.010937
0 0.758594 0.593750 0.026562 0.009375
0 0.788281 0.584375 0.029687 0.015625
0 0.773438 0.564063 0.025000 0.012500
0 0.764844 0.603125 0.023438 0.012500
0 0.788281 0.639062 0.042188 0.015625
0 0.788281 0.650781 0.026562 0.010937
0 0.796094 0.660156 0.026562 0.010937
0 0.802344 0.672656 0.026562 0.010937
0 0.803125 0.678906 0.031250 0.010937
0 0.809375 0.690625 0.034375 0.015625
