0 0.320312 0.010156 0.018750 0.017188
0 0.206250 0.157812 0.021875 0.021875
0 0.190625 0.164844 0.021875 0.017188
0 0.274219 0.164844 0.023438 0.020313
0 0.374219 0.089844 0.014063 0.020313
0 0.374219 0.071094 0.014063 0.017188
0 0.388281 0.078906 0.014063 0.020313
0 0.441406 0.114062 0.023438 0.015625
0 0.653125 0.094531 0.012500 0.020313
0 0.674219 0.092969 0.010937 0.017188
0 0.688281 0.096094 0.010937 0.023438
0 0.707812 0.180469 0.015625 0.020313
0 0.629687 0.172656 0.015625 0.023438
0 0.589063 0.167969 0.012500 0.023438
0 0.575781 0.178906 0.014063 0.017188
0 0.506250 0.161719 0.015625 0.023438
0 0.464844 0.145313 0.014063 0.021875
0 0.472656 0.167969 0.010937 0.017188
0 0.426563 0.144531 0.018750 0.023438
0 0.435937 0.165625 0.018750 0.018750
0 0.273438 0.219531 0.028125 0.023438
0 0.452344 0.386719 0.023438 0.023438
0 0.485156 0.373437 0.020313 0.018750
0 0.497656 0.364063 0.020313 0.018750
0 0.590625 0.403906 0.021875 0.014063
0 0.583594 0.396094 0.023438 0.017188
0 0.561719 0.359375 0.023438 0.015625
0 0.223438 0.452344 0.021875 0.014063
0 0.223438 0.465625 0.021875 0.015625
0 0.238281 0.532813 0.023438 0.021875
0 0.252344 0.551562 0.023438 0.012500
0 0.250781 0.561719 0.020313 0.010937
0 0.238281 0.579688 0.020313 0.012500
0 0.248438 0.654687 0.031250 0.015625
0 0.524219 0.630469 0.026562 0.014063
0 0.617188 0.601562 0.025000 0.015625
0 0.628125 0.571094 0.028125 0.017188
0 0.608594 0.631250 0.026562 0.015625
0 0.602344 0.639844 0.026562 0.014063
0 0.567969 0.726562 0.029687 0.018750
0 0.482031 0.779687 0.026562 0.015625
0 0.560937 0.803125 0.028125 0.012500
