0 0.506010 0.926683 0.036058 0.021635
0 0.587740 0.894231 0.021635 0.024038
0 0.522837 0.914663 0.036058 0.021635
0 0.699519 0.691106 0.024038 0.031250
0 0.887019 0.849760 0.038462 0.021635
0 0.802885 0.800481 0.024038 0.033654
0 0.984375 0.917067 0.021635 0.040865
0 0.929087 0.929087 0.016827 0.031250
0 0.912260 0.927885 0.031250 0.072115
0 0.774038 0.503606 0.033654 0.021635
0 0.771635 0.560096 0.033654 0.024038
0 0.647837 0.506010 0.045673 0.021635
0 0.629808 0.377404 0.038462 0.019231
0 0.849760 0.318510 0.016827 0.031250
0 0.949519 0.335337 0.024038 0.036058
0 0.082933 0.872596 0.026442 0.038462
0 0.179087 0.806490 0.036058 0.031250
0 0.161058 0.723558 0.033654 0.028846
0 0.153846 0.693510 0.024038 0.026442
0 0.021635 0.627404 0.038462 0.033654
0 0.252404 0.365385 0.033654 0.028846
0 0.200721 0.396635 0.021635 0.024038
0 0.180288 0.412260 0.033654 0.026442
0 0.608173 0.507212 0.033654 0.019231
0 0.131010 0.842548 0.021635 0.021635
