0 0.659375 0.364063 0.031250 0.015625
0 0.688281 0.370312 0.026562 0.015625
0 0.624219 0.428125 0.023438 0.028125
0 0.778125 0.768750 0.015625 0.028125
0 0.794531 0.770312 0.017188 0.025000
0 0.253906 0.582812 0.023438 0.015625
0 0.721875 0.479687 0.031250 0.012500
0 0.445312 0.151562 0.015625 0.028125
0 0.469531 0.150000 0.020313 0.025000
0 0.491406 0.148438 0.020313 0.025000
0 0.590625 0.142969 0.018750 0.026562
0 0.649219 0.135937 0.032813 0.018750
0 0.538281 0.100781 0.017188 0.023438
0 0.524219 0.101562 0.017188 0.025000
0 0.503125 0.104688 0.018750 0.021875
0 0.486719 0.055469 0.017188 0.023438
0 0.521875 0.052344 0.015625 0.023438
0 0.555469 0.050781 0.017188 0.026562
0 0.579688 0.050781 0.015625 0.026562
0 0.592187 0.047656 0.015625 0.026562
0 0.621875 0.047656 0.015625 0.026562
0 0.635156 0.044531 0.017188 0.023438
0 0.651563 0.046875 0.012500 0.021875
0 0.707812 0.017969 0.025000 0.010937
0 0.520312 0.010156 0.012500 0.017188
0 0.508594 0.011719 0.010937 0.017188
0 0.495312 0.012500 0.012500 0.021875
0 0.482812 0.013281 0.012500 0.023438
0 0.460938 0.060937 0.021875 0.009375
0 0.461719 0.072656 0.020313 0.007812
0 0.464062 0.089063 0.028125 0.012500
0 0.405469 0.036719 0.020313 0.010937
0 0.403906 0.023438 0.023438 0.009375
0 0.408594 0.066406 0.020313 0.010937
0 0.158594 0.024219 0.014063 0.017188
0 0.145313 0.025781 0.015625 0.020313
0 0.304688 0.014844 0.012500 0.020313
0 0.289844 0.013281 0.017188 0.023438
0 0.346094 0.014063 0.014063 0.018750
0 0.111719 0.028906 0.014063 0.020313
