0 0.923077 0.350962 0.033654 0.014423
0 0.865385 0.393029 0.038462 0.016827
0 0.745192 0.201923 0.033654 0.019231
0 0.707933 0.199519 0.031250 0.014423
0 0.705529 0.212740 0.036058 0.016827
0 0.700721 0.225962 0.040865 0.014423
0 0.698317 0.240385 0.040865 0.014423
0 0.695913 0.254808 0.031250 0.014423
0 0.698317 0.270433 0.031250 0.016827
0 0.612981 0.256010 0.043269 0.016827
0 0.610577 0.271635 0.033654 0.014423
0 0.610577 0.290865 0.038462 0.019231
0 0.106971 0.264423 0.040865 0.019231
0 0.146635 0.256010 0.038462 0.016827
0 0.147837 0.225962 0.040865 0.014423
0 0.145433 0.213942 0.036058 0.014423
0 0.146635 0.197115 0.038462 0.014423
0 0.112981 0.186298 0.043269 0.021635
0 0.111779 0.210337 0.036058 0.016827
0 0.103365 0.225962 0.033654 0.019231
0 0.030048 0.162260 0.040865 0.016827
0 0.024038 0.180288 0.033654 0.014423
0 0.020433 0.256010 0.036058 0.016827
0 0.788462 0.390625 0.057692 0.021635
