0 0.849760 0.960337 0.021635 0.036058
0 0.819712 0.987981 0.038462 0.014423
0 0.725962 0.943510 0.019231 0.026442
0 0.709135 0.929087 0.019231 0.026442
0 0.533654 0.919471 0.019231 0.021635
0 0.465144 0.912260 0.021635 0.026442
0 0.337740 0.902644 0.021635 0.021635
0 0.882212 0.786058 0.033654 0.019231
0 0.596154 0.647837 0.019231 0.026442
0 0.479567 0.667067 0.021635 0.021635
0 0.419471 0.679087 0.021635 0.026442
0 0.405048 0.651442 0.021635 0.028846
0 0.212740 0.626202 0.021635 0.031250
0 0.270433 0.662260 0.016827 0.021635
0 0.287260 0.647837 0.016827 0.021635
0 0.395433 0.538462 0.016827 0.028846
0 0.365385 0.552885 0.019231 0.028846
0 0.376202 0.522837 0.016827 0.021635
0 0.191106 0.433894 0.021635 0.021635
0 0.054087 0.411058 0.021635 0.024038
0 0.100962 0.569712 0.033654 0.028846
0 0.115385 0.662260 0.014423 0.021635
0 0.099760 0.662260 0.016827 0.026442
0 0.663462 0.490385 0.028846 0.024038
0 0.900240 0.397837 0.021635 0.021635
0 0.879808 0.379808 0.024038 0.019231
0 0.568510 0.355769 0.026442 0.024038
0 0.569712 0.334135 0.024038 0.019231
0 0.740385 0.300481 0.028846 0.019231
0 0.724760 0.287260 0.021635 0.016827
0 0.691106 0.227163 0.026442 0.021635
0 0.662260 0.236779 0.021635 0.016827
0 0.538462 0.263221 0.033654 0.021635
0 0.335337 0.193510 0.021635 0.021635
0 0.224760 0.176683 0.021635 0.021635
0 0.335337 0.069712 0.021635 0.024038
0 0.403846 0.090144 0.024038 0.021635
0 0.657452 0.929087 0.016827 0.026442
0 0.674279 0.923077 0.016827 0.028846
0 0.132212 0.382212 0.019231 0.028846
0 0.150240 0.368990 0.021635 0.026442
0 0.147837 0.402644 0.016827 0.026442
