0 0.667067 0.227163 0.031250 0.021635
0 0.768029 0.405048 0.036058 0.021635
0 0.888221 0.399038 0.036058 0.024038
0 0.959135 0.545673 0.033654 0.024038
0 0.875000 0.808894 0.038462 0.021635
0 0.912260 0.865385 0.036058 0.019231
0 0.935096 0.919471 0.038462 0.021635
0 0.751202 0.816106 0.040865 0.021635
0 0.778846 0.866587 0.038462 0.021635
0 0.800481 0.912260 0.038462 0.021635
0 0.830529 0.963942 0.036058 0.019231
0 0.540865 0.727163 0.028846 0.016827
0 0.578125 0.789663 0.031250 0.021635
0 0.608173 0.855769 0.038462 0.024038
0 0.643029 0.919471 0.036058 0.021635
0 0.665865 0.969952 0.033654 0.021635
