0 0.334375 0.060156 0.025000 0.017188
0 0.148438 0.640625 0.018750 0.028125
0 0.269531 0.478125 0.023438 0.015625
0 0.252344 0.827344 0.020313 0.026562
0 0.700000 0.476562 0.028125 0.021875
0 0.634375 0.464844 0.025000 0.017188
0 0.946094 0.509375 0.020313 0.021875
0 0.971094 0.510156 0.014063 0.026562
0 0.987500 0.511719 0.015625 0.020313
0 0.906250 0.550000 0.018750 0.021875
0 0.918750 0.550000 0.012500 0.021875
0 0.942187 0.553906 0.015625 0.023438
0 0.956250 0.554688 0.012500 0.021875
0 0.970313 0.553125 0.012500 0.021875
0 0.922656 0.866406 0.014063 0.020313
0 0.949219 0.865625 0.017188 0.021875
0 0.986719 0.869531 0.017188 0.023438
0 0.898438 0.879687 0.025000 0.012500
0 0.899219 0.889062 0.023438 0.009375
0 0.953906 0.950781 0.023438 0.010937
0 0.894531 0.927344 0.026562 0.014063
0 0.892188 0.935156 0.021875 0.010937
0 0.893750 0.955469 0.031250 0.017188
0 0.754687 0.996094 0.012500 0.007812
0 0.742969 0.994531 0.017188 0.010937
