0 0.364063 0.022656 0.028125 0.020313
0 0.239063 0.656250 0.018750 0.025000
0 0.072656 0.752344 0.026562 0.026562
0 0.255469 0.723437 0.014063 0.021875
0 0.267188 0.722656 0.015625 0.020313
0 0.270313 0.836719 0.018750 0.026562
0 0.399219 0.766406 0.023438 0.029687
0 0.346875 0.830469 0.018750 0.023438
0 0.361719 0.828125 0.017188 0.018750
0 0.364063 0.851562 0.018750 0.021875
0 0.677344 0.825781 0.020313 0.023438
0 0.703125 0.829688 0.021875 0.025000
0 0.728125 0.827344 0.021875 0.023438
0 0.707031 0.853906 0.020313 0.023438
0 0.727344 0.381250 0.020313 0.031250
0 0.724219 0.023438 0.026562 0.012500
0 0.725781 0.035156 0.026562 0.014063
0 0.726562 0.067969 0.025000 0.010937
0 0.726562 0.078906 0.028125 0.014063
0 0.726562 0.089844 0.028125 0.017188
0 0.728125 0.112500 0.025000 0.018750
0 0.730469 0.142187 0.023438 0.015625
0 0.726562 0.153906 0.021875 0.010937
0 0.875781 0.967187 0.023438 0.009375
0 0.872656 0.978125 0.026562 0.009375
0 0.871094 0.987500 0.026562 0.009375
0 0.872656 0.996094 0.023438 0.007812
0 0.926562 0.979688 0.021875 0.009375
0 0.927344 0.970313 0.023438 0.009375
0 0.930469 0.995313 0.023438 0.009375
0 0.871094 0.937500 0.023438 0.009375
0 0.871094 0.925781 0.026562 0.010937
0 0.872656 0.915625 0.029687 0.012500
0 0.871875 0.907813 0.028125 0.012500
0 0.870313 0.900000 0.025000 0.009375
0 0.872656 0.890625 0.029687 0.012500
0 0.874219 0.882031 0.029687 0.010937
0 0.875000 0.871094 0.028125 0.010937
0 0.875000 0.864844 0.031250 0.010937
0 0.873437 0.856250 0.028125 0.009375
0 0.873437 0.846094 0.028125 0.010937
0 0.873437 0.838281 0.028125 0.007812
