0 0.575721 0.019231 0.040865 0.014423
0 0.574519 0.039663 0.038462 0.016827
0 0.230769 0.620192 0.028846 0.014423
0 0.230769 0.635817 0.028846 0.016827
0 0.217548 0.658654 0.036058 0.014423
0 0.205529 0.673077 0.031250 0.014423
0 0.200721 0.688702 0.031250 0.016827
0 0.317308 0.682692 0.033654 0.014423
0 0.307692 0.697115 0.033654 0.014423
0 0.342548 0.719952 0.031250 0.016827
0 0.295673 0.725962 0.033654 0.014423
0 0.294471 0.740385 0.031250 0.014423
0 0.283654 0.756010 0.052885 0.021635
0 0.132212 0.878606 0.024038 0.026442
0 0.257212 0.907452 0.019231 0.021635
0 0.311298 0.908654 0.021635 0.028846
0 0.437500 0.733173 0.038462 0.024038
