0 0.785937 0.753906 0.031250 0.017188
0 0.790625 0.774219 0.028125 0.017188
0 0.929688 0.747656 0.028125 0.010937
0 0.931250 0.757031 0.028125 0.007812
0 0.929688 0.763281 0.031250 0.014063
0 0.932031 0.789844 0.026562 0.010937
0 0.929688 0.802344 0.028125 0.010937
0 0.931250 0.810937 0.028125 0.009375
0 0.932031 0.821094 0.026562 0.010937
0 0.933594 0.831250 0.023438 0.012500
0 0.931250 0.842187 0.025000 0.009375
0 0.932813 0.849219 0.025000 0.010937
0 0.873437 0.883594 0.031250 0.010937
0 0.874219 0.896094 0.029687 0.014063
0 0.193750 0.685937 0.015625 0.025000
0 0.171094 0.733594 0.014063 0.017188
0 0.160156 0.732031 0.007812 0.017188
0 0.148438 0.729688 0.015625 0.018750
0 0.122656 0.729688 0.017188 0.018750
0 0.123438 0.749219 0.018750 0.020313
0 0.098437 0.747656 0.018750 0.023438
0 0.171094 0.798438 0.014063 0.021875
0 0.146875 0.800781 0.015625 0.020313
0 0.130469 0.800000 0.014063 0.018750
0 0.112500 0.803125 0.015625 0.021875
0 0.060156 0.704688 0.014063 0.018750
0 0.050000 0.709375 0.015625 0.018750
0 0.053906 0.732812 0.023438 0.015625
0 0.053906 0.745313 0.026562 0.015625
0 0.088281 0.788281 0.029687 0.014063
