0 0.028125 0.050781 0.018750 0.029687
0 0.070312 0.049219 0.018750 0.026562
0 0.084375 0.056250 0.015625 0.021875
0 0.020313 0.137500 0.012500 0.021875
0 0.157031 0.092969 0.032813 0.020313
0 0.617188 0.144531 0.025000 0.014063
0 0.617188 0.207813 0.031250 0.015625
0 0.610156 0.251563 0.029687 0.012500
0 0.576562 0.273438 0.012500 0.025000
0 0.596875 0.381250 0.031250 0.015625
0 0.603125 0.395313 0.028125 0.012500
0 0.448437 0.353906 0.012500 0.020313
0 0.435156 0.346094 0.014063 0.020313
0 0.058594 0.328125 0.017188 0.021875
0 0.140625 0.413281 0.018750 0.023438
0 0.335156 0.424219 0.017188 0.023438
0 0.350000 0.432031 0.012500 0.020313
0 0.421094 0.430469 0.014063 0.023438
0 0.487500 0.439063 0.015625 0.025000
0 0.502344 0.433594 0.017188 0.023438
0 0.582812 0.417969 0.021875 0.020313
0 0.571094 0.419531 0.020313 0.020313
0 0.603125 0.324219 0.025000 0.017188
0 0.691406 0.654687 0.010937 0.021875
0 0.528906 0.647656 0.014063 0.026562
0 0.468750 0.687500 0.025000 0.015625
0 0.494531 0.688281 0.026562 0.014063
0 0.050781 0.663281 0.020313 0.010937
0 0.084375 0.757812 0.015625 0.021875
