0 0.159375 0.097656 0.025000 0.026562
0 0.103906 0.271875 0.032813 0.012500
0 0.379688 0.084375 0.028125 0.012500
0 0.423438 0.100000 0.028125 0.012500
0 0.426563 0.117969 0.028125 0.010937
0 0.419531 0.136719 0.032813 0.014063
0 0.425781 0.186719 0.029687 0.010937
0 0.450000 0.201563 0.018750 0.028125
0 0.568750 0.087500 0.018750 0.021875
0 0.586719 0.088281 0.014063 0.020313
0 0.599219 0.087500 0.017188 0.018750
0 0.742969 0.025781 0.020313 0.020313
0 0.480469 0.131250 0.010937 0.018750
0 0.489063 0.132031 0.012500 0.017188
0 0.504687 0.132812 0.012500 0.015625
0 0.515625 0.132812 0.012500 0.018750
0 0.528906 0.132812 0.010937 0.018750
0 0.540625 0.132812 0.012500 0.021875
0 0.553906 0.136719 0.014063 0.020313
0 0.564844 0.135156 0.010937 0.017188
0 0.575000 0.132031 0.012500 0.020313
0 0.587500 0.131250 0.012500 0.018750
0 0.493750 0.152344 0.012500 0.020313
0 0.525781 0.152344 0.010937 0.017188
0 0.539844 0.154688 0.014063 0.015625
0 0.656250 0.456250 0.015625 0.021875
0 0.681250 0.457031 0.012500 0.017188
