0 0.892188 0.046875 0.018750 0.025000
0 0.304688 0.056250 0.021875 0.015625
0 0.324219 0.092969 0.023438 0.010937
0 0.342969 0.127344 0.023438 0.014063
0 0.362500 0.165625 0.021875 0.012500
0 0.377344 0.193750 0.020313 0.012500
0 0.439063 0.107813 0.025000 0.012500
0 0.456250 0.136719 0.025000 0.010937
0 0.471875 0.165625 0.025000 0.012500
0 0.486719 0.196094 0.023438 0.010937
0 0.511719 0.104688 0.026562 0.012500
0 0.534375 0.136719 0.025000 0.014063
0 0.548438 0.170313 0.025000 0.012500
0 0.956250 0.618750 0.025000 0.012500
0 0.978125 0.626563 0.025000 0.012500
0 0.981250 0.668750 0.021875 0.012500
0 0.983594 0.681250 0.026562 0.012500
0 0.298438 0.746094 0.018750 0.020313
