0 0.028125 0.037500 0.021875 0.012500
0 0.112500 0.068750 0.025000 0.015625
0 0.306250 0.343750 0.034375 0.018750
0 0.148438 0.442188 0.028125 0.015625
0 0.573438 0.160938 0.031250 0.012500
0 0.150000 0.683594 0.025000 0.023438
0 0.234375 0.699219 0.021875 0.023438
0 0.248438 0.825000 0.025000 0.018750
0 0.146094 0.877344 0.026562 0.017188
0 0.936719 0.486719 0.026562 0.020313
0 0.968750 0.408594 0.021875 0.014063
0 0.374219 0.965625 0.023438 0.015625
0 0.987500 0.943750 0.021875 0.018750
0 0.940625 0.971875 0.018750 0.018750
0 0.931250 0.981250 0.015625 0.021875
0 0.914844 0.992188 0.023438 0.015625
0 0.995313 0.987500 0.009375 0.018750
0 0.781250 0.995313 0.012500 0.009375
0 0.751563 0.993750 0.015625 0.009375
0 0.643750 0.992969 0.015625 0.014063
0 0.518750 0.942969 0.025000 0.017188
0 0.503125 0.931250 0.025000 0.018750
0 0.453125 0.881250 0.025000 0.021875
0 0.386719 0.978125 0.023438 0.021875
0 0.250781 0.737500 0.029687 0.025000
0 0.409375 0.906250 0.028125 0.025000
0 0.959375 0.964844 0.025000 0.020313
