0 0.814063 0.142969 0.031250 0.017188
0 0.623437 0.256250 0.037500 0.015625
0 0.553125 0.237500 0.025000 0.025000
0 0.517188 0.234375 0.012500 0.028125
0 0.503125 0.231250 0.015625 0.025000
0 0.331250 0.239063 0.031250 0.012500
0 0.234375 0.286719 0.018750 0.026562
0 0.303125 0.300000 0.018750 0.021875
0 0.368750 0.300000 0.018750 0.025000
0 0.459375 0.304688 0.018750 0.031250
0 0.627344 0.340625 0.023438 0.018750
0 0.621875 0.430469 0.025000 0.014063
0 0.618750 0.470313 0.021875 0.012500
0 0.612500 0.484375 0.018750 0.009375
0 0.621094 0.496094 0.026562 0.010937
0 0.615625 0.521875 0.034375 0.018750
0 0.083594 0.325000 0.026562 0.012500
0 0.187500 0.412500 0.028125 0.015625
0 0.186719 0.425000 0.029687 0.009375
0 0.183594 0.456250 0.026562 0.012500
0 0.131250 0.543750 0.021875 0.028125
0 0.089844 0.707812 0.020313 0.021875
0 0.203125 0.617188 0.012500 0.015625
0 0.187500 0.631250 0.015625 0.018750
0 0.262500 0.655469 0.034375 0.010937
0 0.481250 0.637500 0.015625 0.025000
0 0.503125 0.631250 0.015625 0.025000
0 0.517969 0.637500 0.014063 0.021875
0 0.330469 0.703125 0.017188 0.021875
0 0.248438 0.689063 0.018750 0.025000
0 0.283594 0.689844 0.010937 0.017188
0 0.401562 0.725000 0.015625 0.021875
0 0.415625 0.712500 0.015625 0.021875
0 0.456250 0.717187 0.018750 0.025000
0 0.540625 0.728125 0.015625 0.028125
0 0.275000 0.940625 0.025000 0.025000
0 0.306250 0.923438 0.018750 0.021875
0 0.321875 0.917188 0.018750 0.018750
0 0.389844 0.914844 0.023438 0.017188
0 0.410938 0.950000 0.025000 0.015625
0 0.423438 0.959375 0.021875 0.018750
0 0.068750 0.415625 0.028125 0.009375
0 0.097656 0.417969 0.029687 0.017188
0 0.013281 0.696875 0.023438 0.015625
0 0.089063 0.765625 0.034375 0.015625
