0 0.032031 0.483594 0.029687 0.014063
0 0.194531 0.479687 0.029687 0.012500
0 0.257031 0.500000 0.029687 0.015625
0 0.287500 0.505469 0.037500 0.017188
0 0.455469 0.481250 0.026562 0.012500
0 0.350000 0.621875 0.015625 0.025000
0 0.373437 0.620313 0.012500 0.021875
0 0.437500 0.624219 0.015625 0.020313
0 0.460156 0.629687 0.017188 0.025000
0 0.535156 0.636719 0.020313 0.026562
0 0.754687 0.610938 0.028125 0.015625
0 0.684375 0.599219 0.025000 0.014063
0 0.688281 0.612500 0.026562 0.012500
0 0.667969 0.637500 0.017188 0.025000
0 0.616406 0.634375 0.020313 0.018750
0 0.746875 0.933594 0.015625 0.023438
0 0.007031 0.743750 0.010937 0.012500
0 0.304688 0.970313 0.028125 0.015625
0 0.306250 0.983594 0.034375 0.014063
0 0.306250 0.993750 0.037500 0.012500
0 0.646875 0.993750 0.021875 0.012500
0 0.665625 0.937500 0.018750 0.015625
0 0.981250 0.603125 0.015625 0.021875
0 0.977344 0.653125 0.017188 0.025000
0 0.979688 0.682813 0.018750 0.028125
