0 0.710156 0.307031 0.026562 0.010937
0 0.784375 0.300000 0.031250 0.012500
0 0.629687 0.435156 0.018750 0.023438
0 0.642969 0.464062 0.026562 0.012500
0 0.427344 0.426563 0.014063 0.018750
0 0.407031 0.420312 0.017188 0.021875
0 0.334375 0.413281 0.018750 0.017188
0 0.247656 0.413281 0.017188 0.023438
0 0.878125 0.660937 0.012500 0.018750
0 0.955469 0.852344 0.014063 0.020313
0 0.966406 0.850781 0.010937 0.023438
0 0.992969 0.853906 0.014063 0.017188
0 0.795312 0.846094 0.025000 0.014063
0 0.792969 0.853125 0.023438 0.012500
0 0.775781 0.907813 0.026562 0.012500
0 0.732812 0.844531 0.021875 0.010937
0 0.728906 0.860938 0.029687 0.015625
