0 0.176563 0.258594 0.034375 0.020313
0 0.271875 0.243750 0.028125 0.018750
0 0.781250 0.115625 0.034375 0.015625
0 0.817969 0.097656 0.029687 0.014063
0 0.911719 0.099219 0.026562 0.010937
0 0.804688 0.222656 0.031250 0.026562
0 0.834375 0.282031 0.034375 0.020313
0 0.871094 0.304688 0.020313 0.025000
0 0.948438 0.309375 0.015625 0.025000
0 0.964063 0.313281 0.015625 0.020313
0 0.979688 0.310937 0.015625 0.021875
0 0.991406 0.299219 0.017188 0.023438
0 0.552344 0.311719 0.017188 0.026562
0 0.577344 0.310156 0.014063 0.023438
0 0.593750 0.310156 0.015625 0.023438
0 0.632031 0.315625 0.014063 0.025000
0 0.500781 0.317188 0.035937 0.015625
0 0.499219 0.327344 0.029687 0.010937
0 0.500781 0.355469 0.023438 0.014063
0 0.496094 0.383594 0.029687 0.014063
0 0.493750 0.413281 0.028125 0.010937
0 0.497656 0.425781 0.020313 0.007812
0 0.664062 0.421875 0.028125 0.012500
0 0.671875 0.444531 0.025000 0.014063
0 0.672656 0.354687 0.026562 0.015625
0 0.671094 0.375781 0.032813 0.010937
0 0.668750 0.385156 0.028125 0.010937
0 0.058594 0.505469 0.017188 0.020313
0 0.101562 0.498437 0.021875 0.025000
0 0.257812 0.488281 0.018750 0.020313
0 0.288281 0.487500 0.014063 0.018750
0 0.303125 0.486719 0.018750 0.023438
0 0.231250 0.525781 0.025000 0.010937
0 0.125000 0.561719 0.021875 0.023438
0 0.139844 0.556250 0.020313 0.021875
0 0.278906 0.546875 0.020313 0.025000
0 0.357812 0.549219 0.015625 0.023438
0 0.371875 0.553906 0.015625 0.020313
0 0.388281 0.551562 0.017188 0.025000
0 0.402344 0.557031 0.017188 0.023438
0 0.807031 0.512500 0.017188 0.028125
0 0.896094 0.584375 0.014063 0.021875
0 0.531250 0.607031 0.031250 0.017188
0 0.516406 0.624219 0.029687 0.017188
0 0.516406 0.688281 0.026562 0.014063
0 0.528906 0.701562 0.026562 0.012500
0 0.554688 0.646875 0.015625 0.021875
0 0.607812 0.658594 0.025000 0.014063
0 0.610938 0.684375 0.025000 0.012500
0 0.612500 0.696094 0.028125 0.010937
0 0.595313 0.772656 0.028125 0.017188
0 0.596094 0.802344 0.023438 0.010937
0 0.594531 0.811719 0.026562 0.010937
0 0.523438 0.771875 0.031250 0.012500
0 0.500781 0.810937 0.023438 0.009375
0 0.503906 0.830469 0.026562 0.010937
0 0.864062 0.850000 0.018750 0.028125
0 0.060937 0.928125 0.028125 0.018750
0 0.050000 0.935156 0.031250 0.017188
0 0.139844 0.943750 0.026562 0.012500
