0 0.567187 0.269531 0.028125 0.014063
0 0.670312 0.274219 0.025000 0.010937
0 0.702344 0.275000 0.026562 0.015625
0 0.870313 0.287500 0.025000 0.015625
0 0.896875 0.289062 0.025000 0.018750
0 0.930469 0.289844 0.029687 0.017188
0 0.653906 0.333594 0.010937 0.020313
0 0.665625 0.336719 0.012500 0.017188
0 0.677344 0.336719 0.010937 0.017188
0 0.689844 0.336719 0.014063 0.020313
0 0.703125 0.339844 0.012500 0.017188
0 0.724219 0.335938 0.014063 0.018750
0 0.586719 0.525781 0.029687 0.014063
0 0.402344 0.475781 0.014063 0.017188
0 0.391406 0.565625 0.017188 0.025000
0 0.384375 0.665625 0.015625 0.028125
0 0.925000 0.639844 0.012500 0.017188
0 0.825000 0.670312 0.025000 0.015625
0 0.900000 0.710156 0.015625 0.026562
0 0.925781 0.710156 0.014063 0.020313
0 0.940625 0.711719 0.012500 0.023438
0 0.964844 0.710156 0.014063 0.023438
0 0.977344 0.708594 0.014063 0.023438
0 0.382812 0.950781 0.018750 0.023438
0 0.012500 0.099219 0.015625 0.026562
