0 0.407813 0.244531 0.018750 0.010937
0 0.300781 0.508594 0.023438 0.014063
0 0.300781 0.519531 0.023438 0.017188
0 0.300781 0.547656 0.023438 0.014063
0 0.300781 0.557813 0.020313 0.009375
0 0.299219 0.565625 0.023438 0.012500
0 0.301563 0.585156 0.025000 0.017188
0 0.301563 0.610938 0.021875 0.015625
0 0.297656 0.621094 0.020313 0.014063
0 0.310937 0.820312 0.018750 0.021875
0 0.842187 0.739062 0.015625 0.018750
0 0.760156 0.842969 0.017188 0.020313
0 0.874219 0.775781 0.014063 0.017188
0 0.895312 0.775781 0.015625 0.017188
0 0.977344 0.776563 0.020313 0.025000
0 0.875781 0.792188 0.014063 0.015625
