0 0.053125 0.258594 0.015625 0.020313
0 0.067969 0.259375 0.014063 0.025000
0 0.248438 0.272656 0.025000 0.026562
0 0.362500 0.282813 0.021875 0.028125
0 0.428125 0.255469 0.028125 0.014063
0 0.021094 0.228906 0.020313 0.007812
0 0.390625 0.278125 0.015625 0.018750
0 0.453125 0.333594 0.018750 0.017188
0 0.393750 0.332031 0.018750 0.017188
0 0.375000 0.329688 0.018750 0.021875
0 0.350000 0.343750 0.018750 0.012500
0 0.336719 0.342969 0.020313 0.014063
0 0.303906 0.343750 0.020313 0.021875
0 0.289844 0.342969 0.017188 0.017188
0 0.276562 0.335938 0.021875 0.025000
0 0.479687 0.358594 0.018750 0.017188
0 0.465625 0.354687 0.015625 0.018750
0 0.451562 0.353125 0.021875 0.021875
0 0.407813 0.350000 0.018750 0.025000
0 0.257812 0.385937 0.025000 0.015625
0 0.121875 0.378125 0.021875 0.012500
0 0.230469 0.382031 0.017188 0.023438
0 0.314063 0.390625 0.018750 0.021875
0 0.728906 0.372656 0.020313 0.020313
0 0.770312 0.376563 0.018750 0.021875
0 0.781250 0.376563 0.012500 0.021875
0 0.792969 0.378125 0.014063 0.025000
0 0.808594 0.378906 0.014063 0.023438
0 0.821875 0.379688 0.015625 0.021875
0 0.694531 0.540625 0.026562 0.012500
0 0.729688 0.577344 0.015625 0.020313
0 0.337500 0.827344 0.025000 0.014063
0 0.360938 0.826562 0.021875 0.009375
0 0.421094 0.828125 0.026562 0.012500
0 0.417187 0.839063 0.031250 0.012500
0 0.415625 0.865625 0.028125 0.012500
0 0.332813 0.851562 0.025000 0.012500
0 0.330469 0.860156 0.023438 0.010937
0 0.357812 0.862500 0.025000 0.012500
0 0.333594 0.872656 0.023438 0.014063
0 0.145313 0.924219 0.028125 0.014063
0 0.341406 0.907813 0.029687 0.012500
0 0.303125 0.981250 0.025000 0.012500
0 0.299219 0.997656 0.026562 0.004687
0 0.440625 0.988281 0.018750 0.007812
0 0.359375 0.996875 0.021875 0.006250
0 0.794531 0.857812 0.020313 0.012500
0 0.795312 0.868750 0.021875 0.012500
0 0.820312 0.861719 0.025000 0.007812
0 0.821094 0.868750 0.026562 0.009375
0 0.820312 0.878125 0.025000 0.012500
0 0.785156 0.646094 0.014063 0.020313
0 0.892969 0.603125 0.029687 0.012500
0 0.927344 0.606250 0.026562 0.012500
0 0.899219 0.311719 0.014063 0.020313
0 0.696094 0.235156 0.032813 0.014063
0 0.676562 0.992969 0.031250 0.014063
0 0.054688 0.313281 0.025000 0.023438
