0 0.163462 0.990385 0.019231 0.019231
0 0.302885 0.989183 0.014423 0.021635
0 0.727163 0.986779 0.021635 0.026442
0 0.650240 0.929087 0.040865 0.021635
0 0.789663 0.965144 0.040865 0.021635
0 0.705529 0.846154 0.031250 0.019231
0 0.694712 0.860577 0.024038 0.014423
0 0.704327 0.876202 0.033654 0.016827
0 0.847356 0.902644 0.031250 0.021635
0 0.861779 0.866587 0.031250 0.016827
0 0.824519 0.819712 0.024038 0.024038
0 0.990385 0.677885 0.019231 0.024038
0 0.955529 0.599760 0.031250 0.016827
0 0.929087 0.563702 0.031250 0.016827
0 0.929087 0.490385 0.031250 0.019231
0 0.943510 0.507212 0.031250 0.019231
0 0.585337 0.709135 0.021635 0.024038
0 0.566106 0.717548 0.021635 0.021635
0 0.489183 0.683894 0.021635 0.021635
0 0.427885 0.668269 0.019231 0.024038
0 0.584135 0.403846 0.019231 0.024038
0 0.569712 0.413462 0.019231 0.024038
0 0.479567 0.449519 0.021635 0.024038
0 0.444712 0.467548 0.024038 0.021635
0 0.308894 0.507212 0.021635 0.024038
0 0.210337 0.518029 0.016827 0.026442
0 0.193510 0.520433 0.016827 0.026442
0 0.008413 0.538462 0.012019 0.024038
0 0.028846 0.552885 0.024038 0.028846
0 0.737981 0.146635 0.019231 0.028846
0 0.662260 0.177885 0.021635 0.028846
0 0.569712 0.192308 0.019231 0.024038
0 0.594952 0.132212 0.031250 0.014423
0 0.474760 0.097356 0.016827 0.021635
0 0.479567 0.185096 0.021635 0.024038
0 0.463942 0.175481 0.019231 0.024038
0 0.443510 0.087740 0.016827 0.021635
0 0.426683 0.090144 0.016827 0.021635
0 0.356971 0.074519 0.021635 0.024038
0 0.318510 0.162260 0.016827 0.026442
0 0.295673 0.167067 0.024038 0.021635
0 0.076923 0.068510 0.024038 0.031250
0 0.014423 0.162260 0.024038 0.021635
0 0.758413 0.022837 0.036058 0.016827
0 0.420673 0.468750 0.024038 0.028846
0 0.123798 0.576923 0.036058 0.014423
0 0.263221 0.991587 0.016827 0.016827
