0 0.589063 0.089063 0.025000 0.012500
0 0.742969 0.138281 0.010937 0.017188
0 0.340625 0.017188 0.015625 0.009375
0 0.360938 0.223438 0.025000 0.015625
0 0.291406 0.225781 0.023438 0.014063
0 0.496875 0.289844 0.018750 0.014063
0 0.404687 0.307031 0.021875 0.017188
0 0.165625 0.410938 0.025000 0.012500
0 0.182812 0.448437 0.018750 0.012500
0 0.203125 0.485156 0.021875 0.010937
0 0.222656 0.521094 0.023438 0.014063
0 0.235937 0.551562 0.021875 0.009375
0 0.283594 0.460938 0.029687 0.015625
0 0.299219 0.488281 0.020313 0.014063
0 0.314844 0.519531 0.026562 0.010937
0 0.331250 0.547656 0.025000 0.014063
0 0.355469 0.457031 0.026562 0.010937
0 0.375781 0.492188 0.026562 0.012500
0 0.389062 0.521875 0.021875 0.015625
0 0.839063 0.872656 0.025000 0.010937
0 0.857031 0.896094 0.020313 0.007812
0 0.860156 0.905469 0.023438 0.010937
0 0.864062 0.914844 0.025000 0.010937
0 0.871875 0.930469 0.021875 0.010937
0 0.902344 0.941406 0.023438 0.010937
0 0.912500 0.957812 0.018750 0.012500
0 0.885156 0.955469 0.026562 0.017188
0 0.891406 0.963281 0.023438 0.014063
0 0.896875 0.973437 0.021875 0.012500
0 0.801562 0.972656 0.021875 0.010937
0 0.821094 0.982031 0.023438 0.010937
0 0.807031 0.995313 0.023438 0.009375
0 0.826562 0.996875 0.021875 0.006250
0 0.142187 0.749219 0.025000 0.017188
