0 0.264844 0.024219 0.026562 0.007812
0 0.263281 0.035937 0.032813 0.012500
0 0.261719 0.043750 0.026562 0.009375
0 0.259375 0.052344 0.031250 0.010937
0 0.263281 0.064062 0.026562 0.012500
0 0.255469 0.079687 0.029687 0.012500
0 0.256250 0.092188 0.028125 0.012500
0 0.257031 0.101562 0.026562 0.012500
0 0.253906 0.118750 0.032813 0.012500
0 0.250781 0.138281 0.026562 0.010937
0 0.252344 0.147656 0.032813 0.010937
0 0.252344 0.159375 0.032813 0.012500
0 0.313281 0.147656 0.026562 0.010937
0 0.378125 0.211719 0.015625 0.020313
0 0.400000 0.211719 0.018750 0.020313
0 0.437500 0.225000 0.015625 0.018750
0 0.464062 0.227344 0.015625 0.023438
0 0.518750 0.257031 0.021875 0.026562
0 0.375781 0.256250 0.017188 0.025000
0 0.400000 0.261719 0.018750 0.023438
0 0.264062 0.243750 0.025000 0.018750
0 0.257031 0.253906 0.026562 0.017188
0 0.240625 0.268750 0.028125 0.018750
0 0.235156 0.276562 0.023438 0.018750
0 0.202344 0.314063 0.026562 0.015625
0 0.192969 0.322656 0.023438 0.017188
0 0.181250 0.338281 0.025000 0.020313
0 0.171875 0.346094 0.025000 0.017188
0 0.159375 0.361719 0.025000 0.017188
0 0.147656 0.378125 0.029687 0.021875
0 0.265625 0.325000 0.021875 0.018750
0 0.256250 0.335156 0.021875 0.017188
0 0.007812 0.510938 0.012500 0.021875
0 0.020313 0.514062 0.012500 0.018750
0 0.046094 0.512500 0.017188 0.021875
0 0.067969 0.514062 0.014063 0.021875
0 0.082031 0.514844 0.010937 0.020313
0 0.106250 0.517188 0.015625 0.018750
0 0.015625 0.556250 0.015625 0.025000
0 0.052344 0.560937 0.017188 0.025000
0 0.172656 0.567969 0.014063 0.023438
0 0.186719 0.566406 0.010937 0.017188
0 0.317969 0.521094 0.017188 0.023438
0 0.347656 0.512500 0.020313 0.018750
0 0.355469 0.504687 0.020313 0.018750
0 0.365625 0.500000 0.021875 0.021875
0 0.405469 0.479687 0.023438 0.018750
0 0.416406 0.471094 0.020313 0.020313
0 0.426563 0.466406 0.025000 0.017188
0 0.445312 0.453906 0.021875 0.023438
0 0.458594 0.446094 0.026562 0.026562
0 0.615625 0.418750 0.025000 0.021875
0 0.603906 0.423438 0.023438 0.021875
0 0.593750 0.429688 0.025000 0.018750
0 0.579688 0.433594 0.018750 0.023438
0 0.323437 0.567187 0.018750 0.021875
0 0.334375 0.565625 0.015625 0.021875
0 0.347656 0.562500 0.017188 0.025000
0 0.360156 0.558594 0.020313 0.023438
0 0.373437 0.552344 0.018750 0.020313
0 0.394531 0.542969 0.023438 0.020313
0 0.432031 0.519531 0.020313 0.023438
0 0.446094 0.514062 0.020313 0.018750
0 0.211719 0.677344 0.029687 0.010937
0 0.205469 0.696875 0.026562 0.012500
0 0.204687 0.708594 0.021875 0.007812
0 0.203125 0.715625 0.025000 0.009375
0 0.203125 0.725000 0.025000 0.009375
0 0.260937 0.729688 0.025000 0.012500
0 0.593750 0.596875 0.028125 0.012500
0 0.608594 0.508594 0.023438 0.020313
0 0.595313 0.606250 0.028125 0.009375
0 0.592969 0.616406 0.026562 0.007812
0 0.583594 0.643750 0.029687 0.015625
0 0.585938 0.660156 0.031250 0.014063
0 0.582812 0.671875 0.028125 0.012500
0 0.582812 0.681250 0.028125 0.006250
0 0.584375 0.692187 0.028125 0.012500
0 0.578906 0.720313 0.029687 0.012500
0 0.579688 0.307812 0.021875 0.021875
0 0.592187 0.314063 0.021875 0.015625
0 0.013281 0.868750 0.017188 0.025000
0 0.043750 0.868750 0.018750 0.018750
0 0.053906 0.871094 0.020313 0.023438
0 0.079687 0.873437 0.018750 0.021875
0 0.011719 0.917969 0.014063 0.029687
0 0.025000 0.918750 0.012500 0.028125
0 0.035156 0.916406 0.014063 0.023438
0 0.048438 0.917188 0.015625 0.025000
0 0.070312 0.921875 0.018750 0.025000
