0 0.009375 0.942969 0.015625 0.010937
0 0.005469 0.960938 0.007812 0.012500
0 0.007031 0.981250 0.010937 0.009375
0 0.385156 0.012500 0.029687 0.012500
0 0.360156 0.018750 0.026562 0.015625
0 0.343750 0.244531 0.025000 0.010937
0 0.341406 0.253906 0.026562 0.007812
0 0.336719 0.269531 0.023438 0.014063
0 0.327344 0.300781 0.026562 0.010937
0 0.322656 0.317188 0.023438 0.012500
0 0.317188 0.328125 0.021875 0.012500
0 0.269531 0.247656 0.026562 0.010937
0 0.266406 0.257031 0.029687 0.010937
0 0.263281 0.267188 0.023438 0.009375
0 0.262500 0.275781 0.025000 0.010937
0 0.254688 0.295312 0.025000 0.009375
0 0.253906 0.305469 0.026562 0.007812
0 0.255469 0.314844 0.026562 0.007812
0 0.248438 0.332813 0.028125 0.009375
0 0.038281 0.625781 0.023438 0.010937
0 0.064844 0.625781 0.020313 0.010937
0 0.096875 0.626563 0.028125 0.015625
0 0.228906 0.551562 0.023438 0.012500
0 0.228125 0.542969 0.028125 0.014063
0 0.224219 0.602344 0.026562 0.017188
0 0.282813 0.558594 0.028125 0.014063
0 0.285156 0.574219 0.023438 0.010937
0 0.285156 0.584375 0.023438 0.009375
0 0.282813 0.607031 0.025000 0.010937
0 0.309375 0.575000 0.025000 0.009375
0 0.307031 0.583594 0.023438 0.007812
0 0.307031 0.601562 0.029687 0.012500
0 0.614062 0.600781 0.031250 0.010937
0 0.612500 0.610938 0.025000 0.012500
0 0.674219 0.565625 0.023438 0.012500
0 0.697656 0.566406 0.029687 0.010937
0 0.673438 0.575781 0.025000 0.007812
0 0.668750 0.590625 0.021875 0.009375
0 0.667969 0.600000 0.023438 0.009375
0 0.668750 0.609375 0.021875 0.009375
0 0.064062 0.677344 0.031250 0.014063
0 0.733594 0.014844 0.032813 0.017188
0 0.728125 0.032031 0.028125 0.017188
0 0.750781 0.045312 0.039062 0.021875
0 0.810156 0.018750 0.029687 0.018750
0 0.821094 0.050000 0.048438 0.025000
0 0.985938 0.121875 0.015625 0.025000
0 0.982031 0.178906 0.014063 0.029687
0 0.965625 0.237500 0.015625 0.025000
0 0.903125 0.535156 0.015625 0.029687
0 0.907813 0.466406 0.021875 0.026562
0 0.939844 0.500781 0.017188 0.023438
0 0.950000 0.502344 0.015625 0.023438
0 0.899219 0.577344 0.017188 0.029687
0 0.781250 0.693750 0.028125 0.018750
0 0.260937 0.430469 0.021875 0.029687
