0 0.059375 0.067187 0.021875 0.012500
0 0.077344 0.101562 0.032813 0.015625
0 0.052344 0.185938 0.032813 0.012500
0 0.171094 0.136719 0.029687 0.010937
0 0.407813 0.098437 0.031250 0.012500
0 0.516406 0.064844 0.023438 0.014063
0 0.650000 0.080469 0.025000 0.014063
0 0.732812 0.077344 0.031250 0.010937
0 0.732031 0.028125 0.026562 0.012500
0 0.742188 0.042188 0.028125 0.012500
0 0.801562 0.056250 0.025000 0.009375
0 0.830469 0.016406 0.026562 0.010937
0 0.880469 0.021875 0.026562 0.009375
0 0.887500 0.007812 0.025000 0.009375
0 0.941406 0.014063 0.029687 0.009375
0 0.992188 0.075781 0.012500 0.017188
0 0.976562 0.184375 0.018750 0.021875
0 0.894531 0.060937 0.023438 0.012500
0 0.935156 0.075000 0.023438 0.018750
0 0.892188 0.096875 0.021875 0.018750
0 0.882812 0.107813 0.015625 0.018750
0 0.876563 0.115625 0.015625 0.018750
0 0.856250 0.173437 0.025000 0.015625
0 0.575000 0.227344 0.025000 0.048438
0 0.602344 0.228906 0.026562 0.048438
0 0.692187 0.756250 0.015625 0.021875
0 0.656250 0.794531 0.012500 0.017188
0 0.642188 0.796094 0.012500 0.017188
0 0.616406 0.796094 0.017188 0.017188
