0 0.555469 0.736719 0.017188 0.020313
0 0.835156 0.648438 0.032813 0.015625
0 0.841406 0.385937 0.017188 0.025000
0 0.915625 0.385156 0.015625 0.020313
0 0.957812 0.389844 0.018750 0.023438
0 0.994531 0.667188 0.010937 0.025000
0 0.977344 0.726562 0.026562 0.018750
0 0.500000 0.919531 0.028125 0.014063
0 0.496875 0.933594 0.025000 0.014063
0 0.970313 0.076563 0.025000 0.012500
0 0.967187 0.107813 0.025000 0.012500
0 0.964844 0.123438 0.026562 0.018750
0 0.960938 0.144531 0.025000 0.007812
0 0.964844 0.185156 0.029687 0.017188
0 0.969531 0.196875 0.026562 0.015625
0 0.978906 0.203906 0.026562 0.017188
0 0.988281 0.213281 0.020313 0.014063
