0 0.897837 0.965144 0.016827 0.021635
0 0.919471 0.740385 0.021635 0.043269
0 0.769231 0.769231 0.038462 0.014423
0 0.772837 0.790865 0.036058 0.014423
0 0.768029 0.804087 0.031250 0.012019
0 0.768029 0.819712 0.036058 0.014423
0 0.760817 0.877404 0.040865 0.014423
0 0.500000 0.819712 0.038462 0.014423
0 0.704327 0.616587 0.028846 0.012019
0 0.739183 0.616587 0.040865 0.016827
0 0.896635 0.544471 0.019231 0.021635
0 0.920673 0.548077 0.024038 0.028846
0 0.941106 0.554087 0.016827 0.026442
0 0.381010 0.554087 0.031250 0.012019
0 0.331731 0.596154 0.033654 0.014423
0 0.256010 0.584135 0.045673 0.014423
0 0.106971 0.461538 0.040865 0.014423
0 0.099760 0.474760 0.036058 0.012019
0 0.100962 0.498798 0.043269 0.012019
0 0.193510 0.412260 0.031250 0.012019
0 0.224760 0.413462 0.031250 0.014423
0 0.186298 0.427885 0.040865 0.014423
0 0.179087 0.455529 0.031250 0.012019
0 0.179087 0.465144 0.031250 0.007212
0 0.180288 0.475962 0.038462 0.014423
0 0.491587 0.441106 0.016827 0.026442
0 0.501202 0.411058 0.016827 0.028846
0 0.504808 0.377404 0.019231 0.028846
0 0.509615 0.277644 0.014423 0.021635
0 0.512019 0.247596 0.024038 0.024038
0 0.554087 0.326923 0.016827 0.024038
0 0.816106 0.146635 0.021635 0.028846
0 0.790865 0.146635 0.014423 0.024038
0 0.710337 0.132212 0.021635 0.028846
0 0.694712 0.147837 0.014423 0.021635
0 0.771635 0.060096 0.014423 0.024038
0 0.818510 0.060096 0.016827 0.024038
0 0.974760 0.069712 0.016827 0.024038
0 0.989183 0.856971 0.021635 0.012019
