0 0.300781 0.254688 0.023438 0.021875
0 0.458594 0.165625 0.014063 0.018750
0 0.471094 0.226562 0.014063 0.021875
0 0.485156 0.225781 0.014063 0.020313
0 0.485156 0.334375 0.017188 0.021875
0 0.607031 0.267188 0.017188 0.021875
0 0.559375 0.328906 0.015625 0.023438
0 0.571875 0.328906 0.015625 0.020313
0 0.574219 0.348438 0.010937 0.018750
0 0.889844 0.266406 0.010937 0.023438
0 0.914844 0.279687 0.014063 0.021875
0 0.914062 0.327344 0.015625 0.023438
0 0.891406 0.326562 0.014063 0.021875
0 0.869531 0.322656 0.014063 0.020313
0 0.894531 0.349219 0.017188 0.023438
0 0.908594 0.599219 0.014063 0.020313
0 0.858594 0.759375 0.023438 0.015625
0 0.482031 0.797656 0.026562 0.020313
0 0.543750 0.905469 0.025000 0.014063
0 0.615625 0.900781 0.021875 0.014063
0 0.760938 0.972656 0.021875 0.014063
0 0.136719 0.453125 0.029687 0.012500
