0 0.129688 0.369531 0.031250 0.010937
0 0.181250 0.397656 0.034375 0.017188
0 0.221094 0.388281 0.032813 0.017188
0 0.896875 0.465625 0.034375 0.015625
0 0.193750 0.537500 0.028125 0.021875
0 0.241406 0.538281 0.023438 0.023438
0 0.257812 0.540625 0.018750 0.021875
0 0.270313 0.542969 0.015625 0.020313
0 0.286719 0.542188 0.017188 0.021875
0 0.303906 0.543750 0.020313 0.025000
0 0.626563 0.567187 0.015625 0.025000
0 0.642969 0.569531 0.020313 0.026562
0 0.735938 0.573438 0.018750 0.021875
0 0.767188 0.577344 0.021875 0.023438
0 0.157031 0.721094 0.029687 0.020313
0 0.194531 0.763281 0.020313 0.026562
0 0.375781 0.795312 0.032813 0.015625
0 0.414844 0.796875 0.032813 0.015625
0 0.821094 0.595313 0.026562 0.012500
0 0.970313 0.671094 0.034375 0.017188
0 0.902344 0.646094 0.020313 0.017188
0 0.896875 0.685937 0.034375 0.018750
0 0.896094 0.696875 0.029687 0.015625
