0 0.585938 0.007812 0.021875 0.009375
0 0.696875 0.065625 0.018750 0.009375
0 0.736719 0.089063 0.026562 0.009375
0 0.577344 0.114844 0.020313 0.010937
0 0.627344 0.203125 0.010937 0.021875
0 0.639844 0.201563 0.010937 0.018750
0 0.676562 0.196875 0.015625 0.021875
0 0.689063 0.192969 0.009375 0.017188
0 0.496875 0.013281 0.009375 0.017188
0 0.485156 0.004687 0.010937 0.006250
0 0.484375 0.015625 0.012500 0.015625
0 0.484375 0.039844 0.012500 0.017188
0 0.496875 0.039062 0.012500 0.018750
0 0.503906 0.154688 0.010937 0.015625
0 0.517188 0.154688 0.012500 0.015625
0 0.532031 0.163281 0.010937 0.014063
0 0.517969 0.180469 0.010937 0.020313
0 0.502344 0.174219 0.010937 0.017188
0 0.505469 0.201563 0.010937 0.018750
0 0.515625 0.203906 0.012500 0.017188
0 0.532031 0.197656 0.014063 0.020313
0 0.518750 0.219531 0.009375 0.014063
0 0.503906 0.219531 0.010937 0.017188
0 0.505469 0.242188 0.014063 0.021875
0 0.518750 0.242188 0.012500 0.018750
0 0.283594 0.083594 0.014063 0.017188
0 0.253906 0.084375 0.017188 0.018750
0 0.206250 0.074219 0.021875 0.010937
0 0.210156 0.085156 0.020313 0.010937
0 0.196094 0.023438 0.020313 0.015625
0 0.067969 0.158594 0.026562 0.010937
0 0.192188 0.136719 0.028125 0.010937
0 0.157031 0.292969 0.020313 0.042188
0 0.134375 0.292969 0.021875 0.042188
0 0.371094 0.212500 0.032813 0.012500
0 0.427344 0.175000 0.017188 0.018750
0 0.421094 0.182812 0.020313 0.018750
0 0.413281 0.192188 0.020313 0.018750
