0 0.751202 0.689904 0.021635 0.033654
0 0.652644 0.603365 0.040865 0.028846
0 0.546875 0.600962 0.021635 0.033654
0 0.318510 0.520433 0.026442 0.036058
0 0.302885 0.506010 0.024038 0.026442
0 0.277644 0.487981 0.021635 0.028846
0 0.257212 0.475962 0.028846 0.033654
0 0.379808 0.445913 0.019231 0.026442
0 0.362981 0.444712 0.019231 0.028846
0 0.659856 0.437500 0.016827 0.024038
0 0.722356 0.385817 0.036058 0.021635
0 0.734375 0.331731 0.040865 0.024038
0 0.730769 0.312500 0.038462 0.024038
0 0.750000 0.282452 0.038462 0.016827
0 0.585337 0.332933 0.036058 0.021635
0 0.598558 0.314904 0.033654 0.019231
0 0.655048 0.224760 0.036058 0.016827
0 0.743990 0.182692 0.026442 0.028846
0 0.740385 0.146635 0.028846 0.024038
0 0.754808 0.137019 0.028846 0.024038
0 0.866587 0.159856 0.040865 0.026442
0 0.947115 0.073317 0.033654 0.021635
0 0.906250 0.121394 0.028846 0.021635
0 0.856971 0.189904 0.026442 0.028846
