0 0.507812 0.728125 0.025000 0.015625
0 0.507812 0.740625 0.025000 0.015625
0 0.507812 0.752344 0.012500 0.010937
0 0.510156 0.768750 0.020313 0.012500
0 0.548438 0.783594 0.015625 0.020313
0 0.572656 0.764844 0.010937 0.017188
0 0.592187 0.766406 0.018750 0.020313
0 0.606250 0.765625 0.015625 0.021875
0 0.620313 0.768750 0.012500 0.015625
0 0.539844 0.819531 0.032813 0.017188
0 0.561719 0.830469 0.014063 0.020313
0 0.580469 0.831250 0.017188 0.021875
0 0.595313 0.830469 0.015625 0.023438
0 0.617969 0.831250 0.014063 0.015625
0 0.026562 0.261719 0.021875 0.010937
0 0.024219 0.277344 0.026562 0.014063
