0 0.506010 0.133413 0.045673 0.021635
0 0.641827 0.129808 0.038462 0.019231
0 0.638221 0.144231 0.036058 0.019231
0 0.640625 0.189904 0.040865 0.019231
0 0.558894 0.329327 0.021635 0.033654
0 0.646635 0.456731 0.019231 0.028846
0 0.646635 0.427885 0.019231 0.024038
0 0.669471 0.437500 0.021635 0.024038
0 0.757212 0.493990 0.038462 0.016827
0 0.733173 0.544471 0.024038 0.026442
0 0.750000 0.575721 0.024038 0.026442
0 0.788462 0.566106 0.028846 0.064904
0 0.858173 0.569712 0.024038 0.028846
0 0.490385 0.576923 0.024038 0.024038
0 0.490385 0.663462 0.038462 0.028846
0 0.778846 0.929087 0.024038 0.031250
0 0.829327 0.905048 0.024038 0.021635
0 0.849760 0.896635 0.026442 0.028846
0 0.957933 0.889423 0.026442 0.024038
0 0.980769 0.949519 0.024038 0.024038
0 0.968750 0.599760 0.024038 0.026442
0 0.983173 0.582933 0.019231 0.031250
0 0.368990 0.561298 0.040865 0.026442
0 0.355769 0.578125 0.038462 0.026442
0 0.016827 0.457933 0.028846 0.026442
0 0.079327 0.793269 0.038462 0.024038
0 0.018029 0.032452 0.031250 0.031250
0 0.031250 0.022837 0.019231 0.021635
0 0.459135 0.129808 0.033654 0.014423
