0 0.357812 0.144531 0.012500 0.023438
0 0.329688 0.305469 0.018750 0.010937
0 0.811719 0.546875 0.010937 0.021875
0 0.770312 0.579688 0.012500 0.018750
0 0.710156 0.542188 0.014063 0.018750
0 0.821875 0.546094 0.009375 0.020313
0 0.834375 0.550000 0.012500 0.018750
0 0.850000 0.550781 0.012500 0.023438
0 0.862500 0.553125 0.009375 0.021875
0 0.874219 0.551562 0.010937 0.018750
0 0.885156 0.551562 0.010937 0.021875
0 0.967187 0.557031 0.012500 0.020313
0 0.936719 0.553125 0.010937 0.018750
0 0.925781 0.553906 0.010937 0.020313
0 0.907031 0.589844 0.010937 0.020313
0 0.921875 0.592187 0.009375 0.021875
0 0.933594 0.592969 0.010937 0.020313
0 0.822656 0.665625 0.010937 0.021875
0 0.803125 0.700781 0.015625 0.020313
0 0.802344 0.664844 0.010937 0.017188
0 0.750000 0.660156 0.009375 0.020313
0 0.731250 0.660937 0.009375 0.018750
0 0.721094 0.660156 0.010937 0.020313
0 0.713281 0.691406 0.010937 0.014063
0 0.721875 0.693750 0.012500 0.018750
0 0.789062 0.699219 0.012500 0.020313
