0 0.389062 0.246875 0.018750 0.021875
0 0.416406 0.243750 0.017188 0.028125
0 0.252344 0.332031 0.029687 0.010937
0 0.278906 0.329688 0.026562 0.012500
0 0.353906 0.331250 0.026562 0.009375
0 0.337500 0.457031 0.021875 0.026562
0 0.305469 0.487500 0.023438 0.021875
0 0.471875 0.496875 0.015625 0.021875
0 0.485156 0.549219 0.023438 0.023438
0 0.498437 0.592969 0.021875 0.020313
0 0.503906 0.627344 0.023438 0.026562
0 0.481250 0.711719 0.025000 0.014063
0 0.414844 0.739844 0.032813 0.017188
0 0.461719 0.729688 0.023438 0.012500
0 0.606250 0.650781 0.028125 0.010937
0 0.643750 0.643750 0.021875 0.012500
0 0.671094 0.639844 0.023438 0.010937
0 0.617188 0.660937 0.025000 0.009375
0 0.640625 0.657031 0.025000 0.014063
0 0.679688 0.650781 0.031250 0.014063
0 0.843750 0.615625 0.025000 0.009375
0 0.948438 0.627344 0.028125 0.010937
0 0.727344 0.825781 0.017188 0.026562
0 0.674219 0.835156 0.017188 0.017188
0 0.570312 0.376563 0.021875 0.015625
0 0.581250 0.403125 0.028125 0.015625
0 0.585156 0.414062 0.026562 0.009375
0 0.586719 0.423438 0.029687 0.009375
0 0.725781 0.157031 0.026562 0.010937
0 0.845313 0.260156 0.028125 0.014063
0 0.875781 0.283594 0.026562 0.010937
0 0.885938 0.328906 0.028125 0.017188
0 0.915625 0.246094 0.025000 0.014063
0 0.919531 0.257031 0.026562 0.017188
0 0.946094 0.261719 0.026562 0.017188
0 0.951562 0.278125 0.021875 0.012500
0 0.989844 0.231250 0.020313 0.012500
0 0.992969 0.242188 0.014063 0.009375
0 0.993750 0.257031 0.009375 0.010937
0 0.973437 0.378906 0.028125 0.014063
0 0.989844 0.393750 0.020313 0.012500
0 0.989062 0.479687 0.021875 0.018750
0 0.530469 0.800781 0.023438 0.007812
0 0.528125 0.789844 0.028125 0.007812
0 0.528125 0.781250 0.018750 0.015625
0 0.517969 0.775781 0.014063 0.014063
0 0.506250 0.771875 0.012500 0.015625
0 0.496094 0.767969 0.014063 0.020313
0 0.483594 0.769531 0.017188 0.020313
0 0.471094 0.769531 0.017188 0.020313
0 0.431250 0.775000 0.015625 0.018750
0 0.421875 0.777344 0.015625 0.020313
0 0.410156 0.778906 0.014063 0.020313
0 0.399219 0.784375 0.017188 0.021875
0 0.388281 0.783594 0.010937 0.017188
0 0.376563 0.785156 0.012500 0.020313
0 0.367188 0.788281 0.009375 0.020313
0 0.357812 0.789062 0.015625 0.018750
0 0.456250 0.821094 0.012500 0.020313
0 0.442188 0.821094 0.012500 0.023438
0 0.427344 0.822656 0.014063 0.020313
0 0.415625 0.824219 0.012500 0.020313
0 0.404687 0.823438 0.012500 0.021875
0 0.389062 0.800781 0.012500 0.017188
0 0.378125 0.800781 0.009375 0.017188
0 0.363281 0.807813 0.014063 0.012500
0 0.365625 0.829688 0.015625 0.021875
0 0.358594 0.849219 0.017188 0.020313
0 0.431250 0.845313 0.015625 0.018750
0 0.432031 0.882812 0.017188 0.021875
0 0.396094 0.865625 0.020313 0.012500
0 0.396875 0.874219 0.021875 0.010937
0 0.325781 0.792188 0.014063 0.015625
0 0.317969 0.795312 0.017188 0.015625
0 0.304688 0.807813 0.025000 0.012500
0 0.289844 0.824219 0.020313 0.014063
0 0.286719 0.833594 0.020313 0.007812
0 0.305469 0.855469 0.023438 0.010937
0 0.300000 0.878125 0.018750 0.009375
0 0.289844 0.921094 0.023438 0.010937
0 0.309375 0.925000 0.015625 0.015625
0 0.286719 0.903125 0.023438 0.012500
0 0.270313 0.935937 0.015625 0.012500
0 0.288281 0.935156 0.020313 0.010937
0 0.289844 0.945312 0.020313 0.006250
0 0.288281 0.952344 0.023438 0.010937
0 0.267188 0.952344 0.015625 0.010937
0 0.285938 0.964063 0.021875 0.015625
0 0.285938 0.975781 0.025000 0.010937
0 0.192969 0.816406 0.026562 0.010937
0 0.192188 0.833594 0.021875 0.010937
0 0.195312 0.844531 0.021875 0.007812
0 0.195312 0.851562 0.021875 0.009375
0 0.196875 0.860938 0.021875 0.006250
0 0.196875 0.867969 0.025000 0.007812
0 0.196875 0.875781 0.021875 0.010937
0 0.142969 0.841406 0.026562 0.007812
0 0.169531 0.837500 0.020313 0.009375
0 0.172656 0.853125 0.023438 0.012500
0 0.169531 0.864062 0.026562 0.009375
0 0.171094 0.875000 0.023438 0.009375
0 0.192188 0.890625 0.028125 0.009375
0 0.194531 0.899219 0.023438 0.007812
0 0.199219 0.908594 0.023438 0.007812
0 0.199219 0.932813 0.023438 0.009375
0 0.197656 0.924219 0.032813 0.007812
0 0.142187 0.871094 0.012500 0.017188
0 0.131250 0.869531 0.012500 0.014063
0 0.118750 0.871094 0.015625 0.017188
0 0.107813 0.869531 0.012500 0.020313
0 0.103125 0.892969 0.009375 0.017188
0 0.112500 0.889844 0.009375 0.017188
0 0.120313 0.889062 0.012500 0.018750
0 0.132812 0.891406 0.012500 0.017188
0 0.146875 0.892969 0.012500 0.017188
0 0.149219 0.910156 0.010937 0.017188
0 0.135937 0.910937 0.012500 0.018750
0 0.123438 0.909375 0.009375 0.018750
0 0.110937 0.910156 0.012500 0.017188
0 0.099219 0.910937 0.010937 0.018750
0 0.048438 0.841406 0.015625 0.017188
0 0.028906 0.855469 0.023438 0.010937
0 0.053906 0.912500 0.014063 0.021875
0 0.114062 0.941406 0.018750 0.020313
0 0.039844 0.911719 0.010937 0.020313
0 0.025000 0.913281 0.015625 0.020313
0 0.009375 0.910937 0.015625 0.021875
0 0.017969 0.896094 0.017188 0.010937
0 0.016406 0.882812 0.017188 0.012500
0 0.003906 0.885156 0.004687 0.010937
