0 0.399219 0.010937 0.023438 0.018750
0 0.353906 0.042188 0.020313 0.021875
0 0.053125 0.035937 0.018750 0.015625
0 0.145313 0.108594 0.018750 0.020313
0 0.153906 0.117188 0.023438 0.018750
0 0.263281 0.265625 0.020313 0.018750
0 0.282813 0.307812 0.021875 0.018750
0 0.186719 0.331250 0.020313 0.009375
0 0.135937 0.311719 0.015625 0.017188
0 0.092188 0.342969 0.021875 0.017188
0 0.134375 0.410156 0.018750 0.014063
0 0.183594 0.403906 0.017188 0.010937
0 0.407031 0.292969 0.020313 0.020313
0 0.467969 0.392188 0.014063 0.025000
0 0.481250 0.439844 0.015625 0.023438
0 0.488281 0.508594 0.017188 0.023438
0 0.950000 0.360938 0.018750 0.018750
0 0.889062 0.386719 0.021875 0.014063
0 0.835938 0.407813 0.021875 0.015625
0 0.865625 0.415625 0.021875 0.015625
0 0.820312 0.432031 0.018750 0.010937
0 0.802344 0.439844 0.020313 0.014063
0 0.626563 0.459375 0.021875 0.012500
0 0.956250 0.642188 0.015625 0.021875
0 0.894531 0.646875 0.014063 0.025000
0 0.797656 0.660156 0.017188 0.023438
0 0.725781 0.660937 0.020313 0.025000
0 0.954688 0.686719 0.025000 0.017188
0 0.931250 0.687500 0.021875 0.015625
0 0.849219 0.696094 0.023438 0.017188
0 0.826562 0.700781 0.028125 0.014063
0 0.790625 0.703125 0.025000 0.012500
0 0.684375 0.714063 0.028125 0.012500
0 0.598437 0.717187 0.021875 0.012500
0 0.619531 0.673438 0.017188 0.025000
0 0.332031 0.711719 0.020313 0.010937
0 0.305469 0.710156 0.020313 0.014063
0 0.090625 0.705469 0.025000 0.010937
0 0.029687 0.686719 0.025000 0.017188
0 0.030469 0.706250 0.026562 0.018750
0 0.150781 0.732031 0.026562 0.020313
