0 0.069531 0.232031 0.029687 0.017188
0 0.162500 0.336719 0.034375 0.017188
0 0.307812 0.307031 0.037500 0.017188
0 0.587500 0.134375 0.028125 0.021875
0 0.617188 0.143750 0.037500 0.015625
0 0.628906 0.248438 0.029687 0.018750
0 0.700781 0.097656 0.029687 0.017188
0 0.702344 0.127344 0.035937 0.017188
0 0.813281 0.092969 0.035937 0.020313
0 0.797656 0.110156 0.032813 0.017188
0 0.899219 0.062500 0.029687 0.015625
0 0.923438 0.077344 0.037500 0.014063
0 0.854688 0.453906 0.025000 0.017188
0 0.849219 0.472656 0.020313 0.014063
0 0.850781 0.483594 0.020313 0.010937
0 0.791406 0.650000 0.032813 0.015625
0 0.793750 0.663281 0.034375 0.014063
0 0.807813 0.782813 0.025000 0.018750
0 0.810937 0.793750 0.025000 0.015625
0 0.821875 0.804688 0.031250 0.018750
0 0.911719 0.968750 0.029687 0.021875
0 0.924219 0.992188 0.029687 0.015625
0 0.825781 0.821094 0.029687 0.014063
0 0.833594 0.829688 0.026562 0.018750
0 0.882031 0.539062 0.023438 0.012500
0 0.878125 0.559375 0.025000 0.015625
0 0.875000 0.571875 0.021875 0.015625
0 0.870313 0.585938 0.025000 0.012500
0 0.866406 0.596875 0.023438 0.015625
0 0.853906 0.625781 0.026562 0.017188
0 0.857031 0.664062 0.032813 0.015625
0 0.857031 0.689063 0.026562 0.009375
0 0.861719 0.708594 0.023438 0.010937
0 0.864062 0.721094 0.031250 0.010937
0 0.867188 0.736719 0.034375 0.020313
0 0.871094 0.779687 0.023438 0.018750
0 0.884375 0.792188 0.025000 0.012500
0 0.897656 0.813281 0.026562 0.017188
0 0.901563 0.825781 0.031250 0.010937
0 0.912500 0.838281 0.028125 0.017188
0 0.944531 0.868750 0.020313 0.025000
0 0.962500 0.869531 0.012500 0.029687
0 0.972656 0.864844 0.017188 0.023438
0 0.988281 0.866406 0.010937 0.026562
0 0.988281 0.913281 0.010937 0.026562
