0 0.127344 0.212500 0.023438 0.028125
0 0.121875 0.361719 0.018750 0.026562
0 0.108594 0.467969 0.017188 0.026562
0 0.113281 0.518750 0.020313 0.021875
0 0.096094 0.546875 0.014063 0.025000
0 0.532813 0.929688 0.053125 0.043750
0 0.514844 0.952344 0.051562 0.035937
0 0.806250 0.653906 0.018750 0.017188
0 0.810937 0.644531 0.018750 0.014063
0 0.818750 0.639062 0.018750 0.015625
0 0.828906 0.632031 0.017188 0.017188
0 0.839063 0.621094 0.018750 0.014063
0 0.873437 0.647656 0.021875 0.020313
0 0.855469 0.679688 0.023438 0.021875
0 0.869531 0.675781 0.014063 0.017188
0 0.875781 0.668750 0.014063 0.018750
0 0.883594 0.665625 0.020313 0.018750
0 0.904687 0.566406 0.021875 0.017188
0 0.914844 0.560937 0.017188 0.015625
0 0.921094 0.556250 0.017188 0.015625
0 0.929688 0.552344 0.018750 0.017188
0 0.936719 0.543750 0.017188 0.015625
0 0.942969 0.537500 0.020313 0.018750
0 0.950000 0.532813 0.018750 0.012500
0 0.959375 0.528906 0.018750 0.014063
0 0.962500 0.521875 0.018750 0.015625
0 0.970313 0.517969 0.018750 0.020313
0 0.976562 0.511719 0.018750 0.017188
0 0.983594 0.507031 0.017188 0.017188
0 0.990625 0.498437 0.018750 0.018750
0 0.942969 0.596094 0.020313 0.017188
0 0.953125 0.590625 0.015625 0.012500
0 0.957812 0.607031 0.015625 0.014063
0 0.966406 0.605469 0.017188 0.014063
0 0.973437 0.596875 0.018750 0.015625
0 0.958594 0.584375 0.017188 0.012500
0 0.964844 0.579688 0.020313 0.015625
0 0.970313 0.571875 0.015625 0.012500
0 0.978125 0.564844 0.015625 0.014063
0 0.985938 0.561719 0.018750 0.014063
0 0.990625 0.557813 0.015625 0.015625
0 0.995313 0.550000 0.009375 0.015625
0 0.982031 0.592187 0.017188 0.012500
0 0.989062 0.585156 0.018750 0.017188
0 0.993750 0.578906 0.012500 0.014063
