0 0.653125 0.517188 0.031250 0.015625
0 0.565625 0.940625 0.018750 0.062500
0 0.252344 0.706250 0.029687 0.012500
0 0.327344 0.835938 0.023438 0.009375
0 0.327344 0.846094 0.026562 0.010937
0 0.381250 0.699219 0.028125 0.007812
0 0.384375 0.708594 0.025000 0.007812
0 0.384375 0.718750 0.028125 0.009375
0 0.381250 0.742969 0.028125 0.010937
0 0.381250 0.755469 0.025000 0.007812
0 0.380469 0.762500 0.026562 0.009375
0 0.385937 0.773438 0.025000 0.012500
0 0.384375 0.781250 0.028125 0.009375
0 0.384375 0.790625 0.028125 0.009375
0 0.384375 0.800000 0.028125 0.009375
0 0.414062 0.318750 0.015625 0.028125
