0 0.869531 0.440625 0.010937 0.015625
0 0.622656 0.640625 0.010937 0.012500
0 0.652344 0.613281 0.014063 0.014063
0 0.660937 0.606250 0.012500 0.012500
0 0.667188 0.599219 0.012500 0.010937
0 0.679688 0.590625 0.012500 0.006250
0 0.687500 0.585156 0.012500 0.014063
0 0.696094 0.579688 0.014063 0.012500
0 0.703125 0.571875 0.012500 0.009375
0 0.712500 0.565625 0.012500 0.012500
0 0.720313 0.559375 0.015625 0.009375
0 0.728906 0.552344 0.010937 0.010937
0 0.737500 0.546094 0.015625 0.010937
0 0.746094 0.540625 0.010937 0.015625
0 0.756250 0.532031 0.012500 0.010937
0 0.761719 0.525781 0.014063 0.010937
0 0.771094 0.518750 0.010937 0.009375
0 0.779687 0.512500 0.012500 0.009375
0 0.787500 0.507031 0.009375 0.010937
0 0.793750 0.499219 0.012500 0.010937
0 0.803125 0.494531 0.012500 0.010937
0 0.811719 0.486719 0.010937 0.010937
0 0.817969 0.481250 0.010937 0.009375
0 0.828906 0.475000 0.014063 0.009375
0 0.687500 0.673438 0.009375 0.009375
0 0.699219 0.669531 0.010937 0.014063
0 0.703906 0.687500 0.010937 0.012500
0 0.776563 0.600781 0.012500 0.017188
0 0.789062 0.592969 0.009375 0.014063
0 0.794531 0.586719 0.010937 0.014063
0 0.803906 0.579688 0.007812 0.015625
0 0.809375 0.574219 0.012500 0.014063
0 0.819531 0.568750 0.007812 0.015625
0 0.828906 0.560937 0.007812 0.012500
0 0.838281 0.555469 0.007812 0.010937
0 0.846875 0.548438 0.009375 0.012500
0 0.853906 0.539844 0.010937 0.010937
0 0.862500 0.535937 0.009375 0.012500
0 0.870313 0.530469 0.009375 0.010937
0 0.879687 0.521094 0.009375 0.014063
0 0.908594 0.519531 0.010937 0.014063
0 0.786719 0.620313 0.010937 0.009375
0 0.792969 0.611719 0.010937 0.010937
0 0.803125 0.606250 0.009375 0.015625
0 0.814844 0.605469 0.007812 0.010937
0 0.821094 0.594531 0.010937 0.010937
0 0.832031 0.588281 0.007812 0.017188
0 0.844531 0.574219 0.010937 0.014063
0 0.839063 0.585938 0.012500 0.015625
0 0.854688 0.568750 0.009375 0.012500
0 0.860156 0.564063 0.007812 0.018750
0 0.867969 0.555469 0.007812 0.014063
0 0.877344 0.552344 0.010937 0.010937
0 0.885156 0.543750 0.007812 0.015625
0 0.895312 0.536719 0.009375 0.014063
0 0.339062 0.878125 0.015625 0.012500
0 0.098437 0.828125 0.018750 0.015625
0 0.246094 0.971875 0.010937 0.006250
0 0.254688 0.963281 0.009375 0.007812
0 0.261719 0.956250 0.010937 0.012500
0 0.280469 0.940625 0.010937 0.009375
0 0.288281 0.932813 0.014063 0.009375
0 0.297656 0.924219 0.010937 0.007812
0 0.306250 0.917969 0.015625 0.007812
0 0.319531 0.910156 0.014063 0.007812
0 0.325781 0.900781 0.014063 0.014063
0 0.336719 0.896094 0.014063 0.010937
0 0.258594 0.983594 0.010937 0.010937
0 0.268750 0.973437 0.009375 0.009375
0 0.278125 0.965625 0.009375 0.012500
0 0.293750 0.954688 0.009375 0.009375
0 0.307031 0.947656 0.010937 0.007812
0 0.313281 0.935937 0.010937 0.012500
0 0.322656 0.929688 0.010937 0.012500
0 0.339062 0.924219 0.012500 0.010937
0 0.349219 0.914062 0.010937 0.012500
0 0.240625 0.996094 0.012500 0.007812
