0 0.437500 0.256250 0.012500 0.025000
0 0.784375 0.127344 0.018750 0.029687
0 0.658594 0.139063 0.017188 0.021875
0 0.659375 0.212500 0.018750 0.025000
0 0.721875 0.192969 0.021875 0.029687
0 0.739062 0.190625 0.009375 0.025000
0 0.751563 0.190625 0.012500 0.021875
0 0.764844 0.189844 0.014063 0.029687
0 0.693750 0.212500 0.015625 0.021875
0 0.806250 0.158594 0.018750 0.014063
0 0.654687 0.068750 0.025000 0.012500
0 0.964063 0.755469 0.021875 0.014063
0 0.952344 0.746094 0.020313 0.010937
0 0.767188 0.792188 0.025000 0.009375
0 0.721094 0.809375 0.023438 0.009375
0 0.698438 0.825000 0.025000 0.012500
0 0.481250 0.621875 0.012500 0.021875
0 0.502344 0.624219 0.014063 0.020313
0 0.515625 0.625000 0.015625 0.025000
0 0.526563 0.628125 0.012500 0.025000
0 0.546094 0.625000 0.010937 0.025000
0 0.557813 0.625000 0.009375 0.025000
0 0.567969 0.627344 0.014063 0.020313
0 0.603125 0.690625 0.025000 0.012500
0 0.605469 0.703125 0.023438 0.009375
0 0.608594 0.715625 0.017188 0.012500
0 0.606250 0.743750 0.021875 0.009375
0 0.661719 0.725000 0.023438 0.012500
0 0.524219 0.677344 0.020313 0.007812
0 0.521875 0.685937 0.025000 0.006250
0 0.525000 0.700000 0.025000 0.009375
0 0.523438 0.715625 0.021875 0.009375
0 0.524219 0.725000 0.026562 0.012500
0 0.464844 0.703125 0.023438 0.009375
0 0.462500 0.746094 0.025000 0.010937
0 0.460938 0.764844 0.025000 0.014063
0 0.493750 0.785937 0.015625 0.025000
0 0.571875 0.854688 0.025000 0.015625
0 0.384375 0.774219 0.009375 0.014063
0 0.307812 0.799219 0.025000 0.010937
0 0.237500 0.768750 0.025000 0.006250
0 0.242188 0.778125 0.028125 0.009375
0 0.231250 0.830469 0.015625 0.020313
0 0.230469 0.859375 0.026562 0.012500
0 0.153125 0.893750 0.025000 0.018750
0 0.317969 0.865625 0.023438 0.009375
0 0.406250 0.907813 0.015625 0.018750
0 0.400000 0.927344 0.015625 0.017188
0 0.371875 0.918750 0.015625 0.025000
0 0.502344 0.968750 0.017188 0.018750
0 0.512500 0.968750 0.015625 0.021875
0 0.550000 0.964063 0.018750 0.025000
0 0.564844 0.961719 0.017188 0.026562
0 0.278125 0.955469 0.018750 0.017188
0 0.286719 0.943750 0.017188 0.018750
0 0.290625 0.936719 0.021875 0.014063
0 0.907813 0.699219 0.028125 0.010937
0 0.953125 0.712500 0.031250 0.015625
0 0.110937 0.845313 0.015625 0.018750
0 0.144531 0.842187 0.017188 0.018750
0 0.062500 0.835938 0.021875 0.012500
0 0.067969 0.846875 0.017188 0.015625
